4  -9.86000000  15.25000000   0.00000000 
5  -4.53000000   7.00000000   0.00000000 
13  -4.00000000  15.25000000   0.00000000 
14   1.33000000   7.00000000   0.00000000 
22   1.87000000  15.25000000   0.00000000 
23   7.20000000   7.00000000   0.00000000 
31   7.73000000  15.25000000   0.00000000 
826  -9.86000000  15.75000000  -0.35000000 
827  -4.00000000  15.75000000  -0.35000000 
828   1.87000000  15.75000000  -0.35000000 
829   7.73000000  15.75000000  -0.35000000 
881  -9.86000000  15.25000000  -0.35000000 
882  -4.00000000  15.25000000  -0.35000000 
883   1.87000000  15.25000000  -0.35000000 
884   7.73000000  15.25000000  -0.35000000 
936  -9.86000000  14.75000000  -0.35000000 
938   1.87000000  14.75000000  -0.35000000 
939   7.73000000  14.75000000  -0.35000000 
940  13.06000000  14.75000000  -0.35000000 
991  -4.53000000   7.50000000  -0.35000000 
992   1.33000000   7.50000000  -0.35000000 
993   7.20000000   7.50000000  -0.35000000 
1046  -4.53000000   7.00000000  -0.35000000 
1047   1.33000000   7.00000000  -0.35000000 
1048   7.20000000   7.00000000  -0.35000000 
1102   1.33000000   6.50000000  -0.35000000 
1103   7.20000000   6.50000000  -0.35000000 
1981  -9.86000000  15.75000000  -4.90000000 
1982  -4.00000000  15.75000000  -4.90000000 
1983   1.87000000  15.75000000  -4.90000000 
1984   7.73000000  15.75000000  -4.90000000 
2037  -4.00000000  15.25000000  -4.90000000 
2038   1.87000000  15.25000000  -4.90000000 
2039   7.73000000  15.25000000  -4.90000000 
2091  -9.86000000  14.75000000  -4.90000000 
2092  -4.00000000  14.75000000  -4.90000000 
2094   7.73000000  14.75000000  -4.90000000 
2146  -4.53000000   7.50000000  -4.90000000 
2147   1.33000000   7.50000000  -4.90000000 
2148   7.20000000   7.50000000  -4.90000000 
2201  -4.53000000   7.00000000  -4.90000000 
2202   1.33000000   7.00000000  -4.90000000 
2203   7.20000000   7.00000000  -4.90000000 
2256  -4.53000000   6.50000000  -4.90000000 
2258   7.20000000   6.50000000  -4.90000000 
3144  -9.86000000  15.25000000  -0.77000000 
3145  -4.00000000  15.25000000  -0.77000000 
3146   1.87000000  15.25000000  -0.77000000 
3147   7.73000000  15.25000000  -0.77000000 
3199  -9.86000000  15.25000000  -3.39000000 
3200  -4.00000000  15.25000000  -3.39000000 
3201   1.87000000  15.25000000  -3.39000000 
3202   7.73000000  15.25000000  -3.39000000 
3258  -9.86000000  15.25000000  -4.48000000 
3259  -4.00000000  15.25000000  -4.48000000 
3260   1.87000000  15.25000000  -4.48000000 
3313  -4.53000000   7.00000000  -0.77000000 
3314   1.33000000   7.00000000  -0.77000000 
3315   7.20000000   7.00000000  -0.77000000 
3368  -4.53000000   7.00000000  -3.39000000 
3370   7.20000000   7.00000000  -3.39000000 
3427  -4.53000000   7.00000000  -4.48000000 
3428   1.33000000   7.00000000  -4.48000000 
3429   7.20000000   7.00000000  -4.48000000 
4116  13.06000000  14.25000000  -4.48000000 
4151   7.73000000  16.25000000  -4.48000000 
4194  13.06000000  13.00000000  -4.48000000 
4195  13.06000000  11.75000000  -4.48000000 
4197  13.06000000   9.25000000  -4.48000000 
4332  13.06000000  14.25000000  -4.03000000 
4370  13.06000000  11.63000000  -2.85000000 
4371  13.06000000  11.13000000  -2.63000000 
4440  13.06000000  10.63000000  -2.41000000 
4475   7.73000000  16.25000000  -1.22000000 
4548  13.06000000  11.63000000  -2.41000000 
4584  13.06000000  10.63000000  -2.85000000 
4620  13.06000000   8.00000000  -4.03000000 
4662  13.06000000  13.72600000  -3.79400000 
4663  13.06000000  13.20200000  -3.55800000 
4665  13.06000000  12.15400000  -3.08600000 
4803   7.73000000  17.82800000  -1.93400000 
4804   7.73000000  17.30200000  -1.69600000 
4805   7.73000000  16.77600000  -1.45800000 
4806  13.06000000  10.10400000  -2.17200000 
4807  13.06000000   9.57800000  -1.93400000 
4808  13.06000000   9.05200000  -1.69600000 
4950  13.06000000  13.72600000  -1.45800000 
4951  13.06000000  13.20200000  -1.69600000 
4952  13.06000000  12.67800000  -1.93400000 
4953  13.06000000  12.15400000  -2.17200000 
5092   7.73000000  17.30200000  -3.55800000 
5094  13.06000000  10.10400000  -3.08600000 
5095  13.06000000   9.57800000  -3.32200000 
5096  13.06000000   9.05200000  -3.55800000 
5097  13.06000000   8.52600000  -3.79400000 
6990  -6.93000000  15.25000000   0.00000000 
6992  -7.19500000  11.12500000   0.00000000 
6993  -1.60000000   7.00000000   0.00000000 
6995  -1.86000000   2.87500000   0.00000000 
6997   4.00000000   2.87500000   0.00000000 
7012  -1.06500000  15.25000000   0.00000000 
7014   4.26500000   7.00000000   0.00000000 
7015   4.53500000  11.12500000   0.00000000 
7029   4.80000000  15.25000000   0.00000000 
7031  10.13000000   7.00000000   0.00000000 
7046  10.39500000  15.25000000   0.00000000 
7049  15.73000000  11.12500000   0.00000000 
8422  -9.86000000  15.50000000  -4.90000000 
8423  -6.93000000  15.25000000  -4.90000000 
8424  -4.00000000  15.50000000  -4.90000000 
8425  -6.93000000  15.75000000  -4.90000000 
8426  -1.06500000  15.25000000  -4.90000000 
8427   1.87000000  15.50000000  -4.90000000 
8429   4.80000000  15.25000000  -4.90000000 
8430   7.73000000  15.50000000  -4.90000000 
8431   4.80000000  15.75000000  -4.90000000 
8432  10.39500000  15.25000000  -4.90000000 
8581  -9.86000000  15.00000000  -4.90000000 
8582  -6.93000000  14.75000000  -4.90000000 
8583  -4.00000000  15.00000000  -4.90000000 
8584  -1.06500000  14.75000000  -4.90000000 
8585   1.87000000  15.00000000  -4.90000000 
8587   7.73000000  15.00000000  -4.90000000 
8588  10.39500000  14.75000000  -4.90000000 
8688  -4.53000000   7.25000000  -4.90000000 
8689  -1.60000000   7.00000000  -4.90000000 
8690   1.33000000   7.25000000  -4.90000000 
8691  -1.60000000   7.50000000  -4.90000000 
8692   4.26500000   7.00000000  -4.90000000 
8694   4.26500000   7.50000000  -4.90000000 
8695  10.13000000   7.00000000  -4.90000000 
8697  10.13000000   7.50000000  -4.90000000 
8847  -4.53000000   6.75000000  -4.90000000 
8848  -1.60000000   6.50000000  -4.90000000 
8849   1.33000000   6.75000000  -4.90000000 
8850   4.26500000   6.50000000  -4.90000000 
8852  10.13000000   6.50000000  -4.90000000 
10309  -9.86000000  15.50000000  -0.35000000 
10311  -4.00000000  15.50000000  -0.35000000 
10312  -6.93000000  15.75000000  -0.35000000 
10313  -1.06500000  15.25000000  -0.35000000 
10314   1.87000000  15.50000000  -0.35000000 
10315  -1.06500000  15.75000000  -0.35000000 
10317   7.73000000  15.50000000  -0.35000000 
10318   4.80000000  15.75000000  -0.35000000 
10319  10.39500000  15.25000000  -0.35000000 
10469  -6.93000000  14.75000000  -0.35000000 
10470  -4.00000000  15.00000000  -0.35000000 
10471  -1.06500000  14.75000000  -0.35000000 
10472   1.87000000  15.00000000  -0.35000000 
10473   4.80000000  14.75000000  -0.35000000 
10475  10.39500000  14.75000000  -0.35000000 
10476  13.06000000  15.00000000  -0.35000000 
10576  -1.60000000   7.00000000  -0.35000000 
10577   1.33000000   7.25000000  -0.35000000 
10578  -1.60000000   7.50000000  -0.35000000 
10579   4.26500000   7.00000000  -0.35000000 
10580   7.20000000   7.25000000  -0.35000000 
10582  10.13000000   7.00000000  -0.35000000 
10584  10.13000000   7.50000000  -0.35000000 
10734  -4.53000000   6.75000000  -0.35000000 
10735  -1.60000000   6.50000000  -0.35000000 
10736   1.33000000   6.75000000  -0.35000000 
10737   4.26500000   6.50000000  -0.35000000 
10738   7.20000000   6.75000000  -0.35000000 
12424  -9.86000000  15.25000000  -0.56000000 
12425  -6.93000000  15.25000000  -0.77000000 
12427  -1.06500000  15.25000000  -0.77000000 
12428   1.87000000  15.25000000  -0.56000000 
12429   4.80000000  15.25000000  -0.77000000 
12430   7.73000000  15.25000000  -0.56000000 
12431  10.39500000  15.25000000  -0.77000000 
12531  -9.86000000  15.25000000  -2.08000000 
12532  -6.93000000  15.25000000  -3.39000000 
12534  -1.06500000  15.25000000  -3.39000000 
12535   1.87000000  15.25000000  -2.08000000 
12536   4.80000000  15.25000000  -3.39000000 
12537   7.73000000  15.25000000  -2.08000000 
12538  10.39500000  15.25000000  -3.39000000 
12679  -4.00000000  15.25000000  -3.93500000 
12680  -6.93000000  15.25000000  -4.48000000 
12681   1.87000000  15.25000000  -3.93500000 
12682  -1.06500000  15.25000000  -4.48000000 
12683   7.73000000  15.25000000  -3.93500000 
12684   4.80000000  15.25000000  -4.48000000 
12686  10.39500000  15.25000000  -4.48000000 
12749  -9.86000000  15.25000000  -4.69000000 
12750  -4.00000000  15.25000000  -4.69000000 
12751   1.87000000  15.25000000  -4.69000000 
12752   7.73000000  15.25000000  -4.69000000 
12804  -4.53000000   7.00000000  -0.56000000 
12806   1.33000000   7.00000000  -0.56000000 
12807   4.26500000   7.00000000  -0.77000000 
12808   7.20000000   7.00000000  -0.56000000 
12809  10.13000000   7.00000000  -0.77000000 
12911  -4.53000000   7.00000000  -2.08000000 
12913   1.33000000   7.00000000  -2.08000000 
12914   4.26500000   7.00000000  -3.39000000 
12915   7.20000000   7.00000000  -2.08000000 
12916  10.13000000   7.00000000  -3.39000000 
13058  -4.53000000   7.00000000  -3.93500000 
13059   1.33000000   7.00000000  -3.93500000 
13060  -1.60000000   7.00000000  -4.48000000 
13061   7.20000000   7.00000000  -3.93500000 
13062   4.26500000   7.00000000  -4.48000000 
13129  -4.53000000   7.00000000  -4.69000000 
13130   1.33000000   7.00000000  -4.69000000 
13131   7.20000000   7.00000000  -4.69000000 
14989  -9.86000000  15.75000000  -0.77000000 
14991  -9.86000000  15.75000000  -0.56000000 
14992   7.73000000  15.75000000  -0.77000000 
14993   7.73000000  15.50000000  -0.77000000 
14994   7.73000000  15.75000000  -0.56000000 
15037  -9.86000000  14.75000000  -0.77000000 
15038  -9.86000000  14.75000000  -0.56000000 
15039  -9.86000000  15.00000000  -0.77000000 
15041  13.06000000  14.75000000  -0.56000000 
15042  13.06000000  15.00000000  -0.77000000 
15086  -9.86000000  15.50000000  -3.39000000 
15087  -9.86000000  15.75000000  -2.08000000 
15088   7.73000000  15.75000000  -3.39000000 
15089   7.73000000  15.50000000  -3.39000000 
15090   7.73000000  15.75000000  -2.08000000 
15133  -9.86000000  14.75000000  -3.39000000 
15134  -9.86000000  14.75000000  -2.08000000 
15136  13.06000000  14.75000000  -3.39000000 
15137  13.06000000  14.75000000  -2.08000000 
15181  -9.86000000  15.75000000  -4.48000000 
15182  -9.86000000  15.50000000  -4.48000000 
15183  -9.86000000  15.75000000  -3.93500000 
15184   7.73000000  15.75000000  -4.48000000 
15185   7.73000000  15.50000000  -4.48000000 
15229  -9.86000000  14.75000000  -4.48000000 
15231  -9.86000000  15.00000000  -4.48000000 
15277  -9.86000000  15.75000000  -4.69000000 
15278   7.73000000  15.75000000  -4.69000000 
15309  -4.53000000   7.50000000  -0.77000000 
15310  -4.53000000   7.25000000  -0.77000000 
15311  -4.53000000   7.50000000  -0.56000000 
15357  -4.53000000   6.50000000  -0.77000000 
15358  -4.53000000   6.50000000  -0.56000000 
15359  -4.53000000   6.75000000  -0.77000000 
15405  -4.53000000   7.50000000  -3.39000000 
15406  -4.53000000   7.25000000  -3.39000000 
15453  -4.53000000   6.50000000  -3.39000000 
15454  -4.53000000   6.50000000  -2.08000000 
15455  -4.53000000   6.75000000  -3.39000000 
15502  -4.53000000   7.25000000  -4.48000000 
15503  -4.53000000   7.50000000  -3.93500000 
15549  -4.53000000   6.50000000  -4.48000000 
15550  -4.53000000   6.50000000  -3.93500000 
15551  -4.53000000   6.75000000  -4.48000000 
15597  -4.53000000   7.50000000  -4.69000000 
15613  -4.53000000   6.50000000  -4.69000000 
40  13.06000000  15.25000000   0.00000000 
937  -4.00000000  14.75000000  -0.35000000 
1101  -4.53000000   6.50000000  -0.35000000 
2036  -9.86000000  15.25000000  -4.90000000 
2093   1.87000000  14.75000000  -4.90000000 
2257   1.33000000   6.50000000  -4.90000000 
3261   7.73000000  15.25000000  -4.48000000 
3369   1.33000000   7.00000000  -3.39000000 
4152  13.06000000   8.00000000  -4.48000000 
4196  13.06000000  10.50000000  -4.48000000 
4512  13.06000000  14.25000000  -1.22000000 
4619   7.73000000  16.25000000  -4.03000000 
4664  13.06000000  12.67800000  -3.32200000 
4809  13.06000000   8.52600000  -1.45800000 
5093   7.73000000  16.77600000  -3.79400000 
6994  -1.33500000  11.12500000   0.00000000 
7013  -0.79500000  19.37500000   0.00000000 
7032  10.39500000  11.12500000   0.00000000 
8428  -1.06500000  15.75000000  -4.90000000 
8434  10.39500000  15.75000000  -4.90000000 
8586   4.80000000  14.75000000  -4.90000000 
8693   7.20000000   7.25000000  -4.90000000 
8851   7.20000000   6.75000000  -4.90000000 
10310  -6.93000000  15.25000000  -0.35000000 
10316   4.80000000  15.25000000  -0.35000000 
10321  10.39500000  15.75000000  -0.35000000 
10468  -9.86000000  15.00000000  -0.35000000 
10474   7.73000000  15.00000000  -0.35000000 
10575  -4.53000000   7.25000000  -0.35000000 
10581   4.26500000   7.50000000  -0.35000000 
10739  10.13000000   6.50000000  -0.35000000 
12426  -4.00000000  15.25000000  -0.56000000 
12533  -4.00000000  15.25000000  -2.08000000 
12678  -9.86000000  15.25000000  -3.93500000 
12805  -1.60000000   7.00000000  -0.77000000 
12912  -1.60000000   7.00000000  -3.39000000 
13064  10.13000000   7.00000000  -4.48000000 
14990  -9.86000000  15.50000000  -0.77000000 
15040  13.06000000  14.75000000  -0.77000000 
15085  -9.86000000  15.75000000  -3.39000000 
15135  -9.86000000  15.00000000  -3.39000000 
15186   7.73000000  15.75000000  -3.93500000 
15230  -9.86000000  14.75000000  -3.93500000 
15293  -9.86000000  14.75000000  -4.69000000 
15407  -4.53000000   7.50000000  -2.08000000 
15501  -4.53000000   7.50000000  -4.48000000