6   0.81000000  -1.25000000   0.00000000 
1156   0.81000000  -0.75000000  -0.35000000 
1157   6.67000000  -0.75000000  -0.35000000 
1211   0.81000000  -1.25000000  -0.35000000 
1212   6.67000000  -1.25000000  -0.35000000 
1267   6.67000000  -1.75000000  -0.35000000 
2311   0.81000000  -0.75000000  -4.90000000 
2312   6.67000000  -0.75000000  -4.90000000 
2366   0.81000000  -1.25000000  -4.90000000 
2367   6.67000000  -1.25000000  -4.90000000 
2422   6.67000000  -1.75000000  -4.90000000 
2476   6.14000000  -9.00000000  -4.90000000 
3483   6.67000000  -1.25000000  -0.77000000 
3537   0.81000000  -1.25000000  -3.39000000 
3538   6.67000000  -1.25000000  -3.39000000 
3597   6.67000000  -1.25000000  -4.48000000 
6996   3.74000000  -1.25000000   0.00000000 
6998   3.47500000  -5.37500000   0.00000000 
7016   9.60500000  -1.25000000   0.00000000 
7017   9.87000000   2.87500000   0.00000000 
8954   0.81000000  -1.00000000  -4.90000000 
8955   3.74000000  -1.25000000  -4.90000000 
8956   6.67000000  -1.00000000  -4.90000000 
8957   3.74000000  -0.75000000  -4.90000000 
8960   9.60500000  -0.75000000  -4.90000000 
9113   0.81000000  -1.50000000  -4.90000000 
9114   3.74000000  -1.75000000  -4.90000000 
9115   6.67000000  -1.50000000  -4.90000000 
10841   0.81000000  -1.00000000  -0.35000000 
10842   3.74000000  -1.25000000  -0.35000000 
10843   6.67000000  -1.00000000  -0.35000000 
10844   3.74000000  -0.75000000  -0.35000000 
10845   9.60500000  -1.25000000  -0.35000000 
11000   0.81000000  -1.50000000  -0.35000000 
11001   3.74000000  -1.75000000  -0.35000000 
11002   6.67000000  -1.50000000  -0.35000000 
11003   9.60500000  -1.75000000  -0.35000000 
13185   3.74000000  -1.25000000  -0.77000000 
13186   6.67000000  -1.25000000  -0.56000000 
13187   9.60500000  -1.25000000  -0.77000000 
13292   3.74000000  -1.25000000  -3.39000000 
13293   6.67000000  -1.25000000  -2.08000000 
13294   9.60500000  -1.25000000  -3.39000000 
13438   0.81000000  -1.25000000  -3.93500000 
13439   6.67000000  -1.25000000  -3.93500000 
13440   3.74000000  -1.25000000  -4.48000000 
13509   0.81000000  -1.25000000  -4.69000000 
13510   6.67000000  -1.25000000  -4.69000000 
15629   0.81000000  -0.75000000  -0.77000000 
15630   0.81000000  -1.00000000  -0.77000000 
15631   0.81000000  -0.75000000  -0.56000000 
15677   0.81000000  -1.75000000  -0.77000000 
15679   0.81000000  -1.50000000  -0.77000000 
15725   0.81000000  -0.75000000  -3.39000000 
15726   0.81000000  -1.00000000  -3.39000000 
15727   0.81000000  -0.75000000  -2.08000000 
15774   0.81000000  -1.75000000  -2.08000000 
15775   0.81000000  -1.50000000  -3.39000000 
15821   0.81000000  -0.75000000  -4.48000000 
15822   0.81000000  -1.00000000  -4.48000000 
15823   0.81000000  -0.75000000  -3.93500000 
15869   0.81000000  -1.75000000  -4.48000000 
15870   0.81000000  -1.75000000  -3.93500000 
15871   0.81000000  -1.50000000  -4.48000000 
15917   0.81000000  -0.75000000  -4.69000000 
15933   0.81000000  -1.75000000  -4.69000000 
15949   6.14000000  -9.00000000  -0.77000000 
15951   6.14000000  -9.00000000  -0.56000000 
16047   6.14000000  -9.00000000  -2.08000000 
16141   6.14000000  -9.00000000  -4.48000000 
16143   6.14000000  -9.00000000  -3.93500000 
16237   6.14000000  -9.00000000  -4.69000000 
15   6.67000000  -1.25000000   0.00000000 
1266   0.81000000  -1.75000000  -0.35000000 
1321   6.14000000  -9.00000000  -0.35000000 
2421   0.81000000  -1.75000000  -4.90000000 
3482   0.81000000  -1.25000000  -0.77000000 
3596   0.81000000  -1.25000000  -4.48000000 
7000   9.33500000  -5.37500000   0.00000000 
8958   9.60500000  -1.25000000  -4.90000000 
9116   9.60500000  -1.75000000  -4.90000000 
10739  10.13000000   6.50000000  -0.35000000 
10847   9.60500000  -0.75000000  -0.35000000 
13184   0.81000000  -1.25000000  -0.56000000 
13291   0.81000000  -1.25000000  -2.08000000 
13442   9.60500000  -1.25000000  -4.48000000 
15678   0.81000000  -1.75000000  -0.56000000 
15773   0.81000000  -1.75000000  -3.39000000 
16045   6.14000000  -9.00000000  -3.39000000