5 -4.53 7.0 0.0  ;
6 0.81 -1.25 0.0  ;
991 -4.53 7.5 -0.35  ;
1046 -4.53 7.0 -0.35  ;
1156 0.81 -0.75 -0.35  ;
1211 0.81 -1.25 -0.35  ;
3313 -4.53 7.0 -0.77  ;
3368 -4.53 7.0 -3.39  ;
6995 -1.86 2.875 0.0  ;
10734 -4.53 6.75 -0.35  ;
10841 0.81 -1.0 -0.35  ;
11000 0.81 -1.5 -0.35  ;
12804 -4.53 7.0 -0.56  ;
12911 -4.53 7.0 -2.08  ;
13058 -4.53 7.0 -3.935  ;
15309 -4.53 7.5 -0.77  ;
15310 -4.53 7.25 -0.77  ;
15311 -4.53 7.5 -0.56  ;
15357 -4.53 6.5 -0.77  ;
15358 -4.53 6.5 -0.56  ;
15359 -4.53 6.75 -0.77  ;
15406 -4.53 7.25 -3.39  ;
15453 -4.53 6.5 -3.39  ;
15454 -4.53 6.5 -2.08  ;
15455 -4.53 6.75 -3.39  ;
15549 -4.53 6.5 -4.48  ;
15550 -4.53 6.5 -3.935  ;
15551 -4.53 6.75 -4.48  ;
15613 -4.53 6.5 -4.69  ;
15629 0.81 -0.75 -0.77  ;
15630 0.81 -1.0 -0.77  ;
15631 0.81 -0.75 -0.56  ;
15677 0.81 -1.75 -0.77  ;
15679 0.81 -1.5 -0.77  ;
15774 0.81 -1.75 -2.08  ;
1101 -4.53 6.5 -0.35  ;
1266 0.81 -1.75 -0.35  ;
3482 0.81 -1.25 -0.77  ;
10575 -4.53 7.25 -0.35  ;
13184 0.81 -1.25 -0.56  ;
13291 0.81 -1.25 -2.08  ;
15407 -4.53 7.5 -2.08  ;
15678 0.81 -1.75 -0.56  ;
