4 -9.86 15.25 0.0  ;
5 -4.53 7.0 0.0  ;
826 -9.86 15.75 -0.35  ;
881 -9.86 15.25 -0.35  ;
936 -9.86 14.75 -0.35  ;
991 -4.53 7.5 -0.35  ;
1046 -4.53 7.0 -0.35  ;
2091 -9.86 14.75 -4.9  ;
3144 -9.86 15.25 -0.77  ;
3199 -9.86 15.25 -3.39  ;
3258 -9.86 15.25 -4.48  ;
3313 -4.53 7.0 -0.77  ;
6992 -7.195 11.125 0.0  ;
8581 -9.86 15.0 -4.9  ;
10309 -9.86 15.5 -0.35  ;
10734 -4.53 6.75 -0.35  ;
12424 -9.86 15.25 -0.56  ;
12531 -9.86 15.25 -2.08  ;
12749 -9.86 15.25 -4.69  ;
12804 -4.53 7.0 -0.56  ;
12911 -4.53 7.0 -2.08  ;
14989 -9.86 15.75 -0.77  ;
14991 -9.86 15.75 -0.56  ;
15037 -9.86 14.75 -0.77  ;
15038 -9.86 14.75 -0.56  ;
15039 -9.86 15.0 -0.77  ;
15086 -9.86 15.5 -3.39  ;
15087 -9.86 15.75 -2.08  ;
15133 -9.86 14.75 -3.39  ;
15134 -9.86 14.75 -2.08  ;
15182 -9.86 15.5 -4.48  ;
15183 -9.86 15.75 -3.935  ;
15229 -9.86 14.75 -4.48  ;
15231 -9.86 15.0 -4.48  ;
15309 -4.53 7.5 -0.77  ;
15310 -4.53 7.25 -0.77  ;
15311 -4.53 7.5 -0.56  ;
15357 -4.53 6.5 -0.77  ;
15358 -4.53 6.5 -0.56  ;
15359 -4.53 6.75 -0.77  ;
15453 -4.53 6.5 -3.39  ;
15454 -4.53 6.5 -2.08  ;
1101 -4.53 6.5 -0.35  ;
2036 -9.86 15.25 -4.9  ;
10468 -9.86 15.0 -0.35  ;
10575 -4.53 7.25 -0.35  ;
12678 -9.86 15.25 -3.935  ;
14990 -9.86 15.5 -0.77  ;
15085 -9.86 15.75 -3.39  ;
15135 -9.86 15.0 -3.39  ;
15230 -9.86 14.75 -3.935  ;
15293 -9.86 14.75 -4.69  ;
15407 -4.53 7.5 -2.08  ;
