4 -9.86 15.25 0.0  ;
5 -4.53 7.0 0.0  ;
881 -9.86 15.25 -0.35  ;
936 -9.86 14.75 -0.35  ;
991 -4.53 7.5 -0.35  ;
1046 -4.53 7.0 -0.35  ;
3144 -9.86 15.25 -0.77  ;
3199 -9.86 15.25 -3.39  ;
3313 -4.53 7.0 -0.77  ;
6992 -7.195 11.125 0.0  ;
10734 -4.53 6.75 -0.35  ;
12424 -9.86 15.25 -0.56  ;
12531 -9.86 15.25 -2.08  ;
12804 -4.53 7.0 -0.56  ;
12911 -4.53 7.0 -2.08  ;
15037 -9.86 14.75 -0.77  ;
15038 -9.86 14.75 -0.56  ;
15039 -9.86 15.0 -0.77  ;
15133 -9.86 14.75 -3.39  ;
15134 -9.86 14.75 -2.08  ;
15229 -9.86 14.75 -4.48  ;
15310 -4.53 7.25 -0.77  ;
15311 -4.53 7.5 -0.56  ;
15357 -4.53 6.5 -0.77  ;
15358 -4.53 6.5 -0.56  ;
15359 -4.53 6.75 -0.77  ;
15454 -4.53 6.5 -2.08  ;
1101 -4.53 6.5 -0.35  ;
10468 -9.86 15.0 -0.35  ;
10575 -4.53 7.25 -0.35  ;
12678 -9.86 15.25 -3.935  ;
15135 -9.86 15.0 -3.39  ;
15230 -9.86 14.75 -3.935  ;
15293 -9.86 14.75 -4.69  ;
