6 0.81 -1.25 0.0  ;
1156 0.81 -0.75 -0.35  ;
1211 0.81 -1.25 -0.35  ;
6998 3.475 -5.375 0.0  ;
10841 0.81 -1.0 -0.35  ;
11000 0.81 -1.5 -0.35  ;
15629 0.81 -0.75 -0.77  ;
15630 0.81 -1.0 -0.77  ;
15631 0.81 -0.75 -0.56  ;
15677 0.81 -1.75 -0.77  ;
15679 0.81 -1.5 -0.77  ;
15774 0.81 -1.75 -2.08  ;
15775 0.81 -1.5 -3.39  ;
15870 0.81 -1.75 -3.935  ;
1266 0.81 -1.75 -0.35  ;
3482 0.81 -1.25 -0.77  ;
13184 0.81 -1.25 -0.56  ;
13291 0.81 -1.25 -2.08  ;
15678 0.81 -1.75 -0.56  ;
15773 0.81 -1.75 -3.39  ;
