6 0.81 -1.25 0.0  ;
1211 0.81 -1.25 -0.35  ;
6995 -1.86 2.875 0.0  ;
10734 -4.53 6.75 -0.35  ;
11000 0.81 -1.5 -0.35  ;
15357 -4.53 6.5 -0.77  ;
15358 -4.53 6.5 -0.56  ;
15359 -4.53 6.75 -0.77  ;
15453 -4.53 6.5 -3.39  ;
15454 -4.53 6.5 -2.08  ;
15455 -4.53 6.75 -3.39  ;
15550 -4.53 6.5 -3.935  ;
15677 0.81 -1.75 -0.77  ;
15679 0.81 -1.5 -0.77  ;
15774 0.81 -1.75 -2.08  ;
1101 -4.53 6.5 -0.35  ;
1266 0.81 -1.75 -0.35  ;
3482 0.81 -1.25 -0.77  ;
13184 0.81 -1.25 -0.56  ;
15678 0.81 -1.75 -0.56  ;
