6 0.81 -1.25 0.0  ;
14 1.33 7.0 0.0  ;
992 1.33 7.5 -0.35  ;
1047 1.33 7.0 -0.35  ;
1102 1.33 6.5 -0.35  ;
1156 0.81 -0.75 -0.35  ;
1211 0.81 -1.25 -0.35  ;
2147 1.33 7.5 -4.9  ;
2202 1.33 7.0 -4.9  ;
2311 0.81 -0.75 -4.9  ;
2366 0.81 -1.25 -4.9  ;
3314 1.33 7.0 -0.77  ;
3428 1.33 7.0 -4.48  ;
3537 0.81 -1.25 -3.39  ;
6993 -1.6 7.0 0.0  ;
6995 -1.86 2.875 0.0  ;
6996 3.74 -1.25 0.0  ;
6997 4.0 2.875 0.0  ;
7014 4.265 7.0 0.0  ;
8689 -1.6 7.0 -4.9  ;
8690 1.33 7.25 -4.9  ;
8691 -1.6 7.5 -4.9  ;
8848 -1.6 6.5 -4.9  ;
8849 1.33 6.75 -4.9  ;
8954 0.81 -1.0 -4.9  ;
8955 3.74 -1.25 -4.9  ;
8957 3.74 -0.75 -4.9  ;
9113 0.81 -1.5 -4.9  ;
9114 3.74 -1.75 -4.9  ;
10576 -1.6 7.0 -0.35  ;
10577 1.33 7.25 -0.35  ;
10578 -1.6 7.5 -0.35  ;
10579 4.265 7.0 -0.35  ;
10735 -1.6 6.5 -0.35  ;
10736 1.33 6.75 -0.35  ;
10737 4.265 6.5 -0.35  ;
10841 0.81 -1.0 -0.35  ;
10842 3.74 -1.25 -0.35  ;
10844 3.74 -0.75 -0.35  ;
11000 0.81 -1.5 -0.35  ;
11001 3.74 -1.75 -0.35  ;
12806 1.33 7.0 -0.56  ;
12807 4.265 7.0 -0.77  ;
12913 1.33 7.0 -2.08  ;
13059 1.33 7.0 -3.935  ;
13060 -1.6 7.0 -4.48  ;
13130 1.33 7.0 -4.69  ;
13185 3.74 -1.25 -0.77  ;
13292 3.74 -1.25 -3.39  ;
13438 0.81 -1.25 -3.935  ;
13440 3.74 -1.25 -4.48  ;
13509 0.81 -1.25 -4.69  ;
15629 0.81 -0.75 -0.77  ;
15630 0.81 -1.0 -0.77  ;
15631 0.81 -0.75 -0.56  ;
15677 0.81 -1.75 -0.77  ;
15679 0.81 -1.5 -0.77  ;
15725 0.81 -0.75 -3.39  ;
15726 0.81 -1.0 -3.39  ;
15727 0.81 -0.75 -2.08  ;
15774 0.81 -1.75 -2.08  ;
15775 0.81 -1.5 -3.39  ;
15821 0.81 -0.75 -4.48  ;
15822 0.81 -1.0 -4.48  ;
15823 0.81 -0.75 -3.935  ;
15869 0.81 -1.75 -4.48  ;
15870 0.81 -1.75 -3.935  ;
15871 0.81 -1.5 -4.48  ;
15917 0.81 -0.75 -4.69  ;
15933 0.81 -1.75 -4.69  ;
1266 0.81 -1.75 -0.35  ;
2257 1.33 6.5 -4.9  ;
2421 0.81 -1.75 -4.9  ;
3369 1.33 7.0 -3.39  ;
3482 0.81 -1.25 -0.77  ;
3596 0.81 -1.25 -4.48  ;
6994 -1.335 11.125 0.0  ;
10581 4.265 7.5 -0.35  ;
12805 -1.6 7.0 -0.77  ;
12912 -1.6 7.0 -3.39  ;
13184 0.81 -1.25 -0.56  ;
13291 0.81 -1.25 -2.08  ;
15678 0.81 -1.75 -0.56  ;
15773 0.81 -1.75 -3.39  ;
