39 48 1.0
38 48 1.0
37 52 1.0
36 43 0.8958333333333334
34 48 1.0
33 48 1.0
32 445 0.3313477289650037
31 915 0.3409090909090909
30 499 0.372110365398956
29 387 0.43288590604026844
28 662 0.4936614466815809
27 496 0.5541899441340782
26 1658 0.6172747580044676
59 128 0.4429065743944637
58 306 1.0
57 50 0.18382352941176472
56 238 1.0
55 238 1.0
54 118 0.022264150943396226
53 4266 0.8049056603773584
51 7992 0.3737723318679263
50 17513 0.8185939983172852
49 1014 0.04739425099322272
47 4947 0.8046519193233572
