3 -15.19 23.5 0.0  ;
4 -9.86 15.25 0.0  ;
12 -9.33 23.5 0.0  ;
13 -4.0 15.25 0.0  ;
30 2.4 23.5 0.0  ;
661 -15.19 24.0 -0.35  ;
662 -9.33 24.0 -0.35  ;
663 -3.46 24.0 -0.35  ;
664 2.4 24.0 -0.35  ;
717 -9.33 23.5 -0.35  ;
718 -3.46 23.5 -0.35  ;
719 2.4 23.5 -0.35  ;
771 -15.19 23.0 -0.35  ;
772 -9.33 23.0 -0.35  ;
774 2.4 23.0 -0.35  ;
826 -9.86 15.75 -0.35  ;
827 -4.0 15.75 -0.35  ;
828 1.87 15.75 -0.35  ;
881 -9.86 15.25 -0.35  ;
882 -4.0 15.25 -0.35  ;
936 -9.86 14.75 -0.35  ;
1816 -15.19 24.0 -4.9  ;
1817 -9.33 24.0 -4.9  ;
1818 -3.46 24.0 -4.9  ;
1871 -15.19 23.5 -4.9  ;
1873 -3.46 23.5 -4.9  ;
1926 -15.19 23.0 -4.9  ;
1927 -9.33 23.0 -4.9  ;
1928 -3.46 23.0 -4.9  ;
1981 -9.86 15.75 -4.9  ;
1982 -4.0 15.75 -4.9  ;
1983 1.87 15.75 -4.9  ;
2037 -4.0 15.25 -4.9  ;
2091 -9.86 14.75 -4.9  ;
2092 -4.0 14.75 -4.9  ;
2975 -15.19 23.5 -0.77  ;
2976 -9.33 23.5 -0.77  ;
2978 2.4 23.5 -0.77  ;
3030 -15.19 23.5 -3.39  ;
3031 -9.33 23.5 -3.39  ;
3032 -3.46 23.5 -3.39  ;
3033 2.4 23.5 -3.39  ;
3089 -15.19 23.5 -4.48  ;
3090 -9.33 23.5 -4.48  ;
3092 2.4 23.5 -4.48  ;
3144 -9.86 15.25 -0.77  ;
3145 -4.0 15.25 -0.77  ;
3199 -9.86 15.25 -3.39  ;
3200 -4.0 15.25 -3.39  ;
3258 -9.86 15.25 -4.48  ;
3259 -4.0 15.25 -4.48  ;
4191 7.73 20.0 -4.48  ;
4368 7.73 19.88 -2.85  ;
4547 7.73 19.88 -2.41  ;
4660 7.73 20.928 -3.322  ;
4661 7.73 20.404 -3.086  ;
4949 7.73 20.404 -2.172  ;
6987 -12.26 23.5 0.0  ;
6989 -12.525 19.375 0.0  ;
6990 -6.93 15.25 0.0  ;
6991 -6.665 19.375 0.0  ;
6992 -7.195 11.125 0.0  ;
7010 -6.395 23.5 0.0  ;
7011 -6.13 27.625 0.0  ;
7012 -1.065 15.25 0.0  ;
7027 -0.53 23.5 0.0  ;
7030 5.065 19.375 0.0  ;
8157 -12.26 23.5 -4.9  ;
8158 -9.33 23.75 -4.9  ;
8159 -12.26 24.0 -4.9  ;
8160 -6.395 23.5 -4.9  ;
8163 -0.53 23.5 -4.9  ;
8165 -0.53 24.0 -4.9  ;
8315 -15.19 23.25 -4.9  ;
8316 -12.26 23.0 -4.9  ;
8317 -9.33 23.25 -4.9  ;
8318 -6.395 23.0 -4.9  ;
8319 -3.46 23.25 -4.9  ;
8321 2.4 23.25 -4.9  ;
8422 -9.86 15.5 -4.9  ;
8423 -6.93 15.25 -4.9  ;
8424 -4.0 15.5 -4.9  ;
8425 -6.93 15.75 -4.9  ;
8426 -1.065 15.25 -4.9  ;
8581 -9.86 15.0 -4.9  ;
8582 -6.93 14.75 -4.9  ;
8583 -4.0 15.0 -4.9  ;
8584 -1.065 14.75 -4.9  ;
10043 -15.19 23.75 -0.35  ;
10044 -12.26 23.5 -0.35  ;
10046 -12.26 24.0 -0.35  ;
10047 -6.395 23.5 -0.35  ;
10048 -3.46 23.75 -0.35  ;
10049 -6.395 24.0 -0.35  ;
10050 -0.53 23.5 -0.35  ;
10052 -0.53 24.0 -0.35  ;
10203 -12.26 23.0 -0.35  ;
10204 -9.33 23.25 -0.35  ;
10205 -6.395 23.0 -0.35  ;
10206 -3.46 23.25 -0.35  ;
10207 -0.53 23.0 -0.35  ;
10208 2.4 23.25 -0.35  ;
10309 -9.86 15.5 -0.35  ;
10311 -4.0 15.5 -0.35  ;
10312 -6.93 15.75 -0.35  ;
10313 -1.065 15.25 -0.35  ;
10315 -1.065 15.75 -0.35  ;
10469 -6.93 14.75 -0.35  ;
10470 -4.0 15.0 -0.35  ;
10471 -1.065 14.75 -0.35  ;
12044 -15.19 23.5 -0.56  ;
12045 -12.26 23.5 -0.77  ;
12046 -9.33 23.5 -0.56  ;
12048 -3.46 23.5 -0.56  ;
12049 -0.53 23.5 -0.77  ;
12050 2.4 23.5 -0.56  ;
12151 -15.19 23.5 -2.08  ;
12152 -12.26 23.5 -3.39  ;
12153 -9.33 23.5 -2.08  ;
12155 -3.46 23.5 -2.08  ;
12156 -0.53 23.5 -3.39  ;
12157 2.4 23.5 -2.08  ;
12298 -15.19 23.5 -3.935  ;
12300 -12.26 23.5 -4.48  ;
12301 -3.46 23.5 -3.935  ;
12302 -6.395 23.5 -4.48  ;
12303 2.4 23.5 -3.935  ;
12304 -0.53 23.5 -4.48  ;
12370 -9.33 23.5 -4.69  ;
12371 -3.46 23.5 -4.69  ;
12424 -9.86 15.25 -0.56  ;
12425 -6.93 15.25 -0.77  ;
12427 -1.065 15.25 -0.77  ;
12531 -9.86 15.25 -2.08  ;
12532 -6.93 15.25 -3.39  ;
12534 -1.065 15.25 -3.39  ;
12679 -4.0 15.25 -3.935  ;
12680 -6.93 15.25 -4.48  ;
12682 -1.065 15.25 -4.48  ;
12749 -9.86 15.25 -4.69  ;
12750 -4.0 15.25 -4.69  ;
14669 -15.19 24.0 -0.77  ;
14670 -15.19 23.75 -0.77  ;
14671 -15.19 24.0 -0.56  ;
14672 2.4 24.0 -0.77  ;
14673 2.4 23.75 -0.77  ;
14717 -15.19 23.0 -0.77  ;
14719 -15.19 23.25 -0.77  ;
14765 -15.19 24.0 -3.39  ;
14766 -15.19 23.75 -3.39  ;
14767 -15.19 24.0 -2.08  ;
14814 -15.19 23.0 -2.08  ;
14815 -15.19 23.25 -3.39  ;
14861 -15.19 24.0 -4.48  ;
14862 -15.19 23.75 -4.48  ;
14863 -15.19 24.0 -3.935  ;
14909 -15.19 23.0 -4.48  ;
14910 -15.19 23.0 -3.935  ;
14911 -15.19 23.25 -4.48  ;
14957 -15.19 24.0 -4.69  ;
14973 -15.19 23.0 -4.69  ;
14989 -9.86 15.75 -0.77  ;
14991 -9.86 15.75 -0.56  ;
15037 -9.86 14.75 -0.77  ;
15038 -9.86 14.75 -0.56  ;
15039 -9.86 15.0 -0.77  ;
15086 -9.86 15.5 -3.39  ;
15087 -9.86 15.75 -2.08  ;
15133 -9.86 14.75 -3.39  ;
15134 -9.86 14.75 -2.08  ;
15181 -9.86 15.75 -4.48  ;
15182 -9.86 15.5 -4.48  ;
15183 -9.86 15.75 -3.935  ;
15229 -9.86 14.75 -4.48  ;
15231 -9.86 15.0 -4.48  ;
15277 -9.86 15.75 -4.69  ;
21 -3.46 23.5 0.0  ;
716 -15.19 23.5 -0.35  ;
773 -3.46 23.0 -0.35  ;
937 -4.0 14.75 -0.35  ;
1872 -9.33 23.5 -4.9  ;
1929 2.4 23.0 -4.9  ;
2036 -9.86 15.25 -4.9  ;
2977 -3.46 23.5 -0.77  ;
3091 -3.46 23.5 -4.48  ;
4948 7.73 20.928 -1.934  ;
6988 -12.0 27.625 0.0  ;
7013 -0.795 19.375 0.0  ;
8156 -15.19 23.75 -4.9  ;
8161 -3.46 23.75 -4.9  ;
8162 -6.395 24.0 -4.9  ;
8320 -0.53 23.0 -4.9  ;
8428 -1.065 15.75 -4.9  ;
10045 -9.33 23.75 -0.35  ;
10051 2.4 23.75 -0.35  ;
10202 -15.19 23.25 -0.35  ;
10310 -6.93 15.25 -0.35  ;
10468 -9.86 15.0 -0.35  ;
12047 -6.395 23.5 -0.77  ;
12154 -6.395 23.5 -3.39  ;
12299 -9.33 23.5 -3.935  ;
12369 -15.19 23.5 -4.69  ;
12426 -4.0 15.25 -0.56  ;
12533 -4.0 15.25 -2.08  ;
12678 -9.86 15.25 -3.935  ;
14674 2.4 24.0 -0.56  ;
14718 -15.19 23.0 -0.56  ;
14813 -15.19 23.0 -3.39  ;
14990 -9.86 15.5 -0.77  ;
15085 -9.86 15.75 -3.39  ;
15135 -9.86 15.0 -3.39  ;
15230 -9.86 14.75 -3.935  ;
15293 -9.86 14.75 -4.69  ;
