4 -9.86 15.25 0.0  ;
5 -4.53 7.0 0.0  ;
14 1.33 7.0 0.0  ;
826 -9.86 15.75 -0.35  ;
881 -9.86 15.25 -0.35  ;
936 -9.86 14.75 -0.35  ;
991 -4.53 7.5 -0.35  ;
992 1.33 7.5 -0.35  ;
1046 -4.53 7.0 -0.35  ;
1047 1.33 7.0 -0.35  ;
1981 -9.86 15.75 -4.9  ;
2091 -9.86 14.75 -4.9  ;
2146 -4.53 7.5 -4.9  ;
2147 1.33 7.5 -4.9  ;
2201 -4.53 7.0 -4.9  ;
2202 1.33 7.0 -4.9  ;
2256 -4.53 6.5 -4.9  ;
3144 -9.86 15.25 -0.77  ;
3199 -9.86 15.25 -3.39  ;
3258 -9.86 15.25 -4.48  ;
3313 -4.53 7.0 -0.77  ;
3314 1.33 7.0 -0.77  ;
3368 -4.53 7.0 -3.39  ;
3427 -4.53 7.0 -4.48  ;
3428 1.33 7.0 -4.48  ;
6990 -6.93 15.25 0.0  ;
6992 -7.195 11.125 0.0  ;
6993 -1.6 7.0 0.0  ;
8422 -9.86 15.5 -4.9  ;
8423 -6.93 15.25 -4.9  ;
8581 -9.86 15.0 -4.9  ;
8582 -6.93 14.75 -4.9  ;
8688 -4.53 7.25 -4.9  ;
8689 -1.6 7.0 -4.9  ;
8690 1.33 7.25 -4.9  ;
8691 -1.6 7.5 -4.9  ;
8847 -4.53 6.75 -4.9  ;
8848 -1.6 6.5 -4.9  ;
10309 -9.86 15.5 -0.35  ;
10312 -6.93 15.75 -0.35  ;
10469 -6.93 14.75 -0.35  ;
10576 -1.6 7.0 -0.35  ;
10577 1.33 7.25 -0.35  ;
10578 -1.6 7.5 -0.35  ;
10734 -4.53 6.75 -0.35  ;
10735 -1.6 6.5 -0.35  ;
12424 -9.86 15.25 -0.56  ;
12425 -6.93 15.25 -0.77  ;
12531 -9.86 15.25 -2.08  ;
12532 -6.93 15.25 -3.39  ;
12680 -6.93 15.25 -4.48  ;
12749 -9.86 15.25 -4.69  ;
12804 -4.53 7.0 -0.56  ;
12806 1.33 7.0 -0.56  ;
12911 -4.53 7.0 -2.08  ;
12913 1.33 7.0 -2.08  ;
13058 -4.53 7.0 -3.935  ;
13059 1.33 7.0 -3.935  ;
13060 -1.6 7.0 -4.48  ;
13129 -4.53 7.0 -4.69  ;
13130 1.33 7.0 -4.69  ;
14989 -9.86 15.75 -0.77  ;
14991 -9.86 15.75 -0.56  ;
15037 -9.86 14.75 -0.77  ;
15038 -9.86 14.75 -0.56  ;
15039 -9.86 15.0 -0.77  ;
15086 -9.86 15.5 -3.39  ;
15087 -9.86 15.75 -2.08  ;
15133 -9.86 14.75 -3.39  ;
15134 -9.86 14.75 -2.08  ;
15181 -9.86 15.75 -4.48  ;
15182 -9.86 15.5 -4.48  ;
15183 -9.86 15.75 -3.935  ;
15229 -9.86 14.75 -4.48  ;
15231 -9.86 15.0 -4.48  ;
15277 -9.86 15.75 -4.69  ;
15309 -4.53 7.5 -0.77  ;
15310 -4.53 7.25 -0.77  ;
15311 -4.53 7.5 -0.56  ;
15357 -4.53 6.5 -0.77  ;
15358 -4.53 6.5 -0.56  ;
15359 -4.53 6.75 -0.77  ;
15405 -4.53 7.5 -3.39  ;
15406 -4.53 7.25 -3.39  ;
15453 -4.53 6.5 -3.39  ;
15454 -4.53 6.5 -2.08  ;
15455 -4.53 6.75 -3.39  ;
15502 -4.53 7.25 -4.48  ;
15503 -4.53 7.5 -3.935  ;
15549 -4.53 6.5 -4.48  ;
15550 -4.53 6.5 -3.935  ;
15551 -4.53 6.75 -4.48  ;
15597 -4.53 7.5 -4.69  ;
15613 -4.53 6.5 -4.69  ;
1101 -4.53 6.5 -0.35  ;
2036 -9.86 15.25 -4.9  ;
3369 1.33 7.0 -3.39  ;
6994 -1.335 11.125 0.0  ;
10310 -6.93 15.25 -0.35  ;
10468 -9.86 15.0 -0.35  ;
10575 -4.53 7.25 -0.35  ;
12678 -9.86 15.25 -3.935  ;
12805 -1.6 7.0 -0.77  ;
12912 -1.6 7.0 -3.39  ;
14990 -9.86 15.5 -0.77  ;
15085 -9.86 15.75 -3.39  ;
15135 -9.86 15.0 -3.39  ;
15230 -9.86 14.75 -3.935  ;
15293 -9.86 14.75 -4.69  ;
15407 -4.53 7.5 -2.08  ;
15501 -4.53 7.5 -4.48  ;
