4 -9.86 15.25 0.0  ;
5 -4.53 7.0 0.0  ;
13 -4.0 15.25 0.0  ;
14 1.33 7.0 0.0  ;
22 1.87 15.25 0.0  ;
23 7.2 7.0 0.0  ;
31 7.73 15.25 0.0  ;
826 -9.86 15.75 -0.35  ;
827 -4.0 15.75 -0.35  ;
828 1.87 15.75 -0.35  ;
829 7.73 15.75 -0.35  ;
881 -9.86 15.25 -0.35  ;
882 -4.0 15.25 -0.35  ;
883 1.87 15.25 -0.35  ;
884 7.73 15.25 -0.35  ;
885 13.06 15.25 -0.35  ;
936 -9.86 14.75 -0.35  ;
938 1.87 14.75 -0.35  ;
939 7.73 14.75 -0.35  ;
940 13.06 14.75 -0.35  ;
991 -4.53 7.5 -0.35  ;
992 1.33 7.5 -0.35  ;
993 7.2 7.5 -0.35  ;
1046 -4.53 7.0 -0.35  ;
1047 1.33 7.0 -0.35  ;
1048 7.2 7.0 -0.35  ;
1102 1.33 6.5 -0.35  ;
1103 7.2 6.5 -0.35  ;
1981 -9.86 15.75 -4.9  ;
1982 -4.0 15.75 -4.9  ;
1983 1.87 15.75 -4.9  ;
1984 7.73 15.75 -4.9  ;
2037 -4.0 15.25 -4.9  ;
2038 1.87 15.25 -4.9  ;
2039 7.73 15.25 -4.9  ;
2091 -9.86 14.75 -4.9  ;
2092 -4.0 14.75 -4.9  ;
2094 7.73 14.75 -4.9  ;
2095 13.06 14.75 -4.9  ;
2146 -4.53 7.5 -4.9  ;
2147 1.33 7.5 -4.9  ;
2148 7.2 7.5 -4.9  ;
2201 -4.53 7.0 -4.9  ;
2202 1.33 7.0 -4.9  ;
2203 7.2 7.0 -4.9  ;
2256 -4.53 6.5 -4.9  ;
2258 7.2 6.5 -4.9  ;
3144 -9.86 15.25 -0.77  ;
3145 -4.0 15.25 -0.77  ;
3146 1.87 15.25 -0.77  ;
3147 7.73 15.25 -0.77  ;
3199 -9.86 15.25 -3.39  ;
3200 -4.0 15.25 -3.39  ;
3201 1.87 15.25 -3.39  ;
3202 7.73 15.25 -3.39  ;
3258 -9.86 15.25 -4.48  ;
3259 -4.0 15.25 -4.48  ;
3260 1.87 15.25 -4.48  ;
3313 -4.53 7.0 -0.77  ;
3314 1.33 7.0 -0.77  ;
3315 7.2 7.0 -0.77  ;
3368 -4.53 7.0 -3.39  ;
3370 7.2 7.0 -3.39  ;
3427 -4.53 7.0 -4.48  ;
3428 1.33 7.0 -4.48  ;
3429 7.2 7.0 -4.48  ;
4116 13.06 14.25 -4.48  ;
4151 7.73 16.25 -4.48  ;
4194 13.06 13.0 -4.48  ;
4195 13.06 11.75 -4.48  ;
4197 13.06 9.25 -4.48  ;
4332 13.06 14.25 -4.03  ;
4370 13.06 11.63 -2.85  ;
4371 13.06 11.13 -2.63  ;
4440 13.06 10.63 -2.41  ;
4475 7.73 16.25 -1.22  ;
4548 13.06 11.63 -2.41  ;
4584 13.06 10.63 -2.85  ;
4662 13.06 13.726 -3.794  ;
4663 13.06 13.202 -3.558  ;
4665 13.06 12.154 -3.086  ;
4803 7.73 17.828 -1.934  ;
4804 7.73 17.302 -1.696  ;
4805 7.73 16.776 -1.458  ;
4806 13.06 10.104 -2.172  ;
4807 13.06 9.578 -1.934  ;
4808 13.06 9.052 -1.696  ;
4950 13.06 13.726 -1.458  ;
4951 13.06 13.202 -1.696  ;
4952 13.06 12.678 -1.934  ;
4953 13.06 12.154 -2.172  ;
5092 7.73 17.302 -3.558  ;
5094 13.06 10.104 -3.086  ;
5095 13.06 9.578 -3.322  ;
5096 13.06 9.052 -3.558  ;
6990 -6.93 15.25 0.0  ;
6992 -7.195 11.125 0.0  ;
6993 -1.6 7.0 0.0  ;
6995 -1.86 2.875 0.0  ;
6997 4.0 2.875 0.0  ;
7012 -1.065 15.25 0.0  ;
7014 4.265 7.0 0.0  ;
7015 4.535 11.125 0.0  ;
7029 4.8 15.25 0.0  ;
7030 5.065 19.375 0.0  ;
7031 10.13 7.0 0.0  ;
7046 10.395 15.25 0.0  ;
7049 15.73 11.125 0.0  ;
8422 -9.86 15.5 -4.9  ;
8423 -6.93 15.25 -4.9  ;
8424 -4.0 15.5 -4.9  ;
8425 -6.93 15.75 -4.9  ;
8426 -1.065 15.25 -4.9  ;
8427 1.87 15.5 -4.9  ;
8429 4.8 15.25 -4.9  ;
8430 7.73 15.5 -4.9  ;
8431 4.8 15.75 -4.9  ;
8432 10.395 15.25 -4.9  ;
8581 -9.86 15.0 -4.9  ;
8582 -6.93 14.75 -4.9  ;
8583 -4.0 15.0 -4.9  ;
8584 -1.065 14.75 -4.9  ;
8585 1.87 15.0 -4.9  ;
8587 7.73 15.0 -4.9  ;
8588 10.395 14.75 -4.9  ;
8688 -4.53 7.25 -4.9  ;
8689 -1.6 7.0 -4.9  ;
8690 1.33 7.25 -4.9  ;
8691 -1.6 7.5 -4.9  ;
8692 4.265 7.0 -4.9  ;
8694 4.265 7.5 -4.9  ;
8695 10.13 7.0 -4.9  ;
8697 10.13 7.5 -4.9  ;
8847 -4.53 6.75 -4.9  ;
8848 -1.6 6.5 -4.9  ;
8849 1.33 6.75 -4.9  ;
8850 4.265 6.5 -4.9  ;
10309 -9.86 15.5 -0.35  ;
10311 -4.0 15.5 -0.35  ;
10312 -6.93 15.75 -0.35  ;
10313 -1.065 15.25 -0.35  ;
10314 1.87 15.5 -0.35  ;
10315 -1.065 15.75 -0.35  ;
10317 7.73 15.5 -0.35  ;
10318 4.8 15.75 -0.35  ;
10319 10.395 15.25 -0.35  ;
10469 -6.93 14.75 -0.35  ;
10470 -4.0 15.0 -0.35  ;
10471 -1.065 14.75 -0.35  ;
10472 1.87 15.0 -0.35  ;
10473 4.8 14.75 -0.35  ;
10475 10.395 14.75 -0.35  ;
10476 13.06 15.0 -0.35  ;
10576 -1.6 7.0 -0.35  ;
10577 1.33 7.25 -0.35  ;
10578 -1.6 7.5 -0.35  ;
10579 4.265 7.0 -0.35  ;
10580 7.2 7.25 -0.35  ;
10582 10.13 7.0 -0.35  ;
10584 10.13 7.5 -0.35  ;
10734 -4.53 6.75 -0.35  ;
10735 -1.6 6.5 -0.35  ;
10736 1.33 6.75 -0.35  ;
10737 4.265 6.5 -0.35  ;
10738 7.2 6.75 -0.35  ;
12424 -9.86 15.25 -0.56  ;
12425 -6.93 15.25 -0.77  ;
12427 -1.065 15.25 -0.77  ;
12428 1.87 15.25 -0.56  ;
12429 4.8 15.25 -0.77  ;
12430 7.73 15.25 -0.56  ;
12431 10.395 15.25 -0.77  ;
12531 -9.86 15.25 -2.08  ;
12532 -6.93 15.25 -3.39  ;
12534 -1.065 15.25 -3.39  ;
12535 1.87 15.25 -2.08  ;
12536 4.8 15.25 -3.39  ;
12537 7.73 15.25 -2.08  ;
12538 10.395 15.25 -3.39  ;
12679 -4.0 15.25 -3.935  ;
12680 -6.93 15.25 -4.48  ;
12681 1.87 15.25 -3.935  ;
12682 -1.065 15.25 -4.48  ;
12683 7.73 15.25 -3.935  ;
12684 4.8 15.25 -4.48  ;
12686 10.395 15.25 -4.48  ;
12749 -9.86 15.25 -4.69  ;
12750 -4.0 15.25 -4.69  ;
12751 1.87 15.25 -4.69  ;
12752 7.73 15.25 -4.69  ;
12804 -4.53 7.0 -0.56  ;
12806 1.33 7.0 -0.56  ;
12807 4.265 7.0 -0.77  ;
12808 7.2 7.0 -0.56  ;
12809 10.13 7.0 -0.77  ;
12911 -4.53 7.0 -2.08  ;
12913 1.33 7.0 -2.08  ;
12914 4.265 7.0 -3.39  ;
12915 7.2 7.0 -2.08  ;
12916 10.13 7.0 -3.39  ;
13058 -4.53 7.0 -3.935  ;
13059 1.33 7.0 -3.935  ;
13060 -1.6 7.0 -4.48  ;
13061 7.2 7.0 -3.935  ;
13062 4.265 7.0 -4.48  ;
13129 -4.53 7.0 -4.69  ;
13130 1.33 7.0 -4.69  ;
13131 7.2 7.0 -4.69  ;
14989 -9.86 15.75 -0.77  ;
14991 -9.86 15.75 -0.56  ;
14992 7.73 15.75 -0.77  ;
14993 7.73 15.5 -0.77  ;
14994 7.73 15.75 -0.56  ;
15037 -9.86 14.75 -0.77  ;
15038 -9.86 14.75 -0.56  ;
15039 -9.86 15.0 -0.77  ;
15041 13.06 14.75 -0.56  ;
15042 13.06 15.0 -0.77  ;
15086 -9.86 15.5 -3.39  ;
15087 -9.86 15.75 -2.08  ;
15088 7.73 15.75 -3.39  ;
15089 7.73 15.5 -3.39  ;
15090 7.73 15.75 -2.08  ;
15133 -9.86 14.75 -3.39  ;
15134 -9.86 14.75 -2.08  ;
15136 13.06 14.75 -3.39  ;
15137 13.06 14.75 -2.08  ;
15138 13.06 15.0 -3.39  ;
15181 -9.86 15.75 -4.48  ;
15182 -9.86 15.5 -4.48  ;
15183 -9.86 15.75 -3.935  ;
15184 7.73 15.75 -4.48  ;
15185 7.73 15.5 -4.48  ;
15229 -9.86 14.75 -4.48  ;
15231 -9.86 15.0 -4.48  ;
15232 13.06 14.75 -4.48  ;
15233 13.06 14.75 -3.935  ;
15277 -9.86 15.75 -4.69  ;
15278 7.73 15.75 -4.69  ;
15294 13.06 14.75 -4.69  ;
15309 -4.53 7.5 -0.77  ;
15310 -4.53 7.25 -0.77  ;
15311 -4.53 7.5 -0.56  ;
15357 -4.53 6.5 -0.77  ;
15358 -4.53 6.5 -0.56  ;
15359 -4.53 6.75 -0.77  ;
15405 -4.53 7.5 -3.39  ;
15406 -4.53 7.25 -3.39  ;
15453 -4.53 6.5 -3.39  ;
15454 -4.53 6.5 -2.08  ;
15455 -4.53 6.75 -3.39  ;
15502 -4.53 7.25 -4.48  ;
15503 -4.53 7.5 -3.935  ;
15549 -4.53 6.5 -4.48  ;
15550 -4.53 6.5 -3.935  ;
15551 -4.53 6.75 -4.48  ;
15597 -4.53 7.5 -4.69  ;
15613 -4.53 6.5 -4.69  ;
40 13.06 15.25 0.0  ;
937 -4.0 14.75 -0.35  ;
1101 -4.53 6.5 -0.35  ;
2036 -9.86 15.25 -4.9  ;
2093 1.87 14.75 -4.9  ;
2257 1.33 6.5 -4.9  ;
3148 13.06 15.25 -0.77  ;
3261 7.73 15.25 -4.48  ;
3369 1.33 7.0 -3.39  ;
4196 13.06 10.5 -4.48  ;
4512 13.06 14.25 -1.22  ;
4619 7.73 16.25 -4.03  ;
4664 13.06 12.678 -3.322  ;
5093 7.73 16.776 -3.794  ;
6994 -1.335 11.125 0.0  ;
7013 -0.795 19.375 0.0  ;
7032 10.395 11.125 0.0  ;
8428 -1.065 15.75 -4.9  ;
8434 10.395 15.75 -4.9  ;
8586 4.8 14.75 -4.9  ;
8693 7.2 7.25 -4.9  ;
8851 7.2 6.75 -4.9  ;
10310 -6.93 15.25 -0.35  ;
10316 4.8 15.25 -0.35  ;
10321 10.395 15.75 -0.35  ;
10468 -9.86 15.0 -0.35  ;
10474 7.73 15.0 -0.35  ;
10575 -4.53 7.25 -0.35  ;
10581 4.265 7.5 -0.35  ;
12426 -4.0 15.25 -0.56  ;
12432 13.06 15.25 -0.56  ;
12533 -4.0 15.25 -2.08  ;
12539 13.06 15.25 -2.08  ;
12678 -9.86 15.25 -3.935  ;
12805 -1.6 7.0 -0.77  ;
12912 -1.6 7.0 -3.39  ;
13064 10.13 7.0 -4.48  ;
14990 -9.86 15.5 -0.77  ;
15040 13.06 14.75 -0.77  ;
15085 -9.86 15.75 -3.39  ;
15135 -9.86 15.0 -3.39  ;
15186 7.73 15.75 -3.935  ;
15230 -9.86 14.75 -3.935  ;
15293 -9.86 14.75 -4.69  ;
15407 -4.53 7.5 -2.08  ;
15501 -4.53 7.5 -4.48  ;
