16 12.0 -9.5 0.0  ;
25 17.87 -9.5 0.0  ;
33 18.4 -1.25 0.0  ;
1159 18.4 -0.75 -0.35  ;
1214 18.4 -1.25 -0.35  ;
1269 18.4 -1.75 -0.35  ;
1323 17.87 -9.0 -0.35  ;
1324 23.73 -9.0 -0.35  ;
1377 12.0 -9.5 -0.35  ;
1378 17.87 -9.5 -0.35  ;
1432 12.0 -10.0 -0.35  ;
1433 17.87 -10.0 -0.35  ;
2369 18.4 -1.25 -4.9  ;
2370 23.73 -1.25 -4.9  ;
2424 18.4 -1.75 -4.9  ;
2425 23.73 -1.75 -4.9  ;
2477 12.0 -9.0 -4.9  ;
2479 23.73 -9.0 -4.9  ;
2532 12.0 -9.5 -4.9  ;
2533 17.87 -9.5 -4.9  ;
2587 12.0 -10.0 -4.9  ;
2588 17.87 -10.0 -4.9  ;
3485 18.4 -1.25 -0.77  ;
3540 18.4 -1.25 -3.39  ;
3599 18.4 -1.25 -4.48  ;
3600 23.73 -1.25 -4.48  ;
3652 12.0 -9.5 -0.77  ;
3707 12.0 -9.5 -3.39  ;
3708 17.87 -9.5 -3.39  ;
3766 12.0 -9.5 -4.48  ;
4118 23.73 -2.25 -4.48  ;
4153 18.4 -0.25 -4.48  ;
4154 23.73 -8.5 -4.48  ;
4199 18.4 3.5 -4.48  ;
4200 18.4 2.25 -4.48  ;
4203 23.73 -4.75 -4.48  ;
4204 23.73 -6.0 -4.48  ;
4205 23.73 -7.25 -4.48  ;
4334 23.73 -2.25 -4.03  ;
4372 18.4 3.38 -2.85  ;
4374 23.73 -4.88 -2.85  ;
4375 23.73 -5.38 -2.63  ;
4477 18.4 -0.25 -1.22  ;
4478 23.73 -8.5 -1.22  ;
4549 18.4 3.38 -2.41  ;
4585 18.4 2.38 -2.85  ;
4586 23.73 -5.88 -2.85  ;
4621 18.4 -0.25 -4.03  ;
4622 23.73 -8.5 -4.03  ;
4668 18.4 4.428 -3.322  ;
4669 18.4 3.904 -3.086  ;
4671 23.73 -3.302 -3.558  ;
4672 23.73 -3.828 -3.322  ;
4673 23.73 -4.354 -3.086  ;
4810 18.4 1.854 -2.172  ;
4811 18.4 1.328 -1.934  ;
4812 18.4 0.802 -1.696  ;
4813 18.4 0.276 -1.458  ;
4814 23.73 -6.404 -2.172  ;
4816 23.73 -7.452 -1.696  ;
4817 23.73 -7.976 -1.458  ;
4956 18.4 4.428 -1.934  ;
4957 18.4 3.904 -2.172  ;
4958 23.73 -2.776 -1.458  ;
4959 23.73 -3.302 -1.696  ;
4961 23.73 -4.354 -2.172  ;
5098 18.4 1.854 -3.086  ;
5100 18.4 0.802 -3.558  ;
5101 18.4 0.276 -3.794  ;
5102 23.73 -6.404 -3.086  ;
5103 23.73 -6.928 -3.322  ;
5104 23.73 -7.452 -3.558  ;
5105 23.73 -7.976 -3.794  ;
7001 8.81 -13.625 0.0  ;
7003 14.67 -13.625 0.0  ;
7018 14.935 -9.5 0.0  ;
7021 20.535 -13.625 0.0  ;
7033 15.47 -1.25 0.0  ;
7035 20.8 -9.5 0.0  ;
7036 21.065 -5.375 0.0  ;
7050 21.065 -1.25 0.0  ;
8961 15.47 -1.25 -4.9  ;
8962 18.4 -1.0 -4.9  ;
8964 21.065 -1.25 -4.9  ;
8966 21.065 -0.75 -4.9  ;
9118 15.47 -1.75 -4.9  ;
9119 18.4 -1.5 -4.9  ;
9120 21.065 -1.75 -4.9  ;
9222 12.0 -9.25 -4.9  ;
9225 17.87 -9.25 -4.9  ;
9226 14.935 -9.0 -4.9  ;
9227 20.8 -9.5 -4.9  ;
9228 23.73 -9.25 -4.9  ;
9229 20.8 -9.0 -4.9  ;
9382 14.935 -10.0 -4.9  ;
9383 17.87 -9.75 -4.9  ;
9384 20.8 -10.0 -4.9  ;
10848 15.47 -1.25 -0.35  ;
10849 18.4 -1.0 -0.35  ;
10851 21.065 -1.25 -0.35  ;
11006 18.4 -1.5 -0.35  ;
11007 21.065 -1.75 -0.35  ;
11109 12.0 -9.25 -0.35  ;
11111 14.935 -9.5 -0.35  ;
11113 14.935 -9.0 -0.35  ;
11114 20.8 -9.5 -0.35  ;
11115 23.73 -9.25 -0.35  ;
11116 20.8 -9.0 -0.35  ;
11268 12.0 -9.75 -0.35  ;
11269 14.935 -10.0 -0.35  ;
11271 20.8 -10.0 -0.35  ;
13189 15.47 -1.25 -0.77  ;
13191 21.065 -1.25 -0.77  ;
13296 15.47 -1.25 -3.39  ;
13298 21.065 -1.25 -3.39  ;
13443 18.4 -1.25 -3.935  ;
13444 15.47 -1.25 -4.48  ;
13445 23.73 -1.25 -3.935  ;
13446 21.065 -1.25 -4.48  ;
13513 23.73 -1.25 -4.69  ;
13566 12.0 -9.5 -0.56  ;
13567 14.935 -9.5 -0.77  ;
13568 17.87 -9.5 -0.56  ;
13673 12.0 -9.5 -2.08  ;
13674 14.935 -9.5 -3.39  ;
13675 17.87 -9.5 -2.08  ;
13819 12.0 -9.5 -3.935  ;
13822 14.935 -9.5 -4.48  ;
13824 20.8 -9.5 -4.48  ;
13890 12.0 -9.5 -4.69  ;
15632 18.4 -0.75 -0.77  ;
15633 18.4 -1.0 -0.77  ;
15728 18.4 -0.75 -3.39  ;
15730 18.4 -0.75 -2.08  ;
15776 23.73 -1.75 -3.39  ;
15778 23.73 -1.5 -3.39  ;
15825 18.4 -1.0 -4.48  ;
15826 18.4 -0.75 -3.935  ;
15872 23.73 -1.75 -4.48  ;
15873 23.73 -1.75 -3.935  ;
15934 23.73 -1.75 -4.69  ;
15952 23.73 -9.0 -0.77  ;
15953 23.73 -9.25 -0.77  ;
15954 23.73 -9.0 -0.56  ;
16048 23.73 -9.0 -3.39  ;
16049 23.73 -9.25 -3.39  ;
16050 23.73 -9.0 -2.08  ;
16144 23.73 -9.0 -4.48  ;
16145 23.73 -9.25 -4.48  ;
16238 23.73 -9.0 -4.69  ;
1322 12.0 -9.0 -0.35  ;
2314 18.4 -0.75 -4.9  ;
2478 17.87 -9.0 -4.9  ;
3653 17.87 -9.5 -0.77  ;
3767 17.87 -9.5 -4.48  ;
4201 18.4 1.0 -4.48  ;
4202 23.73 -3.5 -4.48  ;
4373 18.4 2.88 -2.63  ;
4441 18.4 2.38 -2.41  ;
4442 23.73 -5.88 -2.41  ;
4550 23.73 -4.88 -2.41  ;
4670 23.73 -2.776 -3.794  ;
4815 23.73 -6.928 -1.934  ;
4960 23.73 -3.828 -1.934  ;
5099 18.4 1.328 -3.322  ;
7019 15.205 -5.375 0.0  ;
9121 23.73 -1.5 -4.9  ;
9224 14.935 -9.5 -4.9  ;
9381 12.0 -9.75 -4.9  ;
10853 21.065 -0.75 -0.35  ;
11005 15.47 -1.75 -0.35  ;
11112 17.87 -9.25 -0.35  ;
11270 17.87 -9.75 -0.35  ;
13190 18.4 -1.25 -0.56  ;
13297 18.4 -1.25 -2.08  ;
13512 18.4 -1.25 -4.69  ;
13569 20.8 -9.5 -0.77  ;
13676 20.8 -9.5 -3.39  ;
13821 17.87 -9.5 -3.935  ;
13891 17.87 -9.5 -4.69  ;
15634 18.4 -0.75 -0.56  ;
15729 18.4 -1.0 -3.39  ;
15824 18.4 -0.75 -4.48  ;
15874 23.73 -1.5 -4.48  ;
15918 18.4 -0.75 -4.69  ;
16146 23.73 -9.0 -3.935  ;
