8 11.48 -17.75 0.0  ;
17 17.34 -17.75 0.0  ;
18 17.85 -18.54 0.0  ;
25 17.87 -9.5 0.0  ;
1323 17.87 -9.0 -0.35  ;
1378 17.87 -9.5 -0.35  ;
1433 17.87 -10.0 -0.35  ;
1486 11.48 -17.25 -0.35  ;
1541 11.48 -17.75 -0.35  ;
1542 17.34 -17.75 -0.35  ;
1596 11.48 -18.25 -0.35  ;
1597 17.34 -18.25 -0.35  ;
2369 18.4 -1.25 -4.9  ;
2424 18.4 -1.75 -4.9  ;
2533 17.87 -9.5 -4.9  ;
2588 17.87 -10.0 -4.9  ;
2589 23.73 -10.0 -4.9  ;
2696 11.48 -17.75 -4.9  ;
2697 17.34 -17.75 -4.9  ;
2751 11.48 -18.25 -4.9  ;
2752 17.34 -18.25 -4.9  ;
3540 18.4 -1.25 -3.39  ;
3599 18.4 -1.25 -4.48  ;
3708 17.87 -9.5 -3.39  ;
3820 11.48 -17.75 -0.77  ;
3821 17.34 -17.75 -0.77  ;
3875 11.48 -17.75 -3.39  ;
3876 17.34 -17.75 -3.39  ;
3934 11.48 -17.75 -4.48  ;
3935 17.34 -17.75 -4.48  ;
7002 14.41 -17.75 0.0  ;
7003 14.67 -13.625 0.0  ;
7004 11.735 -18.145 0.0  ;
7005 14.92 -18.54 0.0  ;
7006 17.595 -18.145 0.0  ;
7018 14.935 -9.5 0.0  ;
7020 20.27 -17.75 0.0  ;
7021 20.535 -13.625 0.0  ;
7022 20.78 -18.54 0.0  ;
7035 20.8 -9.5 0.0  ;
8962 18.4 -1.0 -4.9  ;
9119 18.4 -1.5 -4.9  ;
9225 17.87 -9.25 -4.9  ;
9226 14.935 -9.0 -4.9  ;
9227 20.8 -9.5 -4.9  ;
9229 20.8 -9.0 -4.9  ;
9382 14.935 -10.0 -4.9  ;
9383 17.87 -9.75 -4.9  ;
9384 20.8 -10.0 -4.9  ;
9385 23.73 -9.75 -4.9  ;
9486 11.48 -17.5 -4.9  ;
9487 14.41 -17.75 -4.9  ;
9488 17.34 -17.5 -4.9  ;
9490 20.27 -17.75 -4.9  ;
9492 20.27 -17.25 -4.9  ;
9660 11.48 -18.0 -4.9  ;
9661 14.41 -18.25 -4.9  ;
9662 17.34 -18.0 -4.9  ;
9663 20.27 -18.25 -4.9  ;
11111 14.935 -9.5 -0.35  ;
11113 14.935 -9.0 -0.35  ;
11114 20.8 -9.5 -0.35  ;
11116 20.8 -9.0 -0.35  ;
11269 14.935 -10.0 -0.35  ;
11271 20.8 -10.0 -0.35  ;
11373 11.48 -17.5 -0.35  ;
11374 14.41 -17.75 -0.35  ;
11375 17.34 -17.5 -0.35  ;
11376 14.41 -17.25 -0.35  ;
11379 20.27 -17.25 -0.35  ;
11547 11.48 -18.0 -0.35  ;
11549 17.34 -18.0 -0.35  ;
11550 20.27 -18.25 -0.35  ;
13443 18.4 -1.25 -3.935  ;
13567 14.935 -9.5 -0.77  ;
13568 17.87 -9.5 -0.56  ;
13674 14.935 -9.5 -3.39  ;
13675 17.87 -9.5 -2.08  ;
13822 14.935 -9.5 -4.48  ;
13824 20.8 -9.5 -4.48  ;
13944 11.48 -17.75 -0.56  ;
13945 14.41 -17.75 -0.77  ;
13946 17.34 -17.75 -0.56  ;
13947 20.27 -17.75 -0.77  ;
14062 14.41 -17.75 -3.39  ;
14063 17.34 -17.75 -2.08  ;
14064 20.27 -17.75 -3.39  ;
14223 11.48 -17.75 -3.935  ;
14224 17.34 -17.75 -3.935  ;
14225 14.41 -17.75 -4.48  ;
14227 20.27 -17.75 -4.48  ;
14299 11.48 -17.75 -4.69  ;
14300 17.34 -17.75 -4.69  ;
15825 18.4 -1.0 -4.48  ;
15826 18.4 -0.75 -3.935  ;
16269 11.48 -17.25 -0.77  ;
16270 11.48 -17.5 -0.77  ;
16271 11.48 -17.25 -0.56  ;
16332 11.48 -18.25 -0.77  ;
16333 11.48 -18.25 -0.56  ;
16334 11.48 -18.0 -0.77  ;
16362 11.48 -17.25 -3.39  ;
16363 11.48 -17.5 -3.39  ;
16364 11.48 -17.25 -2.08  ;
16425 11.48 -18.25 -3.39  ;
16426 11.48 -18.25 -2.08  ;
16427 11.48 -18.0 -3.39  ;
16456 11.48 -17.5 -4.48  ;
16457 11.48 -17.25 -3.935  ;
16519 11.48 -18.25 -3.935  ;
16520 11.48 -18.0 -4.48  ;
16548 11.48 -17.25 -4.69  ;
9 11.99 -18.54 0.0  ;
16569 11.48 -18.25 -4.69  ;
1487 17.34 -17.25 -0.35  ;
2314 18.4 -0.75 -4.9  ;
2478 17.87 -9.0 -4.9  ;
2641 11.48 -17.25 -4.9  ;
2642 17.34 -17.25 -4.9  ;
3653 17.87 -9.5 -0.77  ;
3767 17.87 -9.5 -4.48  ;
9224 14.935 -9.5 -4.9  ;
9489 14.41 -17.25 -4.9  ;
11112 17.87 -9.25 -0.35  ;
11270 17.87 -9.75 -0.35  ;
11377 20.27 -17.75 -0.35  ;
11548 14.41 -18.25 -0.35  ;
13297 18.4 -1.25 -2.08  ;
13512 18.4 -1.25 -4.69  ;
13569 20.8 -9.5 -0.77  ;
13676 20.8 -9.5 -3.39  ;
13821 17.87 -9.5 -3.935  ;
13891 17.87 -9.5 -4.69  ;
14061 11.48 -17.75 -2.08  ;
15729 18.4 -1.0 -3.39  ;
15824 18.4 -0.75 -4.48  ;
15918 18.4 -0.75 -4.69  ;
16455 11.48 -17.25 -4.48  ;
16518 11.48 -18.25 -4.48  ;
