16 12.0 -9.5 0.0  ;
24 12.54 -1.25 0.0  ;
25 17.87 -9.5 0.0  ;
33 18.4 -1.25 0.0  ;
1159 18.4 -0.75 -0.35  ;
1213 12.54 -1.25 -0.35  ;
1214 18.4 -1.25 -0.35  ;
1268 12.54 -1.75 -0.35  ;
1269 18.4 -1.75 -0.35  ;
1323 17.87 -9.0 -0.35  ;
1377 12.0 -9.5 -0.35  ;
1378 17.87 -9.5 -0.35  ;
1431 6.14 -10.0 -0.35  ;
1432 12.0 -10.0 -0.35  ;
1433 17.87 -10.0 -0.35  ;
2313 12.54 -0.75 -4.9  ;
2368 12.54 -1.25 -4.9  ;
2369 18.4 -1.25 -4.9  ;
2423 12.54 -1.75 -4.9  ;
2424 18.4 -1.75 -4.9  ;
2477 12.0 -9.0 -4.9  ;
2532 12.0 -9.5 -4.9  ;
2533 17.87 -9.5 -4.9  ;
2587 12.0 -10.0 -4.9  ;
2588 17.87 -10.0 -4.9  ;
3484 12.54 -1.25 -0.77  ;
3485 18.4 -1.25 -0.77  ;
3540 18.4 -1.25 -3.39  ;
3598 12.54 -1.25 -4.48  ;
3599 18.4 -1.25 -4.48  ;
3652 12.0 -9.5 -0.77  ;
3707 12.0 -9.5 -3.39  ;
3708 17.87 -9.5 -3.39  ;
3766 12.0 -9.5 -4.48  ;
4117 18.4 6.0 -4.48  ;
4153 18.4 -0.25 -4.48  ;
4198 18.4 4.75 -4.48  ;
4199 18.4 3.5 -4.48  ;
4200 18.4 2.25 -4.48  ;
4333 18.4 6.0 -4.03  ;
4372 18.4 3.38 -2.85  ;
4477 18.4 -0.25 -1.22  ;
4549 18.4 3.38 -2.41  ;
4585 18.4 2.38 -2.85  ;
4621 18.4 -0.25 -4.03  ;
4666 18.4 5.476 -3.794  ;
4667 18.4 4.952 -3.558  ;
4668 18.4 4.428 -3.322  ;
4669 18.4 3.904 -3.086  ;
4810 18.4 1.854 -2.172  ;
4811 18.4 1.328 -1.934  ;
4812 18.4 0.802 -1.696  ;
4813 18.4 0.276 -1.458  ;
4955 18.4 4.952 -1.696  ;
4956 18.4 4.428 -1.934  ;
4957 18.4 3.904 -2.172  ;
5098 18.4 1.854 -3.086  ;
5100 18.4 0.802 -3.558  ;
5101 18.4 0.276 -3.794  ;
6999 9.07 -9.5 0.0  ;
7018 14.935 -9.5 0.0  ;
7033 15.47 -1.25 0.0  ;
7034 15.73 2.875 0.0  ;
7036 21.065 -5.375 0.0  ;
7048 15.73 7.0 0.0  ;
7050 21.065 -1.25 0.0  ;
8698 15.73 7.0 -4.9  ;
8700 15.73 7.5 -4.9  ;
8854 15.73 6.5 -4.9  ;
8959 12.54 -1.0 -4.9  ;
8961 15.47 -1.25 -4.9  ;
8962 18.4 -1.0 -4.9  ;
8963 15.47 -0.75 -4.9  ;
8964 21.065 -1.25 -4.9  ;
8966 21.065 -0.75 -4.9  ;
9117 12.54 -1.5 -4.9  ;
9118 15.47 -1.75 -4.9  ;
9119 18.4 -1.5 -4.9  ;
9120 21.065 -1.75 -4.9  ;
9221 9.07 -9.5 -4.9  ;
9222 12.0 -9.25 -4.9  ;
9223 9.07 -9.0 -4.9  ;
9225 17.87 -9.25 -4.9  ;
9226 14.935 -9.0 -4.9  ;
9380 9.07 -10.0 -4.9  ;
9382 14.935 -10.0 -4.9  ;
9383 17.87 -9.75 -4.9  ;
10585 15.73 7.0 -0.35  ;
10587 15.73 7.5 -0.35  ;
10741 15.73 6.5 -0.35  ;
10846 12.54 -1.0 -0.35  ;
10848 15.47 -1.25 -0.35  ;
10849 18.4 -1.0 -0.35  ;
10850 15.47 -0.75 -0.35  ;
10851 21.065 -1.25 -0.35  ;
11004 12.54 -1.5 -0.35  ;
11006 18.4 -1.5 -0.35  ;
11007 21.065 -1.75 -0.35  ;
11108 9.07 -9.5 -0.35  ;
11109 12.0 -9.25 -0.35  ;
11110 9.07 -9.0 -0.35  ;
11111 14.935 -9.5 -0.35  ;
11113 14.935 -9.0 -0.35  ;
11267 9.07 -10.0 -0.35  ;
11268 12.0 -9.75 -0.35  ;
11269 14.935 -10.0 -0.35  ;
13066 15.73 7.0 -4.48  ;
13188 12.54 -1.25 -0.56  ;
13189 15.47 -1.25 -0.77  ;
13191 21.065 -1.25 -0.77  ;
13295 12.54 -1.25 -2.08  ;
13296 15.47 -1.25 -3.39  ;
13298 21.065 -1.25 -3.39  ;
13443 18.4 -1.25 -3.935  ;
13444 15.47 -1.25 -4.48  ;
13446 21.065 -1.25 -4.48  ;
13511 12.54 -1.25 -4.69  ;
13565 9.07 -9.5 -0.77  ;
13566 12.0 -9.5 -0.56  ;
13567 14.935 -9.5 -0.77  ;
13568 17.87 -9.5 -0.56  ;
13672 9.07 -9.5 -3.39  ;
13673 12.0 -9.5 -2.08  ;
13674 14.935 -9.5 -3.39  ;
13675 17.87 -9.5 -2.08  ;
13819 12.0 -9.5 -3.935  ;
13820 9.07 -9.5 -4.48  ;
13822 14.935 -9.5 -4.48  ;
13890 12.0 -9.5 -4.69  ;
15632 18.4 -0.75 -0.77  ;
15633 18.4 -1.0 -0.77  ;
15728 18.4 -0.75 -3.39  ;
15730 18.4 -0.75 -2.08  ;
15825 18.4 -1.0 -4.48  ;
15826 18.4 -0.75 -3.935  ;
15997 6.14 -10.0 -0.77  ;
15998 6.14 -10.0 -0.56  ;
16093 6.14 -10.0 -3.39  ;
16094 6.14 -10.0 -2.08  ;
16189 6.14 -10.0 -4.48  ;
1158 12.54 -0.75 -0.35  ;
1322 12.0 -9.0 -0.35  ;
2314 18.4 -0.75 -4.9  ;
2478 17.87 -9.0 -4.9  ;
2586 6.14 -10.0 -4.9  ;
3539 12.54 -1.25 -3.39  ;
3653 17.87 -9.5 -0.77  ;
3767 17.87 -9.5 -4.48  ;
4201 18.4 1.0 -4.48  ;
4373 18.4 2.88 -2.63  ;
4441 18.4 2.38 -2.41  ;
4954 18.4 5.476 -1.458  ;
5099 18.4 1.328 -3.322  ;
7000 9.335 -5.375 0.0  ;
7019 15.205 -5.375 0.0  ;
9224 14.935 -9.5 -4.9  ;
9381 12.0 -9.75 -4.9  ;
10853 21.065 -0.75 -0.35  ;
11005 15.47 -1.75 -0.35  ;
11112 17.87 -9.25 -0.35  ;
11270 17.87 -9.75 -0.35  ;
12811 15.73 7.0 -0.77  ;
12918 15.73 7.0 -3.39  ;
13190 18.4 -1.25 -0.56  ;
13297 18.4 -1.25 -2.08  ;
13441 12.54 -1.25 -3.935  ;
13512 18.4 -1.25 -4.69  ;
13821 17.87 -9.5 -3.935  ;
13891 17.87 -9.5 -4.69  ;
15634 18.4 -0.75 -0.56  ;
15729 18.4 -1.0 -3.39  ;
15824 18.4 -0.75 -4.48  ;
15918 18.4 -0.75 -4.69  ;
16190 6.14 -10.0 -3.935  ;
16253 6.14 -10.0 -4.69  ;
