46 48 1.0
45 48 1.0
44 48 1.0
43 48 1.0
42 52 1.0
40 34 0.7083333333333334
39 48 1.0
38 46 0.9583333333333334
32 915 0.6813104988830976
31 1830 0.6818181818181818
30 914 0.6815809097688292
29 557 0.6230425055928411
28 754 0.5622669649515287
27 449 0.5016759776536313
26 1190 0.4430379746835443
62 3 0.011764705882352941
61 272 1.0
60 272 1.0
59 221 0.7647058823529411
58 306 1.0
57 272 1.0
54 4170 0.7867924528301887
53 1798 0.3392452830188679
51 17223 0.8054905995697316
50 12973 0.6063849677479667
48 2676 0.7451963241436925
47 8 0.0013012361743656475
