46 48 1.0
45 48 1.0
43 48 1.0
42 52 1.0
41 48 1.0
40 16 0.3333333333333333
39 48 1.0
38 48 1.0
36 48 1.0
35 48 1.0
34 48 1.0
33 16 0.3333333333333333
32 1343 1.0
31 2684 1.0
29 894 1.0
28 1341 1.0
27 895 1.0
26 448 0.16679076693968728
62 255 1.0
61 221 0.8125
60 272 1.0
59 289 1.0
58 306 1.0
57 226 0.8308823529411765
56 238 1.0
55 238 1.0
54 4638 0.8750943396226415
53 4638 0.8750943396226415
52 4529 0.2119921363040629
51 282 0.013188663361706108
50 4530 0.21174160979713938
49 282 0.013180649684505726
48 3068 0.8543581175160122
47 5240 0.852309694209499
