41 48 1.0
40 48 1.0
39 19 0.3958333333333333
38 2 0.041666666666666664
37 52 1.0
36 48 1.0
35 48 1.0
34 48 1.0
33 48 1.0
32 604 0.44973938942665675
31 1357 0.5055886736214605
30 757 0.5645041014168531
29 559 0.6252796420581656
28 915 0.6823266219239373
27 610 0.6815642458100558
26 1833 0.6824274013402829
60 272 1.0
59 289 1.0
58 260 0.8496732026143791
57 272 1.0
56 238 1.0
54 1828 0.3449056603773585
53 4137 0.7805660377358491
51 13027 0.6092507716771116
50 17234 0.8055529587734879
48 4 0.001113895850737956
47 4540 0.7384515289525049
