43 43 0.8958333333333334
42 52 1.0
41 48 1.0
40 48 1.0
39 48 1.0
38 48 1.0
37 52 1.0
36 48 1.0
35 48 1.0
34 24 0.5
32 760 0.5658972449739389
31 1684 0.6274217585692996
30 915 0.6823266219239373
29 610 0.6823266219239373
28 915 0.6823266219239373
27 610 0.6815642458100558
26 1811 0.6742367833209233
60 27 0.09926470588235294
59 289 1.0
58 134 0.43790849673202614
57 272 1.0
56 238 1.0
55 227 0.9537815126050421
54 1036 0.19547169811320755
53 4228 0.7977358490566038
51 16491 0.7712561968010476
50 17117 0.8000841357389923
49 391 0.018275297966814676
48 556 0.15483152325257588
47 3218 0.5234222511385817
