2997263 -14 34.5 12.5 48
3012726 -13.5 33.5 12.5 48
3012773 -13.5 34 12.5 48
3012820 -13.5 34.5 12.5 48
3028189 -13 32.5 12.5 48
3028236 -13 33 12.5 48
3028283 -13 33.5 12.5 48
3028330 -13 34 12.5 48
3028377 -13 34.5 12.5 48
3043699 -12.5 32 12.5 48
3043746 -12.5 32.5 12.5 48
3043793 -12.5 33 12.5 48
3043840 -12.5 33.5 12.5 48
3043887 -12.5 34 12.5 48
3043934 -12.5 34.5 12.5 48
3059162 -12 31 12.5 48
3059209 -12 31.5 12.5 48
3059256 -12 32 12.5 48
3059303 -12 32.5 12.5 48
3059350 -12 33 12.5 48
3059397 -12 33.5 12.5 48
3059444 -12 34 12.5 48
3059491 -12 34.5 12.5 48
3074672 -11.5 30.5 12.5 48
3074719 -11.5 31 12.5 48
3074766 -11.5 31.5 12.5 48
3074813 -11.5 32 12.5 48
3074860 -11.5 32.5 12.5 48
3074907 -11.5 33 12.5 48
3074954 -11.5 33.5 12.5 48
3075001 -11.5 34 12.5 48
3075048 -11.5 34.5 12.5 48
3090135 -11 29.5 12.5 48
3090182 -11 30 12.5 48
3090229 -11 30.5 12.5 48
3090276 -11 31 12.5 48
3090323 -11 31.5 12.5 48
3090370 -11 32 12.5 48
3090417 -11 32.5 12.5 48
3090464 -11 33 12.5 48
3090511 -11 33.5 12.5 48
3090558 -11 34 12.5 48
3090605 -11 34.5 12.5 48
3105645 -10.5 29 12.5 48
3105692 -10.5 29.5 12.5 48
3105739 -10.5 30 12.5 48
3105786 -10.5 30.5 12.5 48
3105833 -10.5 31 12.5 48
3105880 -10.5 31.5 12.5 48
3105927 -10.5 32 12.5 48
3105974 -10.5 32.5 12.5 48
3106021 -10.5 33 12.5 48
3106068 -10.5 33.5 12.5 48
3106115 -10.5 34 12.5 48
3106162 -10.5 34.5 12.5 48
3121108 -10 28 12.5 48
3121155 -10 28.5 12.5 48
3121202 -10 29 12.5 48
3121249 -10 29.5 12.5 48
3121296 -10 30 12.5 48
3121343 -10 30.5 12.5 48
3121390 -10 31 12.5 48
3121437 -10 31.5 12.5 48
3121484 -10 32 12.5 48
3121531 -10 32.5 12.5 48
3121578 -10 33 12.5 48
3121625 -10 33.5 12.5 48
3121672 -10 34 12.5 48
3121719 -10 34.5 12.5 48
3136618 -9.5 27.5 12.5 48
3136665 -9.5 28 12.5 48
3136712 -9.5 28.5 12.5 48
3136759 -9.5 29 12.5 48
3136806 -9.5 29.5 12.5 48
3136853 -9.5 30 12.5 48
3136900 -9.5 30.5 12.5 48
3136947 -9.5 31 12.5 48
3136994 -9.5 31.5 12.5 48
3137041 -9.5 32 12.5 48
3137088 -9.5 32.5 12.5 48
3137135 -9.5 33 12.5 48
3137182 -9.5 33.5 12.5 48
3137229 -9.5 34 12.5 48
3137276 -9.5 34.5 12.5 48
3152081 -9 26.5 12.5 48
3152128 -9 27 12.5 48
3152175 -9 27.5 12.5 48
3152222 -9 28 12.5 48
3152269 -9 28.5 12.5 48
3152316 -9 29 12.5 48
3152363 -9 29.5 12.5 48
3152410 -9 30 12.5 48
3152457 -9 30.5 12.5 48
3152504 -9 31 12.5 48
3152551 -9 31.5 12.5 48
3152598 -9 32 12.5 48
3152645 -9 32.5 12.5 48
3152692 -9 33 12.5 48
3152739 -9 33.5 12.5 48
3152786 -9 34 12.5 48
3152833 -9 34.5 12.5 48
3167591 -8.5 26 12.5 48
3167638 -8.5 26.5 12.5 48
3167685 -8.5 27 12.5 48
3167732 -8.5 27.5 12.5 48
3167779 -8.5 28 12.5 48
3167826 -8.5 28.5 12.5 48
3167873 -8.5 29 12.5 48
3167920 -8.5 29.5 12.5 48
3167967 -8.5 30 12.5 48
3168014 -8.5 30.5 12.5 48
3168061 -8.5 31 12.5 48
3168108 -8.5 31.5 12.5 48
3168155 -8.5 32 12.5 48
3168202 -8.5 32.5 12.5 48
3168249 -8.5 33 12.5 48
3168296 -8.5 33.5 12.5 48
3168343 -8.5 34 12.5 48
3168390 -8.5 34.5 12.5 48
3183054 -8 25 12.5 48
3183101 -8 25.5 12.5 48
3183148 -8 26 12.5 48
3183195 -8 26.5 12.5 48
3183242 -8 27 12.5 48
3183289 -8 27.5 12.5 48
3183336 -8 28 12.5 48
3183383 -8 28.5 12.5 48
3183430 -8 29 12.5 48
3183477 -8 29.5 12.5 48
3183524 -8 30 12.5 48
3183571 -8 30.5 12.5 48
3183618 -8 31 12.5 48
3183665 -8 31.5 12.5 48
3183712 -8 32 12.5 48
3183759 -8 32.5 12.5 48
3183806 -8 33 12.5 48
3183853 -8 33.5 12.5 48
3183900 -8 34 12.5 48
3183947 -8 34.5 12.5 48
3198517 -7.5 24 12.5 48
3198564 -7.5 24.5 12.5 48
3198611 -7.5 25 12.5 48
3198658 -7.5 25.5 12.5 48
3198705 -7.5 26 12.5 48
3198752 -7.5 26.5 12.5 48
3198799 -7.5 27 12.5 48
3198846 -7.5 27.5 12.5 48
3198893 -7.5 28 12.5 48
3198940 -7.5 28.5 12.5 48
3198987 -7.5 29 12.5 48
3199034 -7.5 29.5 12.5 48
3199081 -7.5 30 12.5 48
3199128 -7.5 30.5 12.5 48
3199175 -7.5 31 12.5 48
3199222 -7.5 31.5 12.5 48
3199269 -7.5 32 12.5 48
3199316 -7.5 32.5 12.5 48
3199363 -7.5 33 12.5 48
3199410 -7.5 33.5 12.5 48
3199457 -7.5 34 12.5 48
3199504 -7.5 34.5 12.5 48
3214027 -7 23.5 12.5 48
3214074 -7 24 12.5 48
3214121 -7 24.5 12.5 48
3214168 -7 25 12.5 48
3214215 -7 25.5 12.5 48
3214262 -7 26 12.5 48
3214309 -7 26.5 12.5 48
3214356 -7 27 12.5 48
3214403 -7 27.5 12.5 48
3214450 -7 28 12.5 48
3214497 -7 28.5 12.5 48
3214544 -7 29 12.5 48
3214591 -7 29.5 12.5 48
3214638 -7 30 12.5 48
3214685 -7 30.5 12.5 48
3214732 -7 31 12.5 48
3214779 -7 31.5 12.5 48
3214826 -7 32 12.5 48
3214873 -7 32.5 12.5 48
3214920 -7 33 12.5 48
3214967 -7 33.5 12.5 48
3215014 -7 34 12.5 48
3215061 -7 34.5 12.5 48
3229490 -6.5 22.5 12.5 48
3229537 -6.5 23 12.5 48
3229584 -6.5 23.5 12.5 48
3229631 -6.5 24 12.5 48
3229678 -6.5 24.5 12.5 48
3229725 -6.5 25 12.5 48
3229772 -6.5 25.5 12.5 48
3229819 -6.5 26 12.5 48
3229866 -6.5 26.5 12.5 48
3229913 -6.5 27 12.5 48
3229960 -6.5 27.5 12.5 48
3230007 -6.5 28 12.5 48
3230054 -6.5 28.5 12.5 48
3230101 -6.5 29 12.5 48
3230148 -6.5 29.5 12.5 48
3230195 -6.5 30 12.5 48
3230242 -6.5 30.5 12.5 48
3230289 -6.5 31 12.5 48
3230336 -6.5 31.5 12.5 48
3230383 -6.5 32 12.5 48
3230430 -6.5 32.5 12.5 48
3230477 -6.5 33 12.5 48
3230524 -6.5 33.5 12.5 48
3230571 -6.5 34 12.5 48
3230618 -6.5 34.5 12.5 48
3245000 -6 22 12.5 48
3245047 -6 22.5 12.5 48
3245094 -6 23 12.5 48
3245141 -6 23.5 12.5 48
3245188 -6 24 12.5 48
3245235 -6 24.5 12.5 48
3245282 -6 25 12.5 48
3245329 -6 25.5 12.5 48
3245376 -6 26 12.5 48
3245423 -6 26.5 12.5 48
3245470 -6 27 12.5 48
3245517 -6 27.5 12.5 48
3245564 -6 28 12.5 48
3245611 -6 28.5 12.5 48
3245658 -6 29 12.5 48
3245705 -6 29.5 12.5 48
3245752 -6 30 12.5 48
3245799 -6 30.5 12.5 48
3245846 -6 31 12.5 48
3245893 -6 31.5 12.5 48
3245940 -6 32 12.5 48
3245987 -6 32.5 12.5 48
3246034 -6 33 12.5 48
3246081 -6 33.5 12.5 48
3246128 -6 34 12.5 48
3246175 -6 34.5 12.5 48
3260463 -5.5 21 12.5 48
3260510 -5.5 21.5 12.5 48
3260557 -5.5 22 12.5 48
3260604 -5.5 22.5 12.5 48
3260651 -5.5 23 12.5 48
3260698 -5.5 23.5 12.5 48
3260745 -5.5 24 12.5 48
3260792 -5.5 24.5 12.5 48
3260839 -5.5 25 12.5 48
3260886 -5.5 25.5 12.5 48
3260933 -5.5 26 12.5 48
3260980 -5.5 26.5 12.5 48
3261027 -5.5 27 12.5 48
3261074 -5.5 27.5 12.5 48
3261121 -5.5 28 12.5 48
3261168 -5.5 28.5 12.5 48
3261215 -5.5 29 12.5 48
3261262 -5.5 29.5 12.5 48
3261309 -5.5 30 12.5 48
3261356 -5.5 30.5 12.5 48
3261403 -5.5 31 12.5 48
3261450 -5.5 31.5 12.5 48
3261497 -5.5 32 12.5 48
3261544 -5.5 32.5 12.5 48
3261591 -5.5 33 12.5 48
3261638 -5.5 33.5 12.5 48
3261685 -5.5 34 12.5 48
3261732 -5.5 34.5 12.5 48
3275973 -5 20.5 12.5 48
3276020 -5 21 12.5 48
3276067 -5 21.5 12.5 48
3276114 -5 22 12.5 48
3276161 -5 22.5 12.5 48
3276208 -5 23 12.5 48
3276255 -5 23.5 12.5 48
3276302 -5 24 12.5 48
3276349 -5 24.5 12.5 48
3276396 -5 25 12.5 48
3276443 -5 25.5 12.5 48
3276490 -5 26 12.5 48
3276537 -5 26.5 12.5 48
3276584 -5 27 12.5 48
3276631 -5 27.5 12.5 48
3276678 -5 28 12.5 48
3276725 -5 28.5 12.5 48
3276772 -5 29 12.5 48
3276819 -5 29.5 12.5 48
3276866 -5 30 12.5 48
3276913 -5 30.5 12.5 48
3276960 -5 31 12.5 48
3277007 -5 31.5 12.5 48
3277054 -5 32 12.5 48
3277101 -5 32.5 12.5 48
3277148 -5 33 12.5 48
3277195 -5 33.5 12.5 48
3277242 -5 34 12.5 48
3277289 -5 34.5 12.5 48
3291436 -4.5 19.5 12.5 48
3291483 -4.5 20 12.5 48
3291530 -4.5 20.5 12.5 48
3291577 -4.5 21 12.5 48
3291624 -4.5 21.5 12.5 48
3291671 -4.5 22 12.5 48
3291718 -4.5 22.5 12.5 48
3291765 -4.5 23 12.5 48
3291812 -4.5 23.5 12.5 48
3291859 -4.5 24 12.5 48
3291906 -4.5 24.5 12.5 48
3291953 -4.5 25 12.5 48
3292000 -4.5 25.5 12.5 48
3292047 -4.5 26 12.5 48
3292094 -4.5 26.5 12.5 48
3292141 -4.5 27 12.5 48
3292188 -4.5 27.5 12.5 48
3292235 -4.5 28 12.5 48
3292282 -4.5 28.5 12.5 48
3292329 -4.5 29 12.5 48
3292376 -4.5 29.5 12.5 48
3292423 -4.5 30 12.5 48
3292470 -4.5 30.5 12.5 48
3292517 -4.5 31 12.5 48
3292564 -4.5 31.5 12.5 48
3292611 -4.5 32 12.5 48
3292658 -4.5 32.5 12.5 48
3292705 -4.5 33 12.5 48
3292752 -4.5 33.5 12.5 48
3292799 -4.5 34 12.5 48
3292846 -4.5 34.5 12.5 48
3306946 -4 19 12.5 48
3306993 -4 19.5 12.5 48
3307040 -4 20 12.5 48
3307087 -4 20.5 12.5 48
3307134 -4 21 12.5 48
3307181 -4 21.5 12.5 48
3307228 -4 22 12.5 48
3307275 -4 22.5 12.5 48
3307322 -4 23 12.5 48
3307369 -4 23.5 12.5 48
3307416 -4 24 12.5 48
3307463 -4 24.5 12.5 48
3307510 -4 25 12.5 48
3307557 -4 25.5 12.5 48
3307604 -4 26 12.5 48
3307651 -4 26.5 12.5 48
3307698 -4 27 12.5 48
3307745 -4 27.5 12.5 48
3307792 -4 28 12.5 48
3307839 -4 28.5 12.5 48
3307886 -4 29 12.5 48
3307933 -4 29.5 12.5 48
3307980 -4 30 12.5 48
3308027 -4 30.5 12.5 48
3308074 -4 31 12.5 48
3308121 -4 31.5 12.5 48
3308168 -4 32 12.5 48
3308215 -4 32.5 12.5 48
3308262 -4 33 12.5 48
3308309 -4 33.5 12.5 48
3308356 -4 34 12.5 48
3308403 -4 34.5 12.5 48
3322409 -3.5 18 12.5 48
3322456 -3.5 18.5 12.5 48
3322503 -3.5 19 12.5 48
3322550 -3.5 19.5 12.5 48
3322597 -3.5 20 12.5 48
3322644 -3.5 20.5 12.5 48
3322691 -3.5 21 12.5 48
3322738 -3.5 21.5 12.5 48
3322785 -3.5 22 12.5 48
3322832 -3.5 22.5 12.5 48
3322879 -3.5 23 12.5 48
3322926 -3.5 23.5 12.5 48
3322973 -3.5 24 12.5 48
3323020 -3.5 24.5 12.5 48
3323067 -3.5 25 12.5 48
3323114 -3.5 25.5 12.5 48
3323161 -3.5 26 12.5 48
3323208 -3.5 26.5 12.5 48
3323255 -3.5 27 12.5 48
3323302 -3.5 27.5 12.5 48
3323349 -3.5 28 12.5 48
3323396 -3.5 28.5 12.5 48
3323443 -3.5 29 12.5 48
3323490 -3.5 29.5 12.5 48
3323537 -3.5 30 12.5 48
3323584 -3.5 30.5 12.5 48
3323631 -3.5 31 12.5 48
3323678 -3.5 31.5 12.5 48
3323725 -3.5 32 12.5 48
3323772 -3.5 32.5 12.5 48
3323819 -3.5 33 12.5 48
3323866 -3.5 33.5 12.5 48
3323913 -3.5 34 12.5 48
3323960 -3.5 34.5 12.5 48
3337919 -3 17.5 12.5 48
3337966 -3 18 12.5 48
3338013 -3 18.5 12.5 48
3338060 -3 19 12.5 48
3338107 -3 19.5 12.5 48
3338154 -3 20 12.5 48
3338201 -3 20.5 12.5 48
3338248 -3 21 12.5 48
3338295 -3 21.5 12.5 48
3338342 -3 22 12.5 48
3338389 -3 22.5 12.5 48
3338436 -3 23 12.5 48
3338483 -3 23.5 12.5 48
3338530 -3 24 12.5 48
3338577 -3 24.5 12.5 48
3338624 -3 25 12.5 48
3338671 -3 25.5 12.5 48
3338718 -3 26 12.5 48
3338765 -3 26.5 12.5 48
3338812 -3 27 12.5 48
3338859 -3 27.5 12.5 48
3338906 -3 28 12.5 48
3338953 -3 28.5 12.5 48
3339000 -3 29 12.5 48
3339047 -3 29.5 12.5 48
3339094 -3 30 12.5 48
3339141 -3 30.5 12.5 48
3339188 -3 31 12.5 48
3339235 -3 31.5 12.5 48
3339282 -3 32 12.5 48
3339329 -3 32.5 12.5 48
3339376 -3 33 12.5 48
3339423 -3 33.5 12.5 48
3339470 -3 34 12.5 48
3339517 -3 34.5 12.5 48
3353382 -2.5 16.5 12.5 48
3353429 -2.5 17 12.5 48
3353476 -2.5 17.5 12.5 48
3353523 -2.5 18 12.5 48
3353570 -2.5 18.5 12.5 48
3353617 -2.5 19 12.5 48
3353664 -2.5 19.5 12.5 48
3353711 -2.5 20 12.5 48
3353758 -2.5 20.5 12.5 48
3353805 -2.5 21 12.5 48
3353852 -2.5 21.5 12.5 48
3353899 -2.5 22 12.5 48
3353946 -2.5 22.5 12.5 48
3353993 -2.5 23 12.5 48
3354040 -2.5 23.5 12.5 48
3354087 -2.5 24 12.5 48
3354134 -2.5 24.5 12.5 48
3354181 -2.5 25 12.5 48
3354228 -2.5 25.5 12.5 48
3354275 -2.5 26 12.5 48
3354322 -2.5 26.5 12.5 48
3354369 -2.5 27 12.5 48
3354416 -2.5 27.5 12.5 48
3354463 -2.5 28 12.5 48
3354510 -2.5 28.5 12.5 48
3354557 -2.5 29 12.5 48
3354604 -2.5 29.5 12.5 48
3354651 -2.5 30 12.5 48
3354698 -2.5 30.5 12.5 48
3354745 -2.5 31 12.5 48
3354792 -2.5 31.5 12.5 48
3354839 -2.5 32 12.5 48
3354886 -2.5 32.5 12.5 48
3354933 -2.5 33 12.5 48
3354980 -2.5 33.5 12.5 48
3355027 -2.5 34 12.5 48
3355074 -2.5 34.5 12.5 48
3368845 -2 15.5 12.5 48
3368892 -2 16 12.5 48
3368939 -2 16.5 12.5 48
3368986 -2 17 12.5 48
3369033 -2 17.5 12.5 48
3369080 -2 18 12.5 48
3369127 -2 18.5 12.5 48
3369174 -2 19 12.5 48
3369221 -2 19.5 12.5 48
3369268 -2 20 12.5 48
3369315 -2 20.5 12.5 48
3369362 -2 21 12.5 48
3369409 -2 21.5 12.5 48
3369456 -2 22 12.5 48
3369503 -2 22.5 12.5 48
3369550 -2 23 12.5 48
3369597 -2 23.5 12.5 48
3369644 -2 24 12.5 48
3369691 -2 24.5 12.5 48
3369738 -2 25 12.5 48
3369785 -2 25.5 12.5 48
3369832 -2 26 12.5 48
3369879 -2 26.5 12.5 48
3369926 -2 27 12.5 48
3369973 -2 27.5 12.5 48
3370020 -2 28 12.5 48
3370067 -2 28.5 12.5 48
3370114 -2 29 12.5 48
3370161 -2 29.5 12.5 48
3370208 -2 30 12.5 48
3370255 -2 30.5 12.5 48
3370302 -2 31 12.5 48
3370349 -2 31.5 12.5 48
3370396 -2 32 12.5 48
3370443 -2 32.5 12.5 48
3370490 -2 33 12.5 48
3370537 -2 33.5 12.5 48
3384355 -1.5 15 12.5 48
3384402 -1.5 15.5 12.5 48
3384449 -1.5 16 12.5 48
3384496 -1.5 16.5 12.5 48
3384543 -1.5 17 12.5 48
3384590 -1.5 17.5 12.5 48
3384637 -1.5 18 12.5 48
3384684 -1.5 18.5 12.5 48
3384731 -1.5 19 12.5 48
3384778 -1.5 19.5 12.5 48
3384825 -1.5 20 12.5 48
3384872 -1.5 20.5 12.5 48
3384919 -1.5 21 12.5 48
3384966 -1.5 21.5 12.5 48
3385013 -1.5 22 12.5 48
3385060 -1.5 22.5 12.5 48
3385107 -1.5 23 12.5 48
3385154 -1.5 23.5 12.5 48
3385201 -1.5 24 12.5 48
3385248 -1.5 24.5 12.5 48
3385295 -1.5 25 12.5 48
3385342 -1.5 25.5 12.5 48
3385389 -1.5 26 12.5 48
3385436 -1.5 26.5 12.5 48
3385483 -1.5 27 12.5 48
3385530 -1.5 27.5 12.5 48
3385577 -1.5 28 12.5 48
3385624 -1.5 28.5 12.5 48
3385671 -1.5 29 12.5 48
3385718 -1.5 29.5 12.5 48
3385765 -1.5 30 12.5 48
3385812 -1.5 30.5 12.5 48
3385859 -1.5 31 12.5 48
3385906 -1.5 31.5 12.5 48
3385953 -1.5 32 12.5 48
3386000 -1.5 32.5 12.5 48
3386047 -1.5 33 12.5 48
3399818 -1 14 12.5 48
3399865 -1 14.5 12.5 48
3399912 -1 15 12.5 48
3399959 -1 15.5 12.5 48
3400006 -1 16 12.5 48
3400053 -1 16.5 12.5 48
3400100 -1 17 12.5 48
3400147 -1 17.5 12.5 48
3400194 -1 18 12.5 48
3400241 -1 18.5 12.5 48
3400288 -1 19 12.5 48
3400335 -1 19.5 12.5 48
3400382 -1 20 12.5 48
3400429 -1 20.5 12.5 48
3400476 -1 21 12.5 48
3400523 -1 21.5 12.5 48
3400570 -1 22 12.5 48
3400617 -1 22.5 12.5 48
3400664 -1 23 12.5 48
3400711 -1 23.5 12.5 48
3400758 -1 24 12.5 48
3400805 -1 24.5 12.5 48
3400852 -1 25 12.5 48
3400899 -1 25.5 12.5 48
3400946 -1 26 12.5 48
3400993 -1 26.5 12.5 48
3401040 -1 27 12.5 48
3401087 -1 27.5 12.5 48
3401134 -1 28 12.5 48
3401181 -1 28.5 12.5 48
3401228 -1 29 12.5 48
3401275 -1 29.5 12.5 48
3401322 -1 30 12.5 48
3401369 -1 30.5 12.5 48
3401416 -1 31 12.5 48
3401463 -1 31.5 12.5 48
3401510 -1 32 12.5 48
3415328 -0.5 13.5 12.5 48
3415375 -0.5 14 12.5 48
3415422 -0.5 14.5 12.5 48
3415469 -0.5 15 12.5 48
3415516 -0.5 15.5 12.5 48
3415563 -0.5 16 12.5 48
3415610 -0.5 16.5 12.5 48
3415657 -0.5 17 12.5 48
3415704 -0.5 17.5 12.5 48
3415751 -0.5 18 12.5 48
3415798 -0.5 18.5 12.5 48
3415845 -0.5 19 12.5 48
3415892 -0.5 19.5 12.5 48
3415939 -0.5 20 12.5 48
3415986 -0.5 20.5 12.5 48
3416033 -0.5 21 12.5 48
3416080 -0.5 21.5 12.5 48
3416127 -0.5 22 12.5 48
3416174 -0.5 22.5 12.5 48
3416221 -0.5 23 12.5 48
3416268 -0.5 23.5 12.5 48
3416315 -0.5 24 12.5 48
3416362 -0.5 24.5 12.5 48
3416409 -0.5 25 12.5 48
3416456 -0.5 25.5 12.5 48
3416503 -0.5 26 12.5 48
3416550 -0.5 26.5 12.5 48
3416597 -0.5 27 12.5 48
3416644 -0.5 27.5 12.5 48
3416691 -0.5 28 12.5 48
3416738 -0.5 28.5 12.5 48
3416785 -0.5 29 12.5 48
3416832 -0.5 29.5 12.5 48
3416879 -0.5 30 12.5 48
3416926 -0.5 30.5 12.5 48
3416973 -0.5 31 12.5 48
3417020 -0.5 31.5 12.5 48
3430791 0 12.5 12.5 48
3430838 0 13 12.5 48
3430885 0 13.5 12.5 48
3430932 0 14 12.5 48
3430979 0 14.5 12.5 48
3431026 0 15 12.5 48
3431073 0 15.5 12.5 48
3431120 0 16 12.5 48
3431167 0 16.5 12.5 48
3431214 0 17 12.5 48
3431261 0 17.5 12.5 48
3431308 0 18 12.5 48
3431355 0 18.5 12.5 48
3431402 0 19 12.5 48
3431449 0 19.5 12.5 48
3431496 0 20 12.5 48
3431543 0 20.5 12.5 48
3431590 0 21 12.5 48
3431637 0 21.5 12.5 48
3431684 0 22 12.5 48
3431731 0 22.5 12.5 48
3431778 0 23 12.5 48
3431825 0 23.5 12.5 48
3431872 0 24 12.5 48
3431919 0 24.5 12.5 48
3431966 0 25 12.5 48
3432013 0 25.5 12.5 48
3432060 0 26 12.5 48
3432107 0 26.5 12.5 48
3432154 0 27 12.5 48
3432201 0 27.5 12.5 48
3432248 0 28 12.5 48
3432295 0 28.5 12.5 48
3432342 0 29 12.5 48
3432389 0 29.5 12.5 48
3432436 0 30 12.5 48
3432483 0 30.5 12.5 48
3446301 0.5 12 12.5 48
3446348 0.5 12.5 12.5 48
3446395 0.5 13 12.5 48
3446442 0.5 13.5 12.5 48
3446489 0.5 14 12.5 48
3446536 0.5 14.5 12.5 48
3446583 0.5 15 12.5 48
3446630 0.5 15.5 12.5 48
3446677 0.5 16 12.5 48
3446724 0.5 16.5 12.5 48
3446771 0.5 17 12.5 48
3446818 0.5 17.5 12.5 48
3446865 0.5 18 12.5 48
3446912 0.5 18.5 12.5 48
3446959 0.5 19 12.5 48
3447006 0.5 19.5 12.5 48
3447053 0.5 20 12.5 48
3447100 0.5 20.5 12.5 48
3447147 0.5 21 12.5 48
3447194 0.5 21.5 12.5 48
3447241 0.5 22 12.5 48
3447288 0.5 22.5 12.5 48
3447335 0.5 23 12.5 48
3447382 0.5 23.5 12.5 48
3447429 0.5 24 12.5 48
3447476 0.5 24.5 12.5 48
3447523 0.5 25 12.5 48
3447570 0.5 25.5 12.5 48
3447617 0.5 26 12.5 48
3447664 0.5 26.5 12.5 48
3447711 0.5 27 12.5 48
3447758 0.5 27.5 12.5 48
3447805 0.5 28 12.5 48
3447852 0.5 28.5 12.5 48
3447899 0.5 29 12.5 48
3447946 0.5 29.5 12.5 48
3447993 0.5 30 12.5 48
3461764 1 11 12.5 48
3461811 1 11.5 12.5 48
3461858 1 12 12.5 48
3461905 1 12.5 12.5 48
3461952 1 13 12.5 48
3461999 1 13.5 12.5 48
3462046 1 14 12.5 48
3462093 1 14.5 12.5 48
3462140 1 15 12.5 48
3462187 1 15.5 12.5 48
3462234 1 16 12.5 48
3462281 1 16.5 12.5 48
3462328 1 17 12.5 48
3462375 1 17.5 12.5 48
3462422 1 18 12.5 48
3462469 1 18.5 12.5 48
3462516 1 19 12.5 48
3462563 1 19.5 12.5 48
3462610 1 20 12.5 48
3462657 1 20.5 12.5 48
3462704 1 21 12.5 48
3462751 1 21.5 12.5 48
3462798 1 22 12.5 48
3462845 1 22.5 12.5 48
3462892 1 23 12.5 48
3462939 1 23.5 12.5 48
3462986 1 24 12.5 48
3463033 1 24.5 12.5 48
3463080 1 25 12.5 48
3463127 1 25.5 12.5 48
3463174 1 26 12.5 48
3463221 1 26.5 12.5 48
3463268 1 27 12.5 48
3463315 1 27.5 12.5 48
3463362 1 28 12.5 48
3463409 1 28.5 12.5 48
3463456 1 29 12.5 48
3477274 1.5 10.5 12.5 48
3477321 1.5 11 12.5 48
3477368 1.5 11.5 12.5 48
3477415 1.5 12 12.5 48
3477462 1.5 12.5 12.5 48
3477509 1.5 13 12.5 48
3477556 1.5 13.5 12.5 48
3477603 1.5 14 12.5 48
3477650 1.5 14.5 12.5 48
3477697 1.5 15 12.5 48
3477744 1.5 15.5 12.5 48
3477791 1.5 16 12.5 48
3477838 1.5 16.5 12.5 48
3477885 1.5 17 12.5 48
3477932 1.5 17.5 12.5 48
3477979 1.5 18 12.5 48
3478026 1.5 18.5 12.5 48
3478073 1.5 19 12.5 48
3478120 1.5 19.5 12.5 48
3478167 1.5 20 12.5 48
3478214 1.5 20.5 12.5 48
3478261 1.5 21 12.5 48
3478308 1.5 21.5 12.5 48
3478355 1.5 22 12.5 48
3478402 1.5 22.5 12.5 48
3478449 1.5 23 12.5 48
3478496 1.5 23.5 12.5 48
3478543 1.5 24 12.5 48
3478590 1.5 24.5 12.5 48
3478637 1.5 25 12.5 48
3478684 1.5 25.5 12.5 48
3478731 1.5 26 12.5 48
3478778 1.5 26.5 12.5 48
3478825 1.5 27 12.5 48
3478872 1.5 27.5 12.5 48
3478919 1.5 28 12.5 48
3478966 1.5 28.5 12.5 48
3492737 2 9.5 12.5 48
3492784 2 10 12.5 48
3492831 2 10.5 12.5 48
3492878 2 11 12.5 48
3492925 2 11.5 12.5 48
3492972 2 12 12.5 48
3493019 2 12.5 12.5 48
3493066 2 13 12.5 48
3493113 2 13.5 12.5 48
3493160 2 14 12.5 48
3493207 2 14.5 12.5 48
3493254 2 15 12.5 48
3493301 2 15.5 12.5 48
3493348 2 16 12.5 48
3493395 2 16.5 12.5 48
3493442 2 17 12.5 48
3493489 2 17.5 12.5 48
3493536 2 18 12.5 48
3493583 2 18.5 12.5 48
3493630 2 19 12.5 48
3493677 2 19.5 12.5 48
3493724 2 20 12.5 48
3493771 2 20.5 12.5 48
3493818 2 21 12.5 48
3493865 2 21.5 12.5 48
3493912 2 22 12.5 48
3493959 2 22.5 12.5 48
3494006 2 23 12.5 48
3494053 2 23.5 12.5 48
3494100 2 24 12.5 48
3494147 2 24.5 12.5 48
3494194 2 25 12.5 48
3494241 2 25.5 12.5 48
3494288 2 26 12.5 48
3494335 2 26.5 12.5 48
3494382 2 27 12.5 48
3494429 2 27.5 12.5 48
3508247 2.5 9 12.5 48
3508294 2.5 9.5 12.5 48
3508341 2.5 10 12.5 48
3508388 2.5 10.5 12.5 48
3508435 2.5 11 12.5 48
3508482 2.5 11.5 12.5 48
3508529 2.5 12 12.5 48
3508576 2.5 12.5 12.5 48
3508623 2.5 13 12.5 48
3508670 2.5 13.5 12.5 48
3508717 2.5 14 12.5 48
3508764 2.5 14.5 12.5 48
3508811 2.5 15 12.5 48
3508858 2.5 15.5 12.5 48
3508905 2.5 16 12.5 48
3508952 2.5 16.5 12.5 48
3508999 2.5 17 12.5 48
3509046 2.5 17.5 12.5 48
3509093 2.5 18 12.5 48
3509140 2.5 18.5 12.5 48
3509187 2.5 19 12.5 48
3509234 2.5 19.5 12.5 48
3509281 2.5 20 12.5 48
3509328 2.5 20.5 12.5 48
3509375 2.5 21 12.5 48
3509422 2.5 21.5 12.5 48
3509469 2.5 22 12.5 48
3509516 2.5 22.5 12.5 48
3509563 2.5 23 12.5 48
3509610 2.5 23.5 12.5 48
3509657 2.5 24 12.5 48
3509704 2.5 24.5 12.5 48
3509751 2.5 25 12.5 48
3509798 2.5 25.5 12.5 48
3509845 2.5 26 12.5 48
3509892 2.5 26.5 12.5 48
3523710 3 8 12.5 48
3523757 3 8.5 12.5 48
3523804 3 9 12.5 48
3523851 3 9.5 12.5 48
3523898 3 10 12.5 48
3523945 3 10.5 12.5 48
3523992 3 11 12.5 48
3524039 3 11.5 12.5 48
3524086 3 12 12.5 48
3524133 3 12.5 12.5 48
3524180 3 13 12.5 48
3524227 3 13.5 12.5 48
3524274 3 14 12.5 48
3524321 3 14.5 12.5 48
3524368 3 15 12.5 48
3524415 3 15.5 12.5 48
3524462 3 16 12.5 48
3524509 3 16.5 12.5 48
3524556 3 17 12.5 48
3524603 3 17.5 12.5 48
3524650 3 18 12.5 48
3524697 3 18.5 12.5 48
3524744 3 19 12.5 48
3524791 3 19.5 12.5 48
3524838 3 20 12.5 48
3524885 3 20.5 12.5 48
3524932 3 21 12.5 48
3524979 3 21.5 12.5 48
3525026 3 22 12.5 48
3525073 3 22.5 12.5 48
3525120 3 23 12.5 48
3525167 3 23.5 12.5 48
3525214 3 24 12.5 48
3525261 3 24.5 12.5 48
3525308 3 25 12.5 48
3525355 3 25.5 12.5 48
3525402 3 26 12.5 48
3539173 3.5 7 12.5 48
3539220 3.5 7.5 12.5 48
3539267 3.5 8 12.5 48
3539314 3.5 8.5 12.5 48
3539361 3.5 9 12.5 48
3539408 3.5 9.5 12.5 48
3539455 3.5 10 12.5 48
3539502 3.5 10.5 12.5 48
3539549 3.5 11 12.5 48
3539596 3.5 11.5 12.5 48
3539643 3.5 12 12.5 48
3539690 3.5 12.5 12.5 48
3539737 3.5 13 12.5 48
3539784 3.5 13.5 12.5 48
3539831 3.5 14 12.5 48
3539878 3.5 14.5 12.5 48
3539925 3.5 15 12.5 48
3539972 3.5 15.5 12.5 48
3540019 3.5 16 12.5 48
3540066 3.5 16.5 12.5 48
3540113 3.5 17 12.5 48
3540160 3.5 17.5 12.5 48
3540207 3.5 18 12.5 48
3540254 3.5 18.5 12.5 48
3540301 3.5 19 12.5 48
3540348 3.5 19.5 12.5 48
3540395 3.5 20 12.5 48
3540442 3.5 20.5 12.5 48
3540489 3.5 21 12.5 48
3540536 3.5 21.5 12.5 48
3540583 3.5 22 12.5 48
3540630 3.5 22.5 12.5 48
3540677 3.5 23 12.5 48
3540724 3.5 23.5 12.5 48
3540771 3.5 24 12.5 48
3540818 3.5 24.5 12.5 48
3540865 3.5 25 12.5 48
3554683 4 6.5 12.5 48
3554730 4 7 12.5 48
3554777 4 7.5 12.5 48
3554824 4 8 12.5 48
3554871 4 8.5 12.5 48
3554918 4 9 12.5 48
3554965 4 9.5 12.5 48
3555012 4 10 12.5 48
3555059 4 10.5 12.5 48
3555106 4 11 12.5 48
3555153 4 11.5 12.5 48
3555200 4 12 12.5 48
3555247 4 12.5 12.5 48
3555294 4 13 12.5 48
3555341 4 13.5 12.5 48
3555388 4 14 12.5 48
3555435 4 14.5 12.5 48
3555482 4 15 12.5 48
3555529 4 15.5 12.5 48
3555576 4 16 12.5 48
3555623 4 16.5 12.5 48
3555670 4 17 12.5 48
3555717 4 17.5 12.5 48
3555764 4 18 12.5 48
3555811 4 18.5 12.5 48
3555858 4 19 12.5 48
3555905 4 19.5 12.5 48
3555952 4 20 12.5 48
3555999 4 20.5 12.5 48
3556046 4 21 12.5 48
3556093 4 21.5 12.5 48
3556140 4 22 12.5 48
3556187 4 22.5 12.5 48
3556234 4 23 12.5 48
3556281 4 23.5 12.5 48
3556328 4 24 12.5 48
3556375 4 24.5 12.5 48
3570146 4.5 5.5 12.5 48
3570193 4.5 6 12.5 48
3570240 4.5 6.5 12.5 48
3570287 4.5 7 12.5 48
3570334 4.5 7.5 12.5 48
3570381 4.5 8 12.5 48
3570428 4.5 8.5 12.5 48
3570475 4.5 9 12.5 48
3570522 4.5 9.5 12.5 48
3570569 4.5 10 12.5 48
3570616 4.5 10.5 12.5 48
3570663 4.5 11 12.5 48
3570710 4.5 11.5 12.5 48
3570757 4.5 12 12.5 48
3570804 4.5 12.5 12.5 48
3570851 4.5 13 12.5 48
3570898 4.5 13.5 12.5 48
3570945 4.5 14 12.5 48
3570992 4.5 14.5 12.5 48
3571039 4.5 15 12.5 48
3571086 4.5 15.5 12.5 48
3571133 4.5 16 12.5 48
3571180 4.5 16.5 12.5 48
3571227 4.5 17 12.5 48
3571274 4.5 17.5 12.5 48
3571321 4.5 18 12.5 48
3571368 4.5 18.5 12.5 48
3571415 4.5 19 12.5 48
3571462 4.5 19.5 12.5 48
3571509 4.5 20 12.5 48
3571556 4.5 20.5 12.5 48
3571603 4.5 21 12.5 48
3571650 4.5 21.5 12.5 48
3571697 4.5 22 12.5 48
3571744 4.5 22.5 12.5 48
3571791 4.5 23 12.5 48
3571838 4.5 23.5 12.5 48
3585656 5 5 12.5 48
3585703 5 5.5 12.5 48
3585750 5 6 12.5 48
3585797 5 6.5 12.5 48
3585844 5 7 12.5 48
3585891 5 7.5 12.5 48
3585938 5 8 12.5 48
3585985 5 8.5 12.5 48
3586032 5 9 12.5 48
3586079 5 9.5 12.5 48
3586126 5 10 12.5 48
3586173 5 10.5 12.5 48
3586220 5 11 12.5 48
3586267 5 11.5 12.5 48
3586314 5 12 12.5 48
3586361 5 12.5 12.5 48
3586408 5 13 12.5 48
3586455 5 13.5 12.5 48
3586502 5 14 12.5 48
3586549 5 14.5 12.5 48
3586596 5 15 12.5 48
3586643 5 15.5 12.5 48
3586690 5 16 12.5 48
3586737 5 16.5 12.5 48
3586784 5 17 12.5 48
3586831 5 17.5 12.5 48
3586878 5 18 12.5 48
3586925 5 18.5 12.5 48
3586972 5 19 12.5 48
3587019 5 19.5 12.5 48
3587066 5 20 12.5 48
3587113 5 20.5 12.5 48
3587160 5 21 12.5 48
3587207 5 21.5 12.5 48
3587254 5 22 12.5 48
3587301 5 22.5 12.5 48
3587348 5 23 12.5 48
3601119 5.5 4 12.5 48
3601166 5.5 4.5 12.5 48
3601213 5.5 5 12.5 48
3601260 5.5 5.5 12.5 48
3601307 5.5 6 12.5 48
3601354 5.5 6.5 12.5 48
3601401 5.5 7 12.5 48
3601448 5.5 7.5 12.5 48
3601495 5.5 8 12.5 48
3601542 5.5 8.5 12.5 48
3601589 5.5 9 12.5 48
3601636 5.5 9.5 12.5 48
3601683 5.5 10 12.5 48
3601730 5.5 10.5 12.5 48
3601777 5.5 11 12.5 48
3601824 5.5 11.5 12.5 48
3601871 5.5 12 12.5 48
3601918 5.5 12.5 12.5 48
3601965 5.5 13 12.5 48
3602012 5.5 13.5 12.5 48
3602059 5.5 14 12.5 48
3602106 5.5 14.5 12.5 48
3602153 5.5 15 12.5 48
3602200 5.5 15.5 12.5 48
3602247 5.5 16 12.5 48
3602294 5.5 16.5 12.5 48
3602341 5.5 17 12.5 48
3602388 5.5 17.5 12.5 48
3602435 5.5 18 12.5 48
3602482 5.5 18.5 12.5 48
3602529 5.5 19 12.5 48
3602576 5.5 19.5 12.5 48
3602623 5.5 20 12.5 48
3602670 5.5 20.5 12.5 48
3602717 5.5 21 12.5 48
3602764 5.5 21.5 12.5 48
3602811 5.5 22 12.5 48
3616629 6 3.5 12.5 48
3616676 6 4 12.5 48
3616723 6 4.5 12.5 48
3616770 6 5 12.5 48
3616817 6 5.5 12.5 48
3616864 6 6 12.5 48
3616911 6 6.5 12.5 48
3616958 6 7 12.5 48
3617005 6 7.5 12.5 48
3617052 6 8 12.5 48
3617099 6 8.5 12.5 48
3617146 6 9 12.5 48
3617193 6 9.5 12.5 48
3617240 6 10 12.5 48
3617287 6 10.5 12.5 48
3617334 6 11 12.5 48
3617381 6 11.5 12.5 48
3617428 6 12 12.5 48
3617475 6 12.5 12.5 48
3617522 6 13 12.5 48
3617569 6 13.5 12.5 48
3617616 6 14 12.5 48
3617663 6 14.5 12.5 48
3617710 6 15 12.5 48
3617757 6 15.5 12.5 48
3617804 6 16 12.5 48
3617851 6 16.5 12.5 48
3617898 6 17 12.5 48
3617945 6 17.5 12.5 48
3617992 6 18 12.5 48
3618039 6 18.5 12.5 48
3618086 6 19 12.5 48
3618133 6 19.5 12.5 48
3618180 6 20 12.5 48
3618227 6 20.5 12.5 48
3618274 6 21 12.5 48
3618321 6 21.5 12.5 48
3632092 6.5 2.5 12.5 48
3632139 6.5 3 12.5 48
3632186 6.5 3.5 12.5 48
3632233 6.5 4 12.5 48
3632280 6.5 4.5 12.5 48
3632327 6.5 5 12.5 48
3632374 6.5 5.5 12.5 48
3632421 6.5 6 12.5 48
3632468 6.5 6.5 12.5 48
3632515 6.5 7 12.5 48
3632562 6.5 7.5 12.5 48
3632609 6.5 8 12.5 48
3632656 6.5 8.5 12.5 48
3632703 6.5 9 12.5 48
3632750 6.5 9.5 12.5 48
3632797 6.5 10 12.5 48
3632844 6.5 10.5 12.5 48
3632891 6.5 11 12.5 48
3632938 6.5 11.5 12.5 48
3632985 6.5 12 12.5 48
3633032 6.5 12.5 12.5 48
3633079 6.5 13 12.5 48
3633126 6.5 13.5 12.5 48
3633173 6.5 14 12.5 48
3633220 6.5 14.5 12.5 48
3633267 6.5 15 12.5 48
3633314 6.5 15.5 12.5 48
3633361 6.5 16 12.5 48
3633408 6.5 16.5 12.5 48
3633455 6.5 17 12.5 48
3633502 6.5 17.5 12.5 48
3633549 6.5 18 12.5 48
3633596 6.5 18.5 12.5 48
3633643 6.5 19 12.5 48
3633690 6.5 19.5 12.5 48
3633737 6.5 20 12.5 48
3633784 6.5 20.5 12.5 48
3647602 7 2 12.5 48
3647649 7 2.5 12.5 48
3647696 7 3 12.5 48
3647743 7 3.5 12.5 48
3647790 7 4 12.5 48
3647837 7 4.5 12.5 48
3647884 7 5 12.5 48
3647931 7 5.5 12.5 48
3647978 7 6 12.5 48
3648025 7 6.5 12.5 48
3648072 7 7 12.5 48
3648119 7 7.5 12.5 48
3648166 7 8 12.5 48
3648213 7 8.5 12.5 48
3648260 7 9 12.5 48
3648307 7 9.5 12.5 48
3648354 7 10 12.5 48
3648401 7 10.5 12.5 48
3648448 7 11 12.5 48
3648495 7 11.5 12.5 48
3648542 7 12 12.5 48
3648589 7 12.5 12.5 48
3648636 7 13 12.5 48
3648683 7 13.5 12.5 48
3648730 7 14 12.5 48
3648777 7 14.5 12.5 48
3648824 7 15 12.5 48
3648871 7 15.5 12.5 48
3648918 7 16 12.5 48
3648965 7 16.5 12.5 48
3649012 7 17 12.5 48
3649059 7 17.5 12.5 48
3649106 7 18 12.5 48
3649153 7 18.5 12.5 48
3649200 7 19 12.5 48
3649247 7 19.5 12.5 48
3649294 7 20 12.5 48
3663065 7.5 1 12.5 48
3663112 7.5 1.5 12.5 48
3663159 7.5 2 12.5 48
3663206 7.5 2.5 12.5 48
3663253 7.5 3 12.5 48
3663300 7.5 3.5 12.5 48
3663347 7.5 4 12.5 48
3663394 7.5 4.5 12.5 48
3663441 7.5 5 12.5 48
3663488 7.5 5.5 12.5 48
3663535 7.5 6 12.5 48
3663582 7.5 6.5 12.5 48
3663629 7.5 7 12.5 48
3663676 7.5 7.5 12.5 48
3663723 7.5 8 12.5 48
3663770 7.5 8.5 12.5 48
3663817 7.5 9 12.5 48
3663864 7.5 9.5 12.5 48
3663911 7.5 10 12.5 48
3663958 7.5 10.5 12.5 48
3664005 7.5 11 12.5 48
3664052 7.5 11.5 12.5 48
3664099 7.5 12 12.5 48
3664146 7.5 12.5 12.5 48
3664193 7.5 13 12.5 48
3664240 7.5 13.5 12.5 48
3664287 7.5 14 12.5 48
3664334 7.5 14.5 12.5 48
3664381 7.5 15 12.5 48
3664428 7.5 15.5 12.5 48
3664475 7.5 16 12.5 48
3664522 7.5 16.5 12.5 48
3664569 7.5 17 12.5 48
3664616 7.5 17.5 12.5 48
3664663 7.5 18 12.5 48
3664710 7.5 18.5 12.5 48
3664757 7.5 19 12.5 48
3678575 8 0.5 12.5 48
3678622 8 1 12.5 48
3678669 8 1.5 12.5 48
3678716 8 2 12.5 48
3678763 8 2.5 12.5 48
3678810 8 3 12.5 48
3678857 8 3.5 12.5 48
3678904 8 4 12.5 48
3678951 8 4.5 12.5 48
3678998 8 5 12.5 48
3679045 8 5.5 12.5 48
3679092 8 6 12.5 48
3679139 8 6.5 12.5 48
3679186 8 7 12.5 48
3679233 8 7.5 12.5 48
3679280 8 8 12.5 48
3679327 8 8.5 12.5 48
3679374 8 9 12.5 48
3679421 8 9.5 12.5 48
3679468 8 10 12.5 48
3679515 8 10.5 12.5 48
3679562 8 11 12.5 48
3679609 8 11.5 12.5 48
3679656 8 12 12.5 48
3679703 8 12.5 12.5 48
3679750 8 13 12.5 48
3679797 8 13.5 12.5 48
3679844 8 14 12.5 48
3679891 8 14.5 12.5 48
3679938 8 15 12.5 48
3679985 8 15.5 12.5 48
3680032 8 16 12.5 48
3680079 8 16.5 12.5 48
3680126 8 17 12.5 48
3680173 8 17.5 12.5 48
3680220 8 18 12.5 48
3694038 8.5 -0.5 12.5 48
3694085 8.5 0 12.5 48
3694132 8.5 0.5 12.5 48
3694179 8.5 1 12.5 48
3694226 8.5 1.5 12.5 48
3694273 8.5 2 12.5 48
3694320 8.5 2.5 12.5 48
3694367 8.5 3 12.5 48
3694414 8.5 3.5 12.5 48
3694461 8.5 4 12.5 48
3694508 8.5 4.5 12.5 48
3694555 8.5 5 12.5 48
3694602 8.5 5.5 12.5 48
3694649 8.5 6 12.5 48
3694696 8.5 6.5 12.5 48
3694743 8.5 7 12.5 48
3694790 8.5 7.5 12.5 48
3694837 8.5 8 12.5 48
3694884 8.5 8.5 12.5 48
3694931 8.5 9 12.5 48
3694978 8.5 9.5 12.5 48
3695025 8.5 10 12.5 48
3695072 8.5 10.5 12.5 48
3695119 8.5 11 12.5 48
3695166 8.5 11.5 12.5 48
3695213 8.5 12 12.5 48
3695260 8.5 12.5 12.5 48
3695307 8.5 13 12.5 48
3695354 8.5 13.5 12.5 48
3695401 8.5 14 12.5 48
3695448 8.5 14.5 12.5 48
3695495 8.5 15 12.5 48
3695542 8.5 15.5 12.5 48
3695589 8.5 16 12.5 48
3695636 8.5 16.5 12.5 48
3695683 8.5 17 12.5 48
3695730 8.5 17.5 12.5 48
3709501 9 -1.5 12.5 48
3709548 9 -1 12.5 48
3709595 9 -0.5 12.5 48
3709642 9 0 12.5 48
3709689 9 0.5 12.5 48
3709736 9 1 12.5 48
3709783 9 1.5 12.5 48
3709830 9 2 12.5 48
3709877 9 2.5 12.5 48
3709924 9 3 12.5 48
3709971 9 3.5 12.5 48
3710018 9 4 12.5 48
3710065 9 4.5 12.5 48
3710112 9 5 12.5 48
3710159 9 5.5 12.5 48
3710206 9 6 12.5 48
3710253 9 6.5 12.5 48
3710300 9 7 12.5 48
3710347 9 7.5 12.5 48
3710394 9 8 12.5 48
3710441 9 8.5 12.5 48
3710488 9 9 12.5 48
3710535 9 9.5 12.5 48
3710582 9 10 12.5 48
3710629 9 10.5 12.5 48
3710676 9 11 12.5 48
3710723 9 11.5 12.5 48
3710770 9 12 12.5 48
3710817 9 12.5 12.5 48
3710864 9 13 12.5 48
3710911 9 13.5 12.5 48
3710958 9 14 12.5 48
3711005 9 14.5 12.5 48
3711052 9 15 12.5 48
3711099 9 15.5 12.5 48
3711146 9 16 12.5 48
3711193 9 16.5 12.5 48
3725011 9.5 -2 12.5 48
3725058 9.5 -1.5 12.5 48
3725105 9.5 -1 12.5 48
3725152 9.5 -0.5 12.5 48
3725199 9.5 0 12.5 48
3725246 9.5 0.5 12.5 48
3725293 9.5 1 12.5 48
3725340 9.5 1.5 12.5 48
3725387 9.5 2 12.5 48
3725434 9.5 2.5 12.5 48
3725481 9.5 3 12.5 48
3725528 9.5 3.5 12.5 48
3725575 9.5 4 12.5 48
3725622 9.5 4.5 12.5 48
3725669 9.5 5 12.5 48
3725716 9.5 5.5 12.5 48
3725763 9.5 6 12.5 48
3725810 9.5 6.5 12.5 48
3725857 9.5 7 12.5 48
3725904 9.5 7.5 12.5 48
3725951 9.5 8 12.5 48
3725998 9.5 8.5 12.5 48
3726045 9.5 9 12.5 48
3726092 9.5 9.5 12.5 48
3726139 9.5 10 12.5 48
3726186 9.5 10.5 12.5 48
3726233 9.5 11 12.5 48
3726280 9.5 11.5 12.5 48
3726327 9.5 12 12.5 48
3726374 9.5 12.5 12.5 48
3726421 9.5 13 12.5 48
3726468 9.5 13.5 12.5 48
3726515 9.5 14 12.5 48
3726562 9.5 14.5 12.5 48
3726609 9.5 15 12.5 48
3726656 9.5 15.5 12.5 48
3726703 9.5 16 12.5 48
3740474 10 -3 12.5 48
3740521 10 -2.5 12.5 48
3740568 10 -2 12.5 48
3740615 10 -1.5 12.5 48
3740662 10 -1 12.5 48
3740709 10 -0.5 12.5 48
3740756 10 0 12.5 48
3740803 10 0.5 12.5 48
3740850 10 1 12.5 48
3740897 10 1.5 12.5 48
3740944 10 2 12.5 48
3740991 10 2.5 12.5 48
3741038 10 3 12.5 48
3741085 10 3.5 12.5 48
3741132 10 4 12.5 48
3741179 10 4.5 12.5 48
3741226 10 5 12.5 48
3741273 10 5.5 12.5 48
3741320 10 6 12.5 48
3741367 10 6.5 12.5 48
3741414 10 7 12.5 48
3741461 10 7.5 12.5 48
3741508 10 8 12.5 48
3741555 10 8.5 12.5 48
3741602 10 9 12.5 48
3741649 10 9.5 12.5 48
3741696 10 10 12.5 48
3741743 10 10.5 12.5 48
3741790 10 11 12.5 48
3741837 10 11.5 12.5 48
3741884 10 12 12.5 48
3741931 10 12.5 12.5 48
3741978 10 13 12.5 48
3742025 10 13.5 12.5 48
3742072 10 14 12.5 48
3742119 10 14.5 12.5 48
3742166 10 15 12.5 48
3755984 10.5 -3.5 12.5 48
3756031 10.5 -3 12.5 48
3756078 10.5 -2.5 12.5 48
3756125 10.5 -2 12.5 48
3756172 10.5 -1.5 12.5 48
3756219 10.5 -1 12.5 48
3756266 10.5 -0.5 12.5 48
3756313 10.5 0 12.5 48
3756360 10.5 0.5 12.5 48
3756407 10.5 1 12.5 48
3756454 10.5 1.5 12.5 48
3756501 10.5 2 12.5 48
3756548 10.5 2.5 12.5 48
3756595 10.5 3 12.5 48
3756642 10.5 3.5 12.5 48
3756689 10.5 4 12.5 48
3756736 10.5 4.5 12.5 48
3756783 10.5 5 12.5 48
3756830 10.5 5.5 12.5 48
3756877 10.5 6 12.5 48
3756924 10.5 6.5 12.5 48
3756971 10.5 7 12.5 48
3757018 10.5 7.5 12.5 48
3757065 10.5 8 12.5 48
3757112 10.5 8.5 12.5 48
3757159 10.5 9 12.5 48
3757206 10.5 9.5 12.5 48
3757253 10.5 10 12.5 48
3757300 10.5 10.5 12.5 48
3757347 10.5 11 12.5 48
3757394 10.5 11.5 12.5 48
3757441 10.5 12 12.5 48
3757488 10.5 12.5 12.5 48
3757535 10.5 13 12.5 48
3757582 10.5 13.5 12.5 48
3757629 10.5 14 12.5 48
3757676 10.5 14.5 12.5 48
3771447 11 -4.5 12.5 48
3771494 11 -4 12.5 48
3771541 11 -3.5 12.5 48
3771588 11 -3 12.5 48
3771635 11 -2.5 12.5 48
3771682 11 -2 12.5 48
3771729 11 -1.5 12.5 48
3771776 11 -1 12.5 48
3771823 11 -0.5 12.5 48
3771870 11 0 12.5 48
3771917 11 0.5 12.5 48
3771964 11 1 12.5 48
3772011 11 1.5 12.5 48
3772058 11 2 12.5 48
3772105 11 2.5 12.5 48
3772152 11 3 12.5 48
3772199 11 3.5 12.5 48
3772246 11 4 12.5 48
3772293 11 4.5 12.5 48
3772340 11 5 12.5 48
3772387 11 5.5 12.5 48
3772434 11 6 12.5 48
3772481 11 6.5 12.5 48
3772528 11 7 12.5 48
3772575 11 7.5 12.5 48
3772622 11 8 12.5 48
3772669 11 8.5 12.5 48
3772716 11 9 12.5 48
3772763 11 9.5 12.5 48
3772810 11 10 12.5 48
3772857 11 10.5 12.5 48
3772904 11 11 12.5 48
3772951 11 11.5 12.5 48
3772998 11 12 12.5 48
3773045 11 12.5 12.5 48
3773092 11 13 12.5 48
3773139 11 13.5 12.5 48
3786957 11.5 -5 12.5 48
3787004 11.5 -4.5 12.5 48
3787051 11.5 -4 12.5 48
3787098 11.5 -3.5 12.5 48
3787145 11.5 -3 12.5 48
3787192 11.5 -2.5 12.5 48
3787239 11.5 -2 12.5 48
3787286 11.5 -1.5 12.5 48
3787333 11.5 -1 12.5 48
3787380 11.5 -0.5 12.5 48
3787427 11.5 0 12.5 48
3787474 11.5 0.5 12.5 48
3787521 11.5 1 12.5 48
3787568 11.5 1.5 12.5 48
3787615 11.5 2 12.5 48
3787662 11.5 2.5 12.5 48
3787709 11.5 3 12.5 48
3787756 11.5 3.5 12.5 48
3787803 11.5 4 12.5 48
3787850 11.5 4.5 12.5 48
3787897 11.5 5 12.5 48
3787944 11.5 5.5 12.5 48
3787991 11.5 6 12.5 48
3788038 11.5 6.5 12.5 48
3788085 11.5 7 12.5 48
3788132 11.5 7.5 12.5 48
3788179 11.5 8 12.5 48
3788226 11.5 8.5 12.5 48
3788273 11.5 9 12.5 48
3788320 11.5 9.5 12.5 48
3788367 11.5 10 12.5 48
3788414 11.5 10.5 12.5 48
3788461 11.5 11 12.5 48
3788508 11.5 11.5 12.5 48
3788555 11.5 12 12.5 48
3788602 11.5 12.5 12.5 48
3788649 11.5 13 12.5 48
3802420 12 -6 12.5 48
3802467 12 -5.5 12.5 48
3802514 12 -5 12.5 48
3802561 12 -4.5 12.5 48
3802608 12 -4 12.5 48
3802655 12 -3.5 12.5 48
3802702 12 -3 12.5 48
3802749 12 -2.5 12.5 48
3802796 12 -2 12.5 48
3802843 12 -1.5 12.5 48
3802890 12 -1 12.5 48
3802937 12 -0.5 12.5 48
3802984 12 0 12.5 48
3803031 12 0.5 12.5 48
3803078 12 1 12.5 48
3803125 12 1.5 12.5 48
3803172 12 2 12.5 48
3803219 12 2.5 12.5 48
3803266 12 3 12.5 48
3803313 12 3.5 12.5 48
3803360 12 4 12.5 48
3803407 12 4.5 12.5 48
3803454 12 5 12.5 48
3803501 12 5.5 12.5 48
3803548 12 6 12.5 48
3803595 12 6.5 12.5 48
3803642 12 7 12.5 48
3803689 12 7.5 12.5 48
3803736 12 8 12.5 48
3803783 12 8.5 12.5 48
3803830 12 9 12.5 48
3803877 12 9.5 12.5 48
3803924 12 10 12.5 48
3803971 12 10.5 12.5 48
3804018 12 11 12.5 48
3804065 12 11.5 12.5 48
3804112 12 12 12.5 48
3817930 12.5 -6.5 12.5 48
3817977 12.5 -6 12.5 48
3818024 12.5 -5.5 12.5 48
3818071 12.5 -5 12.5 48
3818118 12.5 -4.5 12.5 48
3818165 12.5 -4 12.5 48
3818212 12.5 -3.5 12.5 48
3818259 12.5 -3 12.5 48
3818306 12.5 -2.5 12.5 48
3818353 12.5 -2 12.5 48
3818400 12.5 -1.5 12.5 48
3818447 12.5 -1 12.5 48
3818494 12.5 -0.5 12.5 48
3818541 12.5 0 12.5 48
3818588 12.5 0.5 12.5 48
3818635 12.5 1 12.5 48
3818682 12.5 1.5 12.5 48
3818729 12.5 2 12.5 48
3818776 12.5 2.5 12.5 48
3818823 12.5 3 12.5 48
3818870 12.5 3.5 12.5 48
3818917 12.5 4 12.5 48
3818964 12.5 4.5 12.5 48
3819011 12.5 5 12.5 48
3819058 12.5 5.5 12.5 48
3819105 12.5 6 12.5 48
3819152 12.5 6.5 12.5 48
3819199 12.5 7 12.5 48
3819246 12.5 7.5 12.5 48
3819293 12.5 8 12.5 48
3819340 12.5 8.5 12.5 48
3819387 12.5 9 12.5 48
3819434 12.5 9.5 12.5 48
3819481 12.5 10 12.5 48
3819528 12.5 10.5 12.5 48
3819575 12.5 11 12.5 48
3819622 12.5 11.5 12.5 48
3833393 13 -7.5 12.5 48
3833440 13 -7 12.5 48
3833487 13 -6.5 12.5 48
3833534 13 -6 12.5 48
3833581 13 -5.5 12.5 48
3833628 13 -5 12.5 48
3833675 13 -4.5 12.5 48
3833722 13 -4 12.5 48
3833769 13 -3.5 12.5 48
3833816 13 -3 12.5 48
3833863 13 -2.5 12.5 48
3833910 13 -2 12.5 48
3833957 13 -1.5 12.5 48
3834004 13 -1 12.5 48
3834051 13 -0.5 12.5 48
3834098 13 0 12.5 48
3834145 13 0.5 12.5 48
3834192 13 1 12.5 48
3834239 13 1.5 12.5 48
3834286 13 2 12.5 48
3834333 13 2.5 12.5 48
3834380 13 3 12.5 48
3834427 13 3.5 12.5 48
3834474 13 4 12.5 48
3834521 13 4.5 12.5 48
3834568 13 5 12.5 48
3834615 13 5.5 12.5 48
3834662 13 6 12.5 48
3834709 13 6.5 12.5 48
3834756 13 7 12.5 48
3834803 13 7.5 12.5 48
3834850 13 8 12.5 48
3834897 13 8.5 12.5 48
3834944 13 9 12.5 48
3834991 13 9.5 12.5 48
3835038 13 10 12.5 48
3835085 13 10.5 12.5 48
3848856 13.5 -8.5 12.5 48
3848903 13.5 -8 12.5 48
3848950 13.5 -7.5 12.5 48
3848997 13.5 -7 12.5 48
3849044 13.5 -6.5 12.5 48
3849091 13.5 -6 12.5 48
3849138 13.5 -5.5 12.5 48
3849185 13.5 -5 12.5 48
3849232 13.5 -4.5 12.5 48
3849279 13.5 -4 12.5 48
3849326 13.5 -3.5 12.5 48
3849373 13.5 -3 12.5 48
3849420 13.5 -2.5 12.5 48
3849467 13.5 -2 12.5 48
3849514 13.5 -1.5 12.5 48
3849561 13.5 -1 12.5 48
3849608 13.5 -0.5 12.5 48
3849655 13.5 0 12.5 48
3849702 13.5 0.5 12.5 48
3849749 13.5 1 12.5 48
3849796 13.5 1.5 12.5 48
3849843 13.5 2 12.5 48
3849890 13.5 2.5 12.5 48
3849937 13.5 3 12.5 48
3849984 13.5 3.5 12.5 48
3850031 13.5 4 12.5 48
3850078 13.5 4.5 12.5 48
3850125 13.5 5 12.5 48
3850172 13.5 5.5 12.5 48
3850219 13.5 6 12.5 48
3850266 13.5 6.5 12.5 48
3850313 13.5 7 12.5 48
3850360 13.5 7.5 12.5 48
3850407 13.5 8 12.5 48
3850454 13.5 8.5 12.5 48
3850501 13.5 9 12.5 48
3850548 13.5 9.5 12.5 48
3864366 14 -9 12.5 48
3864413 14 -8.5 12.5 48
3864460 14 -8 12.5 48
3864507 14 -7.5 12.5 48
3864554 14 -7 12.5 48
3864601 14 -6.5 12.5 48
3864648 14 -6 12.5 48
3864695 14 -5.5 12.5 48
3864742 14 -5 12.5 48
3864789 14 -4.5 12.5 48
3864836 14 -4 12.5 48
3864883 14 -3.5 12.5 48
3864930 14 -3 12.5 48
3864977 14 -2.5 12.5 48
3865024 14 -2 12.5 48
3865071 14 -1.5 12.5 48
3865118 14 -1 12.5 48
3865165 14 -0.5 12.5 48
3865212 14 0 12.5 48
3865259 14 0.5 12.5 48
3865306 14 1 12.5 48
3865353 14 1.5 12.5 48
3865400 14 2 12.5 48
3865447 14 2.5 12.5 48
3865494 14 3 12.5 48
3865541 14 3.5 12.5 48
3865588 14 4 12.5 48
3865635 14 4.5 12.5 48
3865682 14 5 12.5 48
3865729 14 5.5 12.5 48
3865776 14 6 12.5 48
3865823 14 6.5 12.5 48
3865870 14 7 12.5 48
3865917 14 7.5 12.5 48
3865964 14 8 12.5 48
3866011 14 8.5 12.5 48
3866058 14 9 12.5 48
3879829 14.5 -10 12.5 48
3879876 14.5 -9.5 12.5 48
3879923 14.5 -9 12.5 48
3879970 14.5 -8.5 12.5 48
3880017 14.5 -8 12.5 48
3880064 14.5 -7.5 12.5 48
3880111 14.5 -7 12.5 48
3880158 14.5 -6.5 12.5 48
3880205 14.5 -6 12.5 48
3880252 14.5 -5.5 12.5 48
3880299 14.5 -5 12.5 48
3880346 14.5 -4.5 12.5 48
3880393 14.5 -4 12.5 48
3880440 14.5 -3.5 12.5 48
3880487 14.5 -3 12.5 48
3880534 14.5 -2.5 12.5 48
3880581 14.5 -2 12.5 48
3880628 14.5 -1.5 12.5 48
3880675 14.5 -1 12.5 48
3880722 14.5 -0.5 12.5 48
3880769 14.5 0 12.5 48
3880816 14.5 0.5 12.5 48
3880863 14.5 1 12.5 48
3880910 14.5 1.5 12.5 48
3880957 14.5 2 12.5 48
3881004 14.5 2.5 12.5 48
3881051 14.5 3 12.5 48
3881098 14.5 3.5 12.5 48
3881145 14.5 4 12.5 48
3881192 14.5 4.5 12.5 48
3881239 14.5 5 12.5 48
3881286 14.5 5.5 12.5 48
3881333 14.5 6 12.5 48
3881380 14.5 6.5 12.5 48
3881427 14.5 7 12.5 48
3881474 14.5 7.5 12.5 48
3881521 14.5 8 12.5 48
3895339 15 -10.5 12.5 48
3895386 15 -10 12.5 48
3895433 15 -9.5 12.5 48
3895480 15 -9 12.5 48
3895527 15 -8.5 12.5 48
3895574 15 -8 12.5 48
3895621 15 -7.5 12.5 48
3895668 15 -7 12.5 48
3895715 15 -6.5 12.5 48
3895762 15 -6 12.5 48
3895809 15 -5.5 12.5 48
3895856 15 -5 12.5 48
3895903 15 -4.5 12.5 48
3895950 15 -4 12.5 48
3895997 15 -3.5 12.5 48
3896044 15 -3 12.5 48
3896091 15 -2.5 12.5 48
3896138 15 -2 12.5 48
3896185 15 -1.5 12.5 48
3896232 15 -1 12.5 48
3896279 15 -0.5 12.5 48
3896326 15 0 12.5 48
3896373 15 0.5 12.5 48
3896420 15 1 12.5 48
3896467 15 1.5 12.5 48
3896514 15 2 12.5 48
3896561 15 2.5 12.5 48
3896608 15 3 12.5 48
3896655 15 3.5 12.5 48
3896702 15 4 12.5 48
3896749 15 4.5 12.5 48
3896796 15 5 12.5 48
3896843 15 5.5 12.5 48
3896890 15 6 12.5 48
3896937 15 6.5 12.5 48
3896984 15 7 12.5 48
3897031 15 7.5 12.5 48
3910802 15.5 -11.5 12.5 48
3910849 15.5 -11 12.5 48
3910896 15.5 -10.5 12.5 48
3910943 15.5 -10 12.5 48
3910990 15.5 -9.5 12.5 48
3911037 15.5 -9 12.5 48
3911084 15.5 -8.5 12.5 48
3911131 15.5 -8 12.5 48
3911178 15.5 -7.5 12.5 48
3911225 15.5 -7 12.5 48
3911272 15.5 -6.5 12.5 48
3911319 15.5 -6 12.5 48
3911366 15.5 -5.5 12.5 48
3911413 15.5 -5 12.5 48
3911460 15.5 -4.5 12.5 48
3911507 15.5 -4 12.5 48
3911554 15.5 -3.5 12.5 48
3911601 15.5 -3 12.5 48
3911648 15.5 -2.5 12.5 48
3911695 15.5 -2 12.5 48
3911742 15.5 -1.5 12.5 48
3911789 15.5 -1 12.5 48
3911836 15.5 -0.5 12.5 48
3911883 15.5 0 12.5 48
3911930 15.5 0.5 12.5 48
3911977 15.5 1 12.5 48
3912024 15.5 1.5 12.5 48
3912071 15.5 2 12.5 48
3912118 15.5 2.5 12.5 48
3912165 15.5 3 12.5 48
3912212 15.5 3.5 12.5 48
3912259 15.5 4 12.5 48
3912306 15.5 4.5 12.5 48
3912353 15.5 5 12.5 48
3912400 15.5 5.5 12.5 48
3912447 15.5 6 12.5 48
3912494 15.5 6.5 12.5 48
3926312 16 -12 12.5 48
3926359 16 -11.5 12.5 48
3926406 16 -11 12.5 48
3926453 16 -10.5 12.5 48
3926500 16 -10 12.5 48
3926547 16 -9.5 12.5 48
3926594 16 -9 12.5 48
3926641 16 -8.5 12.5 48
3926688 16 -8 12.5 48
3926735 16 -7.5 12.5 48
3926782 16 -7 12.5 48
3926829 16 -6.5 12.5 48
3926876 16 -6 12.5 48
3926923 16 -5.5 12.5 48
3926970 16 -5 12.5 48
3927017 16 -4.5 12.5 48
3927064 16 -4 12.5 48
3927111 16 -3.5 12.5 48
3927158 16 -3 12.5 48
3927205 16 -2.5 12.5 48
3927252 16 -2 12.5 48
3927299 16 -1.5 12.5 48
3927346 16 -1 12.5 48
3927393 16 -0.5 12.5 48
3927440 16 0 12.5 48
3927487 16 0.5 12.5 48
3927534 16 1 12.5 48
3927581 16 1.5 12.5 48
3927628 16 2 12.5 48
3927675 16 2.5 12.5 48
3927722 16 3 12.5 48
3927769 16 3.5 12.5 48
3927816 16 4 12.5 48
3927863 16 4.5 12.5 48
3927910 16 5 12.5 48
3927957 16 5.5 12.5 48
3928004 16 6 12.5 48
3941775 16.5 -13 12.5 48
3941822 16.5 -12.5 12.5 48
3941869 16.5 -12 12.5 48
3941916 16.5 -11.5 12.5 48
3941963 16.5 -11 12.5 48
3942010 16.5 -10.5 12.5 48
3942057 16.5 -10 12.5 48
3942104 16.5 -9.5 12.5 48
3942151 16.5 -9 12.5 48
3942198 16.5 -8.5 12.5 48
3942245 16.5 -8 12.5 48
3942292 16.5 -7.5 12.5 48
3942339 16.5 -7 12.5 48
3942386 16.5 -6.5 12.5 48
3942433 16.5 -6 12.5 48
3942480 16.5 -5.5 12.5 48
3942527 16.5 -5 12.5 48
3942574 16.5 -4.5 12.5 48
3942621 16.5 -4 12.5 48
3942668 16.5 -3.5 12.5 48
3942715 16.5 -3 12.5 48
3942762 16.5 -2.5 12.5 48
3942809 16.5 -2 12.5 48
3942856 16.5 -1.5 12.5 48
3942903 16.5 -1 12.5 48
3942950 16.5 -0.5 12.5 48
3942997 16.5 0 12.5 48
3943044 16.5 0.5 12.5 48
3943091 16.5 1 12.5 48
3943138 16.5 1.5 12.5 48
3943185 16.5 2 12.5 48
3943232 16.5 2.5 12.5 48
3943279 16.5 3 12.5 48
3943326 16.5 3.5 12.5 48
3943373 16.5 4 12.5 48
3943420 16.5 4.5 12.5 48
3943467 16.5 5 12.5 48
3957285 17 -13.5 12.5 48
3957332 17 -13 12.5 48
3957379 17 -12.5 12.5 48
3957426 17 -12 12.5 48
3957473 17 -11.5 12.5 48
3957520 17 -11 12.5 48
3957567 17 -10.5 12.5 48
3957614 17 -10 12.5 48
3957661 17 -9.5 12.5 48
3957708 17 -9 12.5 48
3957755 17 -8.5 12.5 48
3957802 17 -8 12.5 48
3957849 17 -7.5 12.5 48
3957896 17 -7 12.5 48
3957943 17 -6.5 12.5 48
3957990 17 -6 12.5 48
3958037 17 -5.5 12.5 48
3958084 17 -5 12.5 48
3958131 17 -4.5 12.5 48
3958178 17 -4 12.5 48
3958225 17 -3.5 12.5 48
3958272 17 -3 12.5 48
3958319 17 -2.5 12.5 48
3958366 17 -2 12.5 48
3958413 17 -1.5 12.5 48
3958460 17 -1 12.5 48
3958507 17 -0.5 12.5 48
3958554 17 0 12.5 48
3958601 17 0.5 12.5 48
3958648 17 1 12.5 48
3958695 17 1.5 12.5 48
3958742 17 2 12.5 48
3958789 17 2.5 12.5 48
3958836 17 3 12.5 48
3958883 17 3.5 12.5 48
3958930 17 4 12.5 48
3958977 17 4.5 12.5 48
3972748 17.5 -14.5 12.5 48
3972795 17.5 -14 12.5 48
3972842 17.5 -13.5 12.5 48
3972889 17.5 -13 12.5 48
3972936 17.5 -12.5 12.5 48
3972983 17.5 -12 12.5 48
3973030 17.5 -11.5 12.5 48
3973077 17.5 -11 12.5 48
3973124 17.5 -10.5 12.5 48
3973171 17.5 -10 12.5 48
3973218 17.5 -9.5 12.5 48
3973265 17.5 -9 12.5 48
3973312 17.5 -8.5 12.5 48
3973359 17.5 -8 12.5 48
3973406 17.5 -7.5 12.5 48
3973453 17.5 -7 12.5 48
3973500 17.5 -6.5 12.5 48
3973547 17.5 -6 12.5 48
3973594 17.5 -5.5 12.5 48
3973641 17.5 -5 12.5 48
3973688 17.5 -4.5 12.5 48
3973735 17.5 -4 12.5 48
3973782 17.5 -3.5 12.5 48
3973829 17.5 -3 12.5 48
3973876 17.5 -2.5 12.5 48
3973923 17.5 -2 12.5 48
3973970 17.5 -1.5 12.5 48
3974017 17.5 -1 12.5 48
3974064 17.5 -0.5 12.5 48
3974111 17.5 0 12.5 48
3974158 17.5 0.5 12.5 48
3974205 17.5 1 12.5 48
3974252 17.5 1.5 12.5 48
3974299 17.5 2 12.5 48
3974346 17.5 2.5 12.5 48
3974393 17.5 3 12.5 48
3974440 17.5 3.5 12.5 48
3988258 18 -15 12.5 48
3988305 18 -14.5 12.5 48
3988352 18 -14 12.5 48
3988399 18 -13.5 12.5 48
3988446 18 -13 12.5 48
3988493 18 -12.5 12.5 48
3988540 18 -12 12.5 48
3988587 18 -11.5 12.5 48
3988634 18 -11 12.5 48
3988681 18 -10.5 12.5 48
3988728 18 -10 12.5 48
3988775 18 -9.5 12.5 48
3988822 18 -9 12.5 48
3988869 18 -8.5 12.5 48
3988916 18 -8 12.5 48
3988963 18 -7.5 12.5 48
3989010 18 -7 12.5 48
3989057 18 -6.5 12.5 48
3989104 18 -6 12.5 48
3989151 18 -5.5 12.5 48
3989198 18 -5 12.5 48
3989245 18 -4.5 12.5 48
3989292 18 -4 12.5 48
3989339 18 -3.5 12.5 48
3989386 18 -3 12.5 48
3989433 18 -2.5 12.5 48
3989480 18 -2 12.5 48
3989527 18 -1.5 12.5 48
3989574 18 -1 12.5 48
3989621 18 -0.5 12.5 48
3989668 18 0 12.5 48
3989715 18 0.5 12.5 48
3989762 18 1 12.5 48
3989809 18 1.5 12.5 48
3989856 18 2 12.5 48
3989903 18 2.5 12.5 48
3989950 18 3 12.5 48
4003721 18.5 -16 12.5 48
4003768 18.5 -15.5 12.5 48
4003815 18.5 -15 12.5 48
4003862 18.5 -14.5 12.5 48
4003909 18.5 -14 12.5 48
4003956 18.5 -13.5 12.5 48
4004003 18.5 -13 12.5 48
4004050 18.5 -12.5 12.5 48
4004097 18.5 -12 12.5 48
4004144 18.5 -11.5 12.5 48
4004191 18.5 -11 12.5 48
4004238 18.5 -10.5 12.5 48
4004285 18.5 -10 12.5 48
4004332 18.5 -9.5 12.5 48
4004379 18.5 -9 12.5 48
4004426 18.5 -8.5 12.5 48
4004473 18.5 -8 12.5 48
4004520 18.5 -7.5 12.5 48
4004567 18.5 -7 12.5 48
4004614 18.5 -6.5 12.5 48
4004661 18.5 -6 12.5 48
4004708 18.5 -5.5 12.5 48
4004755 18.5 -5 12.5 48
4004802 18.5 -4.5 12.5 48
4004849 18.5 -4 12.5 48
4004896 18.5 -3.5 12.5 48
4004943 18.5 -3 12.5 48
4004990 18.5 -2.5 12.5 48
4005037 18.5 -2 12.5 48
4005084 18.5 -1.5 12.5 48
4005131 18.5 -1 12.5 48
4005178 18.5 -0.5 12.5 48
4005225 18.5 0 12.5 48
4005272 18.5 0.5 12.5 48
4005319 18.5 1 12.5 48
4005366 18.5 1.5 12.5 48
4005413 18.5 2 12.5 48
4019184 19 -17 12.5 48
4019231 19 -16.5 12.5 48
4019278 19 -16 12.5 48
4019325 19 -15.5 12.5 48
4019372 19 -15 12.5 48
4019419 19 -14.5 12.5 48
4019466 19 -14 12.5 48
4019513 19 -13.5 12.5 48
4019560 19 -13 12.5 48
4019607 19 -12.5 12.5 48
4019654 19 -12 12.5 48
4019701 19 -11.5 12.5 48
4019748 19 -11 12.5 48
4019795 19 -10.5 12.5 48
4019842 19 -10 12.5 48
4019889 19 -9.5 12.5 48
4019936 19 -9 12.5 48
4019983 19 -8.5 12.5 48
4020030 19 -8 12.5 48
4020077 19 -7.5 12.5 48
4020124 19 -7 12.5 48
4020171 19 -6.5 12.5 48
4020218 19 -6 12.5 48
4020265 19 -5.5 12.5 48
4020312 19 -5 12.5 48
4020359 19 -4.5 12.5 48
4020406 19 -4 12.5 48
4020453 19 -3.5 12.5 48
4020500 19 -3 12.5 48
4020547 19 -2.5 12.5 48
4020594 19 -2 12.5 48
4020641 19 -1.5 12.5 48
4020688 19 -1 12.5 48
4020735 19 -0.5 12.5 48
4020782 19 0 12.5 48
4020829 19 0.5 12.5 48
4020876 19 1 12.5 48
4034694 19.5 -17.5 12.5 48
4034741 19.5 -17 12.5 48
4034788 19.5 -16.5 12.5 48
4034835 19.5 -16 12.5 48
4034882 19.5 -15.5 12.5 48
4034929 19.5 -15 12.5 48
4034976 19.5 -14.5 12.5 48
4035023 19.5 -14 12.5 48
4035070 19.5 -13.5 12.5 48
4035117 19.5 -13 12.5 48
4035164 19.5 -12.5 12.5 48
4035211 19.5 -12 12.5 48
4035258 19.5 -11.5 12.5 48
4035305 19.5 -11 12.5 48
4035352 19.5 -10.5 12.5 48
4035399 19.5 -10 12.5 48
4035446 19.5 -9.5 12.5 48
4035493 19.5 -9 12.5 48
4035540 19.5 -8.5 12.5 48
4035587 19.5 -8 12.5 48
4035634 19.5 -7.5 12.5 48
4035681 19.5 -7 12.5 48
4035728 19.5 -6.5 12.5 48
4035775 19.5 -6 12.5 48
4035822 19.5 -5.5 12.5 48
4035869 19.5 -5 12.5 48
4035916 19.5 -4.5 12.5 48
4035963 19.5 -4 12.5 48
4036010 19.5 -3.5 12.5 48
4036057 19.5 -3 12.5 48
4036104 19.5 -2.5 12.5 48
4036151 19.5 -2 12.5 48
4036198 19.5 -1.5 12.5 48
4036245 19.5 -1 12.5 48
4036292 19.5 -0.5 12.5 48
4036339 19.5 0 12.5 48
4036386 19.5 0.5 12.5 48
4050204 20 -18 12.5 48
4050251 20 -17.5 12.5 48
4050298 20 -17 12.5 48
4050345 20 -16.5 12.5 48
4050392 20 -16 12.5 48
4050439 20 -15.5 12.5 48
4050486 20 -15 12.5 48
4050533 20 -14.5 12.5 48
4050580 20 -14 12.5 48
4050627 20 -13.5 12.5 48
4050674 20 -13 12.5 48
4050721 20 -12.5 12.5 48
4050768 20 -12 12.5 48
4050815 20 -11.5 12.5 48
4050862 20 -11 12.5 48
4050909 20 -10.5 12.5 48
4050956 20 -10 12.5 48
4051003 20 -9.5 12.5 48
4051050 20 -9 12.5 48
4051097 20 -8.5 12.5 48
4051144 20 -8 12.5 48
4051191 20 -7.5 12.5 48
4051238 20 -7 12.5 48
4051285 20 -6.5 12.5 48
4051332 20 -6 12.5 48
4051379 20 -5.5 12.5 48
4051426 20 -5 12.5 48
4051473 20 -4.5 12.5 48
4051520 20 -4 12.5 48
4051567 20 -3.5 12.5 48
4051614 20 -3 12.5 48
4051661 20 -2.5 12.5 48
4051708 20 -2 12.5 48
4051755 20 -1.5 12.5 48
4051802 20 -1 12.5 48
4051849 20 -0.5 12.5 48
4065761 20.5 -18 12.5 48
4065808 20.5 -17.5 12.5 48
4065855 20.5 -17 12.5 48
4065902 20.5 -16.5 12.5 48
4065949 20.5 -16 12.5 48
4065996 20.5 -15.5 12.5 48
4066043 20.5 -15 12.5 48
4066090 20.5 -14.5 12.5 48
4066137 20.5 -14 12.5 48
4066184 20.5 -13.5 12.5 48
4066231 20.5 -13 12.5 48
4066278 20.5 -12.5 12.5 48
4066325 20.5 -12 12.5 48
4066372 20.5 -11.5 12.5 48
4066419 20.5 -11 12.5 48
4066466 20.5 -10.5 12.5 48
4066513 20.5 -10 12.5 48
4066560 20.5 -9.5 12.5 48
4066607 20.5 -9 12.5 48
4066654 20.5 -8.5 12.5 48
4066701 20.5 -8 12.5 48
4066748 20.5 -7.5 12.5 48
4066795 20.5 -7 12.5 48
4066842 20.5 -6.5 12.5 48
4066889 20.5 -6 12.5 48
4066936 20.5 -5.5 12.5 48
4066983 20.5 -5 12.5 48
4067030 20.5 -4.5 12.5 48
4067077 20.5 -4 12.5 48
4067124 20.5 -3.5 12.5 48
4067171 20.5 -3 12.5 48
4067218 20.5 -2.5 12.5 48
4067265 20.5 -2 12.5 48
4067312 20.5 -1.5 12.5 48
4067359 20.5 -1 12.5 48
4081318 21 -18 12.5 48
4081365 21 -17.5 12.5 48
4081412 21 -17 12.5 48
4081459 21 -16.5 12.5 48
4081506 21 -16 12.5 48
4081553 21 -15.5 12.5 48
4081600 21 -15 12.5 48
4081647 21 -14.5 12.5 48
4081694 21 -14 12.5 48
4081741 21 -13.5 12.5 48
4081788 21 -13 12.5 48
4081835 21 -12.5 12.5 48
4081882 21 -12 12.5 48
4081929 21 -11.5 12.5 48
4081976 21 -11 12.5 48
4082023 21 -10.5 12.5 48
4082070 21 -10 12.5 48
4082117 21 -9.5 12.5 48
4082164 21 -9 12.5 48
4082211 21 -8.5 12.5 48
4082258 21 -8 12.5 48
4082305 21 -7.5 12.5 48
4082352 21 -7 12.5 48
4082399 21 -6.5 12.5 48
4082446 21 -6 12.5 48
4082493 21 -5.5 12.5 48
4082540 21 -5 12.5 48
4082587 21 -4.5 12.5 48
4082634 21 -4 12.5 48
4082681 21 -3.5 12.5 48
4082728 21 -3 12.5 48
4082775 21 -2.5 12.5 48
4082822 21 -2 12.5 48
4096875 21.5 -18 12.5 48
4096922 21.5 -17.5 12.5 48
4096969 21.5 -17 12.5 48
4097016 21.5 -16.5 12.5 48
4097063 21.5 -16 12.5 48
4097110 21.5 -15.5 12.5 48
4097157 21.5 -15 12.5 48
4097204 21.5 -14.5 12.5 48
4097251 21.5 -14 12.5 48
4097298 21.5 -13.5 12.5 48
4097345 21.5 -13 12.5 48
4097392 21.5 -12.5 12.5 48
4097439 21.5 -12 12.5 48
4097486 21.5 -11.5 12.5 48
4097533 21.5 -11 12.5 48
4097580 21.5 -10.5 12.5 48
4097627 21.5 -10 12.5 48
4097674 21.5 -9.5 12.5 48
4097721 21.5 -9 12.5 48
4097768 21.5 -8.5 12.5 48
4097815 21.5 -8 12.5 48
4097862 21.5 -7.5 12.5 48
4097909 21.5 -7 12.5 48
4097956 21.5 -6.5 12.5 48
4098003 21.5 -6 12.5 48
4098050 21.5 -5.5 12.5 48
4098097 21.5 -5 12.5 48
4098144 21.5 -4.5 12.5 48
4098191 21.5 -4 12.5 48
4098238 21.5 -3.5 12.5 48
4098285 21.5 -3 12.5 48
4098332 21.5 -2.5 12.5 48
4112432 22 -18 12.5 48
4112479 22 -17.5 12.5 48
4112526 22 -17 12.5 48
4112573 22 -16.5 12.5 48
4112620 22 -16 12.5 48
4112667 22 -15.5 12.5 48
4112714 22 -15 12.5 48
4112761 22 -14.5 12.5 48
4112808 22 -14 12.5 48
4112855 22 -13.5 12.5 48
4112902 22 -13 12.5 48
4112949 22 -12.5 12.5 48
4112996 22 -12 12.5 48
4113043 22 -11.5 12.5 48
4113090 22 -11 12.5 48
4113137 22 -10.5 12.5 48
4113184 22 -10 12.5 48
4113231 22 -9.5 12.5 48
4113278 22 -9 12.5 48
4113325 22 -8.5 12.5 48
4113372 22 -8 12.5 48
4113419 22 -7.5 12.5 48
4113466 22 -7 12.5 48
4113513 22 -6.5 12.5 48
4113560 22 -6 12.5 48
4113607 22 -5.5 12.5 48
4113654 22 -5 12.5 48
4113701 22 -4.5 12.5 48
4113748 22 -4 12.5 48
4113795 22 -3.5 12.5 48
4127989 22.5 -18 12.5 48
4128036 22.5 -17.5 12.5 48
4128083 22.5 -17 12.5 48
4128130 22.5 -16.5 12.5 48
4128177 22.5 -16 12.5 48
4128224 22.5 -15.5 12.5 48
4128271 22.5 -15 12.5 48
4128318 22.5 -14.5 12.5 48
4128365 22.5 -14 12.5 48
4128412 22.5 -13.5 12.5 48
4128459 22.5 -13 12.5 48
4128506 22.5 -12.5 12.5 48
4128553 22.5 -12 12.5 48
4128600 22.5 -11.5 12.5 48
4128647 22.5 -11 12.5 48
4128694 22.5 -10.5 12.5 48
4128741 22.5 -10 12.5 48
4128788 22.5 -9.5 12.5 48
4128835 22.5 -9 12.5 48
4128882 22.5 -8.5 12.5 48
4128929 22.5 -8 12.5 48
4128976 22.5 -7.5 12.5 48
4129023 22.5 -7 12.5 48
4129070 22.5 -6.5 12.5 48
4129117 22.5 -6 12.5 48
4129164 22.5 -5.5 12.5 48
4129211 22.5 -5 12.5 48
4129258 22.5 -4.5 12.5 48
4129305 22.5 -4 12.5 48
4143546 23 -18 12.5 48
4143593 23 -17.5 12.5 48
4143640 23 -17 12.5 48
4143687 23 -16.5 12.5 48
4143734 23 -16 12.5 48
4143781 23 -15.5 12.5 48
4143828 23 -15 12.5 48
4143875 23 -14.5 12.5 48
4143922 23 -14 12.5 48
4143969 23 -13.5 12.5 48
4144016 23 -13 12.5 48
4144063 23 -12.5 12.5 48
4144110 23 -12 12.5 48
4144157 23 -11.5 12.5 48
4144204 23 -11 12.5 48
4144251 23 -10.5 12.5 48
4144298 23 -10 12.5 48
4144345 23 -9.5 12.5 48
4144392 23 -9 12.5 48
4144439 23 -8.5 12.5 48
4144486 23 -8 12.5 48
4144533 23 -7.5 12.5 48
4144580 23 -7 12.5 48
4144627 23 -6.5 12.5 48
4144674 23 -6 12.5 48
4144721 23 -5.5 12.5 48
4144768 23 -5 12.5 48
4159103 23.5 -18 12.5 48
4159150 23.5 -17.5 12.5 48
4159197 23.5 -17 12.5 48
4159244 23.5 -16.5 12.5 48
4159291 23.5 -16 12.5 48
4159338 23.5 -15.5 12.5 48
4159385 23.5 -15 12.5 48
4159432 23.5 -14.5 12.5 48
4159479 23.5 -14 12.5 48
4159526 23.5 -13.5 12.5 48
4159573 23.5 -13 12.5 48
4159620 23.5 -12.5 12.5 48
4159667 23.5 -12 12.5 48
4159714 23.5 -11.5 12.5 48
4159761 23.5 -11 12.5 48
4159808 23.5 -10.5 12.5 48
4159855 23.5 -10 12.5 48
4159902 23.5 -9.5 12.5 48
4159949 23.5 -9 12.5 48
4159996 23.5 -8.5 12.5 48
4160043 23.5 -8 12.5 48
4160090 23.5 -7.5 12.5 48
4160137 23.5 -7 12.5 48
4160184 23.5 -6.5 12.5 48
4160231 23.5 -6 12.5 48
4174660 24 -18 12.5 48
4174707 24 -17.5 12.5 48
4174754 24 -17 12.5 48
4174801 24 -16.5 12.5 48
4174848 24 -16 12.5 48
4174895 24 -15.5 12.5 48
4174942 24 -15 12.5 48
4174989 24 -14.5 12.5 48
4175036 24 -14 12.5 48
4175083 24 -13.5 12.5 48
4175130 24 -13 12.5 48
4175177 24 -12.5 12.5 48
4175224 24 -12 12.5 48
4175271 24 -11.5 12.5 48
4175318 24 -11 12.5 48
4175365 24 -10.5 12.5 48
4175412 24 -10 12.5 48
4175459 24 -9.5 12.5 48
4175506 24 -9 12.5 48
4175553 24 -8.5 12.5 48
4175600 24 -8 12.5 48
4175647 24 -7.5 12.5 48
4175694 24 -7 12.5 48
4175741 24 -6.5 12.5 48
4190217 24.5 -18 12.5 48
4190264 24.5 -17.5 12.5 48
4190311 24.5 -17 12.5 48
4190358 24.5 -16.5 12.5 48
4190405 24.5 -16 12.5 48
4190452 24.5 -15.5 12.5 48
4190499 24.5 -15 12.5 48
4190546 24.5 -14.5 12.5 48
4190593 24.5 -14 12.5 48
4190640 24.5 -13.5 12.5 48
4190687 24.5 -13 12.5 48
4190734 24.5 -12.5 12.5 48
4190781 24.5 -12 12.5 48
4190828 24.5 -11.5 12.5 48
4190875 24.5 -11 12.5 48
4190922 24.5 -10.5 12.5 48
4190969 24.5 -10 12.5 48
4191016 24.5 -9.5 12.5 48
4191063 24.5 -9 12.5 48
4191110 24.5 -8.5 12.5 48
4191157 24.5 -8 12.5 48
4191204 24.5 -7.5 12.5 48
4205774 25 -18 12.5 48
4205821 25 -17.5 12.5 48
4205868 25 -17 12.5 48
4205915 25 -16.5 12.5 48
4205962 25 -16 12.5 48
4206009 25 -15.5 12.5 48
4206056 25 -15 12.5 48
4206103 25 -14.5 12.5 48
4206150 25 -14 12.5 48
4206197 25 -13.5 12.5 48
4206244 25 -13 12.5 48
4206291 25 -12.5 12.5 48
4206338 25 -12 12.5 48
4206385 25 -11.5 12.5 48
4206432 25 -11 12.5 48
4206479 25 -10.5 12.5 48
4206526 25 -10 12.5 48
4206573 25 -9.5 12.5 48
4206620 25 -9 12.5 48
4206667 25 -8.5 12.5 48
4206714 25 -8 12.5 48
4221331 25.5 -18 12.5 48
4221378 25.5 -17.5 12.5 48
4221425 25.5 -17 12.5 48
4221472 25.5 -16.5 12.5 48
4221519 25.5 -16 12.5 48
4221566 25.5 -15.5 12.5 48
4221613 25.5 -15 12.5 48
4221660 25.5 -14.5 12.5 48
4221707 25.5 -14 12.5 48
4221754 25.5 -13.5 12.5 48
4221801 25.5 -13 12.5 48
4221848 25.5 -12.5 12.5 48
4221895 25.5 -12 12.5 48
4221942 25.5 -11.5 12.5 48
4221989 25.5 -11 12.5 48
4222036 25.5 -10.5 12.5 48
4222083 25.5 -10 12.5 48
4222130 25.5 -9.5 12.5 48
4222177 25.5 -9 12.5 48
4236888 26 -18 12.5 48
4236935 26 -17.5 12.5 48
4236982 26 -17 12.5 48
4237029 26 -16.5 12.5 48
4237076 26 -16 12.5 48
4237123 26 -15.5 12.5 48
4237170 26 -15 12.5 48
4237217 26 -14.5 12.5 48
4237264 26 -14 12.5 48
4237311 26 -13.5 12.5 48
4237358 26 -13 12.5 48
4237405 26 -12.5 12.5 48
4237452 26 -12 12.5 48
4237499 26 -11.5 12.5 48
4237546 26 -11 12.5 48
4237593 26 -10.5 12.5 48
4237640 26 -10 12.5 48
4237687 26 -9.5 12.5 48
4252445 26.5 -18 12.5 48
4252492 26.5 -17.5 12.5 48
4252539 26.5 -17 12.5 48
4252586 26.5 -16.5 12.5 48
4252633 26.5 -16 12.5 48
4252680 26.5 -15.5 12.5 48
4252727 26.5 -15 12.5 48
4252774 26.5 -14.5 12.5 48
4252821 26.5 -14 12.5 48
4252868 26.5 -13.5 12.5 48
4252915 26.5 -13 12.5 48
4252962 26.5 -12.5 12.5 48
4253009 26.5 -12 12.5 48
4253056 26.5 -11.5 12.5 48
4253103 26.5 -11 12.5 48
4253150 26.5 -10.5 12.5 48
4268002 27 -18 12.5 48
4268049 27 -17.5 12.5 48
4268096 27 -17 12.5 48
4268143 27 -16.5 12.5 48
4268190 27 -16 12.5 48
4268237 27 -15.5 12.5 48
4268284 27 -15 12.5 48
4268331 27 -14.5 12.5 48
4268378 27 -14 12.5 48
4268425 27 -13.5 12.5 48
4268472 27 -13 12.5 48
4268519 27 -12.5 12.5 48
4268566 27 -12 12.5 48
4268613 27 -11.5 12.5 48
4268660 27 -11 12.5 48
4283559 27.5 -18 12.5 48
4283606 27.5 -17.5 12.5 48
4283653 27.5 -17 12.5 48
4283700 27.5 -16.5 12.5 48
4283747 27.5 -16 12.5 48
4283794 27.5 -15.5 12.5 48
4283841 27.5 -15 12.5 48
4283888 27.5 -14.5 12.5 48
4283935 27.5 -14 12.5 48
4283982 27.5 -13.5 12.5 48
4284029 27.5 -13 12.5 48
4284076 27.5 -12.5 12.5 48
4284123 27.5 -12 12.5 48
4299116 28 -18 12.5 48
4299163 28 -17.5 12.5 48
4299210 28 -17 12.5 48
4299257 28 -16.5 12.5 48
4299304 28 -16 12.5 48
4299351 28 -15.5 12.5 48
4299398 28 -15 12.5 48
4299445 28 -14.5 12.5 48
4299492 28 -14 12.5 48
4299539 28 -13.5 12.5 48
4299586 28 -13 12.5 48
4299633 28 -12.5 12.5 48
4314673 28.5 -18 12.5 48
4314720 28.5 -17.5 12.5 48
4314767 28.5 -17 12.5 48
4314814 28.5 -16.5 12.5 48
4314861 28.5 -16 12.5 48
4314908 28.5 -15.5 12.5 48
4314955 28.5 -15 12.5 48
4315002 28.5 -14.5 12.5 48
4315049 28.5 -14 12.5 48
4315096 28.5 -13.5 12.5 48
4330230 29 -18 12.5 48
4330277 29 -17.5 12.5 48
4330324 29 -17 12.5 48
4330371 29 -16.5 12.5 48
4330418 29 -16 12.5 48
4330465 29 -15.5 12.5 48
4330512 29 -15 12.5 48
4330559 29 -14.5 12.5 48
4345787 29.5 -18 12.5 48
4345834 29.5 -17.5 12.5 48
4345881 29.5 -17 12.5 48
4345928 29.5 -16.5 12.5 48
4345975 29.5 -16 12.5 48
4346022 29.5 -15.5 12.5 48
4346069 29.5 -15 12.5 48
4361344 30 -18 12.5 48
4361391 30 -17.5 12.5 48
4361438 30 -17 12.5 48
4361485 30 -16.5 12.5 48
4361532 30 -16 12.5 48
4376901 30.5 -18 12.5 48
4376948 30.5 -17.5 12.5 48
4376995 30.5 -17 12.5 48
4377042 30.5 -16.5 12.5 48
4392458 31 -18 12.5 48
4392505 31 -17.5 12.5 48
4408015 31.5 -18 12.5 48
