2966149 -15 34.5 12.5 48
2966150 -15 34.5 13 48
2966151 -15 34.5 13.5 48
2966152 -15 34.5 14 48
2966153 -15 34.5 14.5 48
2981612 -14.5 33.5 12.5 48
2981613 -14.5 33.5 13 48
2981614 -14.5 33.5 13.5 48
2981615 -14.5 33.5 14 48
2981616 -14.5 33.5 14.5 48
2981659 -14.5 34 12.5 48
2981660 -14.5 34 13 48
2981661 -14.5 34 13.5 48
2981662 -14.5 34 14 48
2981663 -14.5 34 14.5 48
2981706 -14.5 34.5 12.5 48
2981707 -14.5 34.5 13 48
2981708 -14.5 34.5 13.5 48
2981709 -14.5 34.5 14 48
2981710 -14.5 34.5 14.5 48
2997075 -14 32.5 12.5 48
2997076 -14 32.5 13 48
2997077 -14 32.5 13.5 48
2997078 -14 32.5 14 48
2997079 -14 32.5 14.5 48
2997122 -14 33 12.5 48
2997123 -14 33 13 48
2997124 -14 33 13.5 48
2997125 -14 33 14 48
2997126 -14 33 14.5 48
2997169 -14 33.5 12.5 48
2997170 -14 33.5 13 48
2997171 -14 33.5 13.5 48
2997172 -14 33.5 14 48
2997173 -14 33.5 14.5 48
2997216 -14 34 12.5 48
2997217 -14 34 13 48
2997218 -14 34 13.5 48
2997219 -14 34 14 48
2997220 -14 34 14.5 48
3012585 -13.5 32 12.5 48
3012586 -13.5 32 13 48
3012587 -13.5 32 13.5 48
3012588 -13.5 32 14 48
3012589 -13.5 32 14.5 48
3012632 -13.5 32.5 12.5 48
3012633 -13.5 32.5 13 48
3012634 -13.5 32.5 13.5 48
3012635 -13.5 32.5 14 48
3012636 -13.5 32.5 14.5 48
3012679 -13.5 33 12.5 48
3012680 -13.5 33 13 48
3012681 -13.5 33 13.5 48
3012682 -13.5 33 14 48
3012683 -13.5 33 14.5 48
3028048 -13 31 12.5 48
3028049 -13 31 13 48
3028050 -13 31 13.5 48
3028051 -13 31 14 48
3028052 -13 31 14.5 48
3028095 -13 31.5 12.5 48
3028096 -13 31.5 13 48
3028097 -13 31.5 13.5 48
3028098 -13 31.5 14 48
3028099 -13 31.5 14.5 48
3028142 -13 32 12.5 48
3028143 -13 32 13 48
3028144 -13 32 13.5 48
3028145 -13 32 14 48
3028146 -13 32 14.5 48
3043558 -12.5 30.5 12.5 48
3043559 -12.5 30.5 13 48
3043560 -12.5 30.5 13.5 48
3043561 -12.5 30.5 14 48
3043562 -12.5 30.5 14.5 48
3043605 -12.5 31 12.5 48
3043606 -12.5 31 13 48
3043607 -12.5 31 13.5 48
3043608 -12.5 31 14 48
3043609 -12.5 31 14.5 48
3043652 -12.5 31.5 12.5 48
3043653 -12.5 31.5 13 48
3043654 -12.5 31.5 13.5 48
3043655 -12.5 31.5 14 48
3043656 -12.5 31.5 14.5 48
3059021 -12 29.5 12.5 48
3059022 -12 29.5 13 48
3059023 -12 29.5 13.5 48
3059024 -12 29.5 14 48
3059025 -12 29.5 14.5 48
3059068 -12 30 12.5 48
3059069 -12 30 13 48
3059070 -12 30 13.5 48
3059071 -12 30 14 48
3059072 -12 30 14.5 48
3059115 -12 30.5 12.5 48
3059116 -12 30.5 13 48
3059117 -12 30.5 13.5 48
3059118 -12 30.5 14 48
3059119 -12 30.5 14.5 48
3074531 -11.5 29 12.5 48
3074532 -11.5 29 13 48
3074533 -11.5 29 13.5 48
3074534 -11.5 29 14 48
3074535 -11.5 29 14.5 48
3074578 -11.5 29.5 12.5 48
3074579 -11.5 29.5 13 48
3074580 -11.5 29.5 13.5 48
3074581 -11.5 29.5 14 48
3074582 -11.5 29.5 14.5 48
3074625 -11.5 30 12.5 48
3074626 -11.5 30 13 48
3074627 -11.5 30 13.5 48
3074628 -11.5 30 14 48
3074629 -11.5 30 14.5 48
3089994 -11 28 12.5 48
3089995 -11 28 13 48
3089996 -11 28 13.5 48
3089997 -11 28 14 48
3089998 -11 28 14.5 48
3090041 -11 28.5 12.5 48
3090042 -11 28.5 13 48
3090043 -11 28.5 13.5 48
3090044 -11 28.5 14 48
3090045 -11 28.5 14.5 48
3090088 -11 29 12.5 48
3090089 -11 29 13 48
3090090 -11 29 13.5 48
3090091 -11 29 14 48
3090092 -11 29 14.5 48
3105504 -10.5 27.5 12.5 48
3105505 -10.5 27.5 13 48
3105506 -10.5 27.5 13.5 48
3105507 -10.5 27.5 14 48
3105508 -10.5 27.5 14.5 48
3105551 -10.5 28 12.5 48
3105552 -10.5 28 13 48
3105553 -10.5 28 13.5 48
3105554 -10.5 28 14 48
3105555 -10.5 28 14.5 48
3105598 -10.5 28.5 12.5 48
3105599 -10.5 28.5 13 48
3105600 -10.5 28.5 13.5 48
3105601 -10.5 28.5 14 48
3105602 -10.5 28.5 14.5 48
3120967 -10 26.5 12.5 48
3120968 -10 26.5 13 48
3120969 -10 26.5 13.5 48
3120970 -10 26.5 14 48
3120971 -10 26.5 14.5 48
3121014 -10 27 12.5 48
3121015 -10 27 13 48
3121016 -10 27 13.5 48
3121017 -10 27 14 48
3121018 -10 27 14.5 48
3121061 -10 27.5 12.5 48
3121062 -10 27.5 13 48
3121063 -10 27.5 13.5 48
3121064 -10 27.5 14 48
3121065 -10 27.5 14.5 48
3136477 -9.5 26 12.5 48
3136478 -9.5 26 13 48
3136479 -9.5 26 13.5 48
3136480 -9.5 26 14 48
3136481 -9.5 26 14.5 48
3136524 -9.5 26.5 12.5 48
3136525 -9.5 26.5 13 48
3136526 -9.5 26.5 13.5 48
3136527 -9.5 26.5 14 48
3136528 -9.5 26.5 14.5 48
3136571 -9.5 27 12.5 48
3136572 -9.5 27 13 48
3136573 -9.5 27 13.5 48
3136574 -9.5 27 14 48
3136575 -9.5 27 14.5 48
3151940 -9 25 12.5 48
3151941 -9 25 13 48
3151942 -9 25 13.5 48
3151943 -9 25 14 48
3151944 -9 25 14.5 48
3151987 -9 25.5 12.5 48
3151988 -9 25.5 13 48
3151989 -9 25.5 13.5 48
3151990 -9 25.5 14 48
3151991 -9 25.5 14.5 48
3152034 -9 26 12.5 48
3152035 -9 26 13 48
3152036 -9 26 13.5 48
3152037 -9 26 14 48
3152038 -9 26 14.5 48
3167403 -8.5 24 12.5 48
3167404 -8.5 24 13 48
3167405 -8.5 24 13.5 48
3167406 -8.5 24 14 48
3167407 -8.5 24 14.5 48
3167450 -8.5 24.5 12.5 48
3167451 -8.5 24.5 13 48
3167452 -8.5 24.5 13.5 48
3167453 -8.5 24.5 14 48
3167454 -8.5 24.5 14.5 48
3167497 -8.5 25 12.5 48
3167498 -8.5 25 13 48
3167499 -8.5 25 13.5 48
3167500 -8.5 25 14 48
3167501 -8.5 25 14.5 48
3167544 -8.5 25.5 12.5 48
3167545 -8.5 25.5 13 48
3167546 -8.5 25.5 13.5 48
3167547 -8.5 25.5 14 48
3167548 -8.5 25.5 14.5 48
3182913 -8 23.5 12.5 48
3182914 -8 23.5 13 48
3182915 -8 23.5 13.5 48
3182916 -8 23.5 14 48
3182917 -8 23.5 14.5 48
3182960 -8 24 12.5 48
3182961 -8 24 13 48
3182962 -8 24 13.5 48
3182963 -8 24 14 48
3182964 -8 24 14.5 48
3183007 -8 24.5 12.5 48
3183008 -8 24.5 13 48
3183009 -8 24.5 13.5 48
3183010 -8 24.5 14 48
3183011 -8 24.5 14.5 48
3198376 -7.5 22.5 12.5 48
3198377 -7.5 22.5 13 48
3198378 -7.5 22.5 13.5 48
3198379 -7.5 22.5 14 48
3198380 -7.5 22.5 14.5 48
3198423 -7.5 23 12.5 48
3198424 -7.5 23 13 48
3198425 -7.5 23 13.5 48
3198426 -7.5 23 14 48
3198427 -7.5 23 14.5 48
3198470 -7.5 23.5 12.5 48
3198471 -7.5 23.5 13 48
3198472 -7.5 23.5 13.5 48
3198473 -7.5 23.5 14 48
3198474 -7.5 23.5 14.5 48
3213886 -7 22 12.5 48
3213887 -7 22 13 48
3213888 -7 22 13.5 48
3213889 -7 22 14 48
3213890 -7 22 14.5 48
3213933 -7 22.5 12.5 48
3213934 -7 22.5 13 48
3213935 -7 22.5 13.5 48
3213936 -7 22.5 14 48
3213937 -7 22.5 14.5 48
3213980 -7 23 12.5 48
3213981 -7 23 13 48
3213982 -7 23 13.5 48
3213983 -7 23 14 48
3213984 -7 23 14.5 48
3229349 -6.5 21 12.5 48
3229350 -6.5 21 13 48
3229351 -6.5 21 13.5 48
3229352 -6.5 21 14 48
3229353 -6.5 21 14.5 48
3229396 -6.5 21.5 12.5 48
3229397 -6.5 21.5 13 48
3229398 -6.5 21.5 13.5 48
3229399 -6.5 21.5 14 48
3229400 -6.5 21.5 14.5 48
3229443 -6.5 22 12.5 48
3229444 -6.5 22 13 48
3229445 -6.5 22 13.5 48
3229446 -6.5 22 14 48
3229447 -6.5 22 14.5 48
3244859 -6 20.5 12.5 48
3244860 -6 20.5 13 48
3244861 -6 20.5 13.5 48
3244862 -6 20.5 14 48
3244863 -6 20.5 14.5 48
3244906 -6 21 12.5 48
3244907 -6 21 13 48
3244908 -6 21 13.5 48
3244909 -6 21 14 48
3244910 -6 21 14.5 48
3244953 -6 21.5 12.5 48
3244954 -6 21.5 13 48
3244955 -6 21.5 13.5 48
3244956 -6 21.5 14 48
3244957 -6 21.5 14.5 48
3260322 -5.5 19.5 12.5 48
3260323 -5.5 19.5 13 48
3260324 -5.5 19.5 13.5 48
3260325 -5.5 19.5 14 48
3260326 -5.5 19.5 14.5 48
3260369 -5.5 20 12.5 48
3260370 -5.5 20 13 48
3260371 -5.5 20 13.5 48
3260372 -5.5 20 14 48
3260373 -5.5 20 14.5 48
3260416 -5.5 20.5 12.5 48
3260417 -5.5 20.5 13 48
3260418 -5.5 20.5 13.5 48
3260419 -5.5 20.5 14 48
3260420 -5.5 20.5 14.5 48
3275832 -5 19 12.5 48
3275833 -5 19 13 48
3275834 -5 19 13.5 48
3275835 -5 19 14 48
3275836 -5 19 14.5 48
3275879 -5 19.5 12.5 48
3275880 -5 19.5 13 48
3275881 -5 19.5 13.5 48
3275882 -5 19.5 14 48
3275883 -5 19.5 14.5 48
3275926 -5 20 12.5 48
3275927 -5 20 13 48
3275928 -5 20 13.5 48
3275929 -5 20 14 48
3275930 -5 20 14.5 48
3291295 -4.5 18 12.5 48
3291296 -4.5 18 13 48
3291297 -4.5 18 13.5 48
3291298 -4.5 18 14 48
3291299 -4.5 18 14.5 48
3291342 -4.5 18.5 12.5 48
3291343 -4.5 18.5 13 48
3291344 -4.5 18.5 13.5 48
3291345 -4.5 18.5 14 48
3291346 -4.5 18.5 14.5 48
3291389 -4.5 19 12.5 48
3291390 -4.5 19 13 48
3291391 -4.5 19 13.5 48
3291392 -4.5 19 14 48
3291393 -4.5 19 14.5 48
3306805 -4 17.5 12.5 48
3306806 -4 17.5 13 48
3306807 -4 17.5 13.5 48
3306808 -4 17.5 14 48
3306809 -4 17.5 14.5 48
3306852 -4 18 12.5 48
3306853 -4 18 13 48
3306854 -4 18 13.5 48
3306855 -4 18 14 48
3306856 -4 18 14.5 48
3306899 -4 18.5 12.5 48
3306900 -4 18.5 13 48
3306901 -4 18.5 13.5 48
3306902 -4 18.5 14 48
3306903 -4 18.5 14.5 48
3322268 -3.5 16.5 12.5 48
3322269 -3.5 16.5 13 48
3322270 -3.5 16.5 13.5 48
3322271 -3.5 16.5 14 48
3322272 -3.5 16.5 14.5 48
3322315 -3.5 17 12.5 48
3322316 -3.5 17 13 48
3322317 -3.5 17 13.5 48
3322318 -3.5 17 14 48
3322319 -3.5 17 14.5 48
3322362 -3.5 17.5 12.5 48
3322363 -3.5 17.5 13 48
3322364 -3.5 17.5 13.5 48
3322365 -3.5 17.5 14 48
3322366 -3.5 17.5 14.5 48
3337731 -3 15.5 12.5 48
3337732 -3 15.5 13 48
3337733 -3 15.5 13.5 48
3337734 -3 15.5 14 48
3337735 -3 15.5 14.5 48
3337778 -3 16 12.5 48
3337779 -3 16 13 48
3337780 -3 16 13.5 48
3337781 -3 16 14 48
3337782 -3 16 14.5 48
3337825 -3 16.5 12.5 48
3337826 -3 16.5 13 48
3337827 -3 16.5 13.5 48
3337828 -3 16.5 14 48
3337829 -3 16.5 14.5 48
3337872 -3 17 12.5 48
3337873 -3 17 13 48
3337874 -3 17 13.5 48
3337875 -3 17 14 48
3337876 -3 17 14.5 48
3353241 -2.5 15 12.5 48
3353242 -2.5 15 13 48
3353243 -2.5 15 13.5 48
3353244 -2.5 15 14 48
3353245 -2.5 15 14.5 48
3353288 -2.5 15.5 12.5 48
3353289 -2.5 15.5 13 48
3353290 -2.5 15.5 13.5 48
3353291 -2.5 15.5 14 48
3353292 -2.5 15.5 14.5 48
3353335 -2.5 16 12.5 48
3353336 -2.5 16 13 48
3353337 -2.5 16 13.5 48
3353338 -2.5 16 14 48
3353339 -2.5 16 14.5 48
3368704 -2 14 12.5 48
3368705 -2 14 13 48
3368706 -2 14 13.5 48
3368707 -2 14 14 48
3368708 -2 14 14.5 48
3368751 -2 14.5 12.5 48
3368752 -2 14.5 13 48
3368753 -2 14.5 13.5 48
3368754 -2 14.5 14 48
3368755 -2 14.5 14.5 48
3368798 -2 15 12.5 48
3368799 -2 15 13 48
3368800 -2 15 13.5 48
3368801 -2 15 14 48
3368802 -2 15 14.5 48
3384214 -1.5 13.5 12.5 48
3384215 -1.5 13.5 13 48
3384216 -1.5 13.5 13.5 48
3384217 -1.5 13.5 14 48
3384218 -1.5 13.5 14.5 48
3384261 -1.5 14 12.5 48
3384262 -1.5 14 13 48
3384263 -1.5 14 13.5 48
3384264 -1.5 14 14 48
3384265 -1.5 14 14.5 48
3384308 -1.5 14.5 12.5 48
3384309 -1.5 14.5 13 48
3384310 -1.5 14.5 13.5 48
3384311 -1.5 14.5 14 48
3384312 -1.5 14.5 14.5 48
3399677 -1 12.5 12.5 48
3399678 -1 12.5 13 48
3399679 -1 12.5 13.5 48
3399680 -1 12.5 14 48
3399681 -1 12.5 14.5 48
3399724 -1 13 12.5 48
3399725 -1 13 13 48
3399726 -1 13 13.5 48
3399727 -1 13 14 48
3399728 -1 13 14.5 48
3399771 -1 13.5 12.5 48
3399772 -1 13.5 13 48
3399773 -1 13.5 13.5 48
3399774 -1 13.5 14 48
3399775 -1 13.5 14.5 48
3415187 -0.5 12 12.5 48
3415188 -0.5 12 13 48
3415189 -0.5 12 13.5 48
3415190 -0.5 12 14 48
3415191 -0.5 12 14.5 48
3415234 -0.5 12.5 12.5 48
3415235 -0.5 12.5 13 48
3415236 -0.5 12.5 13.5 48
3415237 -0.5 12.5 14 48
3415238 -0.5 12.5 14.5 48
3415281 -0.5 13 12.5 48
3415282 -0.5 13 13 48
3415283 -0.5 13 13.5 48
3415284 -0.5 13 14 48
3415285 -0.5 13 14.5 48
3430650 0 11 12.5 48
3430651 0 11 13 48
3430652 0 11 13.5 48
3430653 0 11 14 48
3430654 0 11 14.5 48
3430697 0 11.5 12.5 48
3430698 0 11.5 13 48
3430699 0 11.5 13.5 48
3430700 0 11.5 14 48
3430701 0 11.5 14.5 48
3430744 0 12 12.5 48
3430745 0 12 13 48
3430746 0 12 13.5 48
3430747 0 12 14 48
3430748 0 12 14.5 48
3446160 0.5 10.5 12.5 48
3446161 0.5 10.5 13 48
3446162 0.5 10.5 13.5 48
3446163 0.5 10.5 14 48
3446164 0.5 10.5 14.5 48
3446207 0.5 11 12.5 48
3446208 0.5 11 13 48
3446209 0.5 11 13.5 48
3446210 0.5 11 14 48
3446211 0.5 11 14.5 48
3446254 0.5 11.5 12.5 48
3446255 0.5 11.5 13 48
3446256 0.5 11.5 13.5 48
3446257 0.5 11.5 14 48
3446258 0.5 11.5 14.5 48
3461623 1 9.5 12.5 48
3461624 1 9.5 13 48
3461625 1 9.5 13.5 48
3461626 1 9.5 14 48
3461627 1 9.5 14.5 48
3461670 1 10 12.5 48
3461671 1 10 13 48
3461672 1 10 13.5 48
3461673 1 10 14 48
3461674 1 10 14.5 48
3461717 1 10.5 12.5 48
3461718 1 10.5 13 48
3461719 1 10.5 13.5 48
3461720 1 10.5 14 48
3461721 1 10.5 14.5 48
3477133 1.5 9 12.5 48
3477134 1.5 9 13 48
3477135 1.5 9 13.5 48
3477136 1.5 9 14 48
3477137 1.5 9 14.5 48
3477180 1.5 9.5 12.5 48
3477181 1.5 9.5 13 48
3477182 1.5 9.5 13.5 48
3477183 1.5 9.5 14 48
3477184 1.5 9.5 14.5 48
3477227 1.5 10 12.5 48
3477228 1.5 10 13 48
3477229 1.5 10 13.5 48
3477230 1.5 10 14 48
3477231 1.5 10 14.5 48
3492596 2 8 12.5 48
3492597 2 8 13 48
3492598 2 8 13.5 48
3492599 2 8 14 48
3492600 2 8 14.5 48
3492643 2 8.5 12.5 48
3492644 2 8.5 13 48
3492645 2 8.5 13.5 48
3492646 2 8.5 14 48
3492647 2 8.5 14.5 48
3492690 2 9 12.5 48
3492691 2 9 13 48
3492692 2 9 13.5 48
3492693 2 9 14 48
3492694 2 9 14.5 48
3508059 2.5 7 12.5 48
3508060 2.5 7 13 48
3508061 2.5 7 13.5 48
3508062 2.5 7 14 48
3508063 2.5 7 14.5 48
3508106 2.5 7.5 12.5 48
3508107 2.5 7.5 13 48
3508108 2.5 7.5 13.5 48
3508109 2.5 7.5 14 48
3508110 2.5 7.5 14.5 48
3508153 2.5 8 12.5 48
3508154 2.5 8 13 48
3508155 2.5 8 13.5 48
3508156 2.5 8 14 48
3508157 2.5 8 14.5 48
3508200 2.5 8.5 12.5 48
3508201 2.5 8.5 13 48
3508202 2.5 8.5 13.5 48
3508203 2.5 8.5 14 48
3508204 2.5 8.5 14.5 48
3523569 3 6.5 12.5 48
3523570 3 6.5 13 48
3523571 3 6.5 13.5 48
3523572 3 6.5 14 48
3523573 3 6.5 14.5 48
3523616 3 7 12.5 48
3523617 3 7 13 48
3523618 3 7 13.5 48
3523619 3 7 14 48
3523620 3 7 14.5 48
3523663 3 7.5 12.5 48
3523664 3 7.5 13 48
3523665 3 7.5 13.5 48
3523666 3 7.5 14 48
3523667 3 7.5 14.5 48
3539032 3.5 5.5 12.5 48
3539033 3.5 5.5 13 48
3539034 3.5 5.5 13.5 48
3539035 3.5 5.5 14 48
3539036 3.5 5.5 14.5 48
3539079 3.5 6 12.5 48
3539080 3.5 6 13 48
3539081 3.5 6 13.5 48
3539082 3.5 6 14 48
3539083 3.5 6 14.5 48
3539126 3.5 6.5 12.5 48
3539127 3.5 6.5 13 48
3539128 3.5 6.5 13.5 48
3539129 3.5 6.5 14 48
3539130 3.5 6.5 14.5 48
3554542 4 5 12.5 48
3554543 4 5 13 48
3554544 4 5 13.5 48
3554545 4 5 14 48
3554546 4 5 14.5 48
3554589 4 5.5 12.5 48
3554590 4 5.5 13 48
3554591 4 5.5 13.5 48
3554592 4 5.5 14 48
3554593 4 5.5 14.5 48
3554636 4 6 12.5 48
3554637 4 6 13 48
3554638 4 6 13.5 48
3554639 4 6 14 48
3554640 4 6 14.5 48
3570005 4.5 4 12.5 48
3570006 4.5 4 13 48
3570007 4.5 4 13.5 48
3570008 4.5 4 14 48
3570009 4.5 4 14.5 48
3570052 4.5 4.5 12.5 48
3570053 4.5 4.5 13 48
3570054 4.5 4.5 13.5 48
3570055 4.5 4.5 14 48
3570056 4.5 4.5 14.5 48
3570099 4.5 5 12.5 48
3570100 4.5 5 13 48
3570101 4.5 5 13.5 48
3570102 4.5 5 14 48
3570103 4.5 5 14.5 48
3585515 5 3.5 12.5 48
3585516 5 3.5 13 48
3585517 5 3.5 13.5 48
3585518 5 3.5 14 48
3585519 5 3.5 14.5 48
3585562 5 4 12.5 48
3585563 5 4 13 48
3585564 5 4 13.5 48
3585565 5 4 14 48
3585566 5 4 14.5 48
3585609 5 4.5 12.5 48
3585610 5 4.5 13 48
3585611 5 4.5 13.5 48
3585612 5 4.5 14 48
3585613 5 4.5 14.5 48
3600978 5.5 2.5 12.5 48
3600979 5.5 2.5 13 48
3600980 5.5 2.5 13.5 48
3600981 5.5 2.5 14 48
3600982 5.5 2.5 14.5 48
3601025 5.5 3 12.5 48
3601026 5.5 3 13 48
3601027 5.5 3 13.5 48
3601028 5.5 3 14 48
3601029 5.5 3 14.5 48
3601072 5.5 3.5 12.5 48
3601073 5.5 3.5 13 48
3601074 5.5 3.5 13.5 48
3601075 5.5 3.5 14 48
3601076 5.5 3.5 14.5 48
3616488 6 2 12.5 48
3616489 6 2 13 48
3616490 6 2 13.5 48
3616491 6 2 14 48
3616492 6 2 14.5 48
3616535 6 2.5 12.5 48
3616536 6 2.5 13 48
3616537 6 2.5 13.5 48
3616538 6 2.5 14 48
3616539 6 2.5 14.5 48
3616582 6 3 12.5 48
3616583 6 3 13 48
3616584 6 3 13.5 48
3616585 6 3 14 48
3616586 6 3 14.5 48
3631951 6.5 1 12.5 48
3631952 6.5 1 13 48
3631953 6.5 1 13.5 48
3631954 6.5 1 14 48
3631955 6.5 1 14.5 48
3631998 6.5 1.5 12.5 48
3631999 6.5 1.5 13 48
3632000 6.5 1.5 13.5 48
3632001 6.5 1.5 14 48
3632002 6.5 1.5 14.5 48
3632045 6.5 2 12.5 48
3632046 6.5 2 13 48
3632047 6.5 2 13.5 48
3632048 6.5 2 14 48
3632049 6.5 2 14.5 48
3647461 7 0.5 12.5 48
3647462 7 0.5 13 48
3647463 7 0.5 13.5 48
3647464 7 0.5 14 48
3647465 7 0.5 14.5 48
3647508 7 1 12.5 48
3647509 7 1 13 48
3647510 7 1 13.5 48
3647511 7 1 14 48
3647512 7 1 14.5 48
3647555 7 1.5 12.5 48
3647556 7 1.5 13 48
3647557 7 1.5 13.5 48
3647558 7 1.5 14 48
3647559 7 1.5 14.5 48
3662924 7.5 -0.5 12.5 48
3662925 7.5 -0.5 13 48
3662926 7.5 -0.5 13.5 48
3662927 7.5 -0.5 14 48
3662928 7.5 -0.5 14.5 48
3662971 7.5 0 12.5 48
3662972 7.5 0 13 48
3662973 7.5 0 13.5 48
3662974 7.5 0 14 48
3662975 7.5 0 14.5 48
3663018 7.5 0.5 12.5 48
3663019 7.5 0.5 13 48
3663020 7.5 0.5 13.5 48
3663021 7.5 0.5 14 48
3663022 7.5 0.5 14.5 48
3678387 8 -1.5 12.5 48
3678388 8 -1.5 13 48
3678389 8 -1.5 13.5 48
3678390 8 -1.5 14 48
3678391 8 -1.5 14.5 48
3678434 8 -1 12.5 48
3678435 8 -1 13 48
3678436 8 -1 13.5 48
3678437 8 -1 14 48
3678438 8 -1 14.5 48
3678481 8 -0.5 12.5 48
3678482 8 -0.5 13 48
3678483 8 -0.5 13.5 48
3678484 8 -0.5 14 48
3678485 8 -0.5 14.5 48
3678528 8 0 12.5 48
3678529 8 0 13 48
3678530 8 0 13.5 48
3678531 8 0 14 48
3678532 8 0 14.5 48
3693897 8.5 -2 12.5 48
3693898 8.5 -2 13 48
3693899 8.5 -2 13.5 48
3693900 8.5 -2 14 48
3693901 8.5 -2 14.5 48
3693944 8.5 -1.5 12.5 48
3693945 8.5 -1.5 13 48
3693946 8.5 -1.5 13.5 48
3693947 8.5 -1.5 14 48
3693948 8.5 -1.5 14.5 48
3693991 8.5 -1 12.5 48
3693992 8.5 -1 13 48
3693993 8.5 -1 13.5 48
3693994 8.5 -1 14 48
3693995 8.5 -1 14.5 48
3709360 9 -3 12.5 48
3709361 9 -3 13 48
3709362 9 -3 13.5 48
3709363 9 -3 14 48
3709364 9 -3 14.5 48
3709407 9 -2.5 12.5 48
3709408 9 -2.5 13 48
3709409 9 -2.5 13.5 48
3709410 9 -2.5 14 48
3709411 9 -2.5 14.5 48
3709454 9 -2 12.5 48
3709455 9 -2 13 48
3709456 9 -2 13.5 48
3709457 9 -2 14 48
3709458 9 -2 14.5 48
3724870 9.5 -3.5 12.5 48
3724871 9.5 -3.5 13 48
3724872 9.5 -3.5 13.5 48
3724873 9.5 -3.5 14 48
3724874 9.5 -3.5 14.5 48
3724917 9.5 -3 12.5 48
3724918 9.5 -3 13 48
3724919 9.5 -3 13.5 48
3724920 9.5 -3 14 48
3724921 9.5 -3 14.5 48
3724964 9.5 -2.5 12.5 48
3724965 9.5 -2.5 13 48
3724966 9.5 -2.5 13.5 48
3724967 9.5 -2.5 14 48
3724968 9.5 -2.5 14.5 48
3740333 10 -4.5 12.5 48
3740334 10 -4.5 13 48
3740335 10 -4.5 13.5 48
3740336 10 -4.5 14 48
3740337 10 -4.5 14.5 48
3740380 10 -4 12.5 48
3740381 10 -4 13 48
3740382 10 -4 13.5 48
3740383 10 -4 14 48
3740384 10 -4 14.5 48
3740427 10 -3.5 12.5 48
3740428 10 -3.5 13 48
3740429 10 -3.5 13.5 48
3740430 10 -3.5 14 48
3740431 10 -3.5 14.5 48
3755843 10.5 -5 12.5 48
3755844 10.5 -5 13 48
3755845 10.5 -5 13.5 48
3755846 10.5 -5 14 48
3755847 10.5 -5 14.5 48
3755890 10.5 -4.5 12.5 48
3755891 10.5 -4.5 13 48
3755892 10.5 -4.5 13.5 48
3755893 10.5 -4.5 14 48
3755894 10.5 -4.5 14.5 48
3755937 10.5 -4 12.5 48
3755938 10.5 -4 13 48
3755939 10.5 -4 13.5 48
3755940 10.5 -4 14 48
3755941 10.5 -4 14.5 48
3771306 11 -6 12.5 48
3771307 11 -6 13 48
3771308 11 -6 13.5 48
3771309 11 -6 14 48
3771310 11 -6 14.5 48
3771353 11 -5.5 12.5 48
3771354 11 -5.5 13 48
3771355 11 -5.5 13.5 48
3771356 11 -5.5 14 48
3771357 11 -5.5 14.5 48
3771400 11 -5 12.5 48
3771401 11 -5 13 48
3771402 11 -5 13.5 48
3771403 11 -5 14 48
3771404 11 -5 14.5 48
3786816 11.5 -6.5 12.5 48
3786817 11.5 -6.5 13 48
3786818 11.5 -6.5 13.5 48
3786819 11.5 -6.5 14 48
3786820 11.5 -6.5 14.5 48
3786863 11.5 -6 12.5 48
3786864 11.5 -6 13 48
3786865 11.5 -6 13.5 48
3786866 11.5 -6 14 48
3786867 11.5 -6 14.5 48
3786910 11.5 -5.5 12.5 48
3786911 11.5 -5.5 13 48
3786912 11.5 -5.5 13.5 48
3786913 11.5 -5.5 14 48
3786914 11.5 -5.5 14.5 48
3802279 12 -7.5 12.5 48
3802280 12 -7.5 13 48
3802281 12 -7.5 13.5 48
3802282 12 -7.5 14 48
3802283 12 -7.5 14.5 48
3802326 12 -7 12.5 48
3802327 12 -7 13 48
3802328 12 -7 13.5 48
3802329 12 -7 14 48
3802330 12 -7 14.5 48
3802373 12 -6.5 12.5 48
3802374 12 -6.5 13 48
3802375 12 -6.5 13.5 48
3802376 12 -6.5 14 48
3802377 12 -6.5 14.5 48
3817742 12.5 -8.5 12.5 48
3817743 12.5 -8.5 13 48
3817744 12.5 -8.5 13.5 48
3817745 12.5 -8.5 14 48
3817746 12.5 -8.5 14.5 48
3817789 12.5 -8 12.5 48
3817790 12.5 -8 13 48
3817791 12.5 -8 13.5 48
3817792 12.5 -8 14 48
3817793 12.5 -8 14.5 48
3817836 12.5 -7.5 12.5 48
3817837 12.5 -7.5 13 48
3817838 12.5 -7.5 13.5 48
3817839 12.5 -7.5 14 48
3817840 12.5 -7.5 14.5 48
3817883 12.5 -7 12.5 48
3817884 12.5 -7 13 48
3817885 12.5 -7 13.5 48
3817886 12.5 -7 14 48
3817887 12.5 -7 14.5 48
3833252 13 -9 12.5 48
3833253 13 -9 13 48
3833254 13 -9 13.5 48
3833255 13 -9 14 48
3833256 13 -9 14.5 48
3833299 13 -8.5 12.5 48
3833300 13 -8.5 13 48
3833301 13 -8.5 13.5 48
3833302 13 -8.5 14 48
3833303 13 -8.5 14.5 48
3833346 13 -8 12.5 48
3833347 13 -8 13 48
3833348 13 -8 13.5 48
3833349 13 -8 14 48
3833350 13 -8 14.5 48
3848715 13.5 -10 12.5 48
3848716 13.5 -10 13 48
3848717 13.5 -10 13.5 48
3848718 13.5 -10 14 48
3848719 13.5 -10 14.5 48
3848762 13.5 -9.5 12.5 48
3848763 13.5 -9.5 13 48
3848764 13.5 -9.5 13.5 48
3848765 13.5 -9.5 14 48
3848766 13.5 -9.5 14.5 48
3848809 13.5 -9 12.5 48
3848810 13.5 -9 13 48
3848811 13.5 -9 13.5 48
3848812 13.5 -9 14 48
3848813 13.5 -9 14.5 48
3864225 14 -10.5 12.5 48
3864226 14 -10.5 13 48
3864227 14 -10.5 13.5 48
3864228 14 -10.5 14 48
3864229 14 -10.5 14.5 48
3864272 14 -10 12.5 48
3864273 14 -10 13 48
3864274 14 -10 13.5 48
3864275 14 -10 14 48
3864276 14 -10 14.5 48
3864319 14 -9.5 12.5 48
3864320 14 -9.5 13 48
3864321 14 -9.5 13.5 48
3864322 14 -9.5 14 48
3864323 14 -9.5 14.5 48
3879688 14.5 -11.5 12.5 48
3879689 14.5 -11.5 13 48
3879690 14.5 -11.5 13.5 48
3879691 14.5 -11.5 14 48
3879692 14.5 -11.5 14.5 48
3879735 14.5 -11 12.5 48
3879736 14.5 -11 13 48
3879737 14.5 -11 13.5 48
3879738 14.5 -11 14 48
3879739 14.5 -11 14.5 48
3879782 14.5 -10.5 12.5 48
3879783 14.5 -10.5 13 48
3879784 14.5 -10.5 13.5 48
3879785 14.5 -10.5 14 48
3879786 14.5 -10.5 14.5 48
3895198 15 -12 12.5 48
3895199 15 -12 13 48
3895200 15 -12 13.5 48
3895201 15 -12 14 48
3895202 15 -12 14.5 48
3895245 15 -11.5 12.5 48
3895246 15 -11.5 13 48
3895247 15 -11.5 13.5 48
3895248 15 -11.5 14 48
3895249 15 -11.5 14.5 48
3895292 15 -11 12.5 48
3895293 15 -11 13 48
3895294 15 -11 13.5 48
3895295 15 -11 14 48
3895296 15 -11 14.5 48
3910661 15.5 -13 12.5 48
3910662 15.5 -13 13 48
3910663 15.5 -13 13.5 48
3910664 15.5 -13 14 48
3910665 15.5 -13 14.5 48
3910708 15.5 -12.5 12.5 48
3910709 15.5 -12.5 13 48
3910710 15.5 -12.5 13.5 48
3910711 15.5 -12.5 14 48
3910712 15.5 -12.5 14.5 48
3910755 15.5 -12 12.5 48
3910756 15.5 -12 13 48
3910757 15.5 -12 13.5 48
3910758 15.5 -12 14 48
3910759 15.5 -12 14.5 48
3926171 16 -13.5 12.5 48
3926172 16 -13.5 13 48
3926173 16 -13.5 13.5 48
3926174 16 -13.5 14 48
3926175 16 -13.5 14.5 48
3926218 16 -13 12.5 48
3926219 16 -13 13 48
3926220 16 -13 13.5 48
3926221 16 -13 14 48
3926222 16 -13 14.5 48
3926265 16 -12.5 12.5 48
3926266 16 -12.5 13 48
3926267 16 -12.5 13.5 48
3926268 16 -12.5 14 48
3926269 16 -12.5 14.5 48
3941634 16.5 -14.5 12.5 48
3941635 16.5 -14.5 13 48
3941636 16.5 -14.5 13.5 48
3941637 16.5 -14.5 14 48
3941638 16.5 -14.5 14.5 48
3941681 16.5 -14 12.5 48
3941682 16.5 -14 13 48
3941683 16.5 -14 13.5 48
3941684 16.5 -14 14 48
3941685 16.5 -14 14.5 48
3941728 16.5 -13.5 12.5 48
3941729 16.5 -13.5 13 48
3941730 16.5 -13.5 13.5 48
3941731 16.5 -13.5 14 48
3941732 16.5 -13.5 14.5 48
3957144 17 -15 12.5 48
3957145 17 -15 13 48
3957146 17 -15 13.5 48
3957147 17 -15 14 48
3957148 17 -15 14.5 48
3957191 17 -14.5 12.5 48
3957192 17 -14.5 13 48
3957193 17 -14.5 13.5 48
3957194 17 -14.5 14 48
3957195 17 -14.5 14.5 48
3957238 17 -14 12.5 48
3957239 17 -14 13 48
3957240 17 -14 13.5 48
3957241 17 -14 14 48
3957242 17 -14 14.5 48
3972607 17.5 -16 12.5 48
3972608 17.5 -16 13 48
3972609 17.5 -16 13.5 48
3972610 17.5 -16 14 48
3972611 17.5 -16 14.5 48
3972654 17.5 -15.5 12.5 48
3972655 17.5 -15.5 13 48
3972656 17.5 -15.5 13.5 48
3972657 17.5 -15.5 14 48
3972658 17.5 -15.5 14.5 48
3972701 17.5 -15 12.5 48
3972702 17.5 -15 13 48
3972703 17.5 -15 13.5 48
3972704 17.5 -15 14 48
3972705 17.5 -15 14.5 48
3988070 18 -17 12.5 48
3988071 18 -17 13 48
3988072 18 -17 13.5 48
3988073 18 -17 14 48
3988074 18 -17 14.5 48
3988117 18 -16.5 12.5 48
3988118 18 -16.5 13 48
3988119 18 -16.5 13.5 48
3988120 18 -16.5 14 48
3988121 18 -16.5 14.5 48
3988164 18 -16 12.5 48
3988165 18 -16 13 48
3988166 18 -16 13.5 48
3988167 18 -16 14 48
3988168 18 -16 14.5 48
3988211 18 -15.5 12.5 48
3988212 18 -15.5 13 48
3988213 18 -15.5 13.5 48
3988214 18 -15.5 14 48
3988215 18 -15.5 14.5 48
4003580 18.5 -17.5 12.5 48
4003581 18.5 -17.5 13 48
4003582 18.5 -17.5 13.5 48
4003583 18.5 -17.5 14 48
4003584 18.5 -17.5 14.5 48
4003627 18.5 -17 12.5 48
4003628 18.5 -17 13 48
4003629 18.5 -17 13.5 48
4003630 18.5 -17 14 48
4003631 18.5 -17 14.5 48
4003674 18.5 -16.5 12.5 48
4003675 18.5 -16.5 13 48
4003676 18.5 -16.5 13.5 48
4003677 18.5 -16.5 14 48
4003678 18.5 -16.5 14.5 48
4019090 19 -18 12.5 48
4019091 19 -18 13 48
4019092 19 -18 13.5 48
4019093 19 -18 14 48
4019094 19 -18 14.5 48
4019137 19 -17.5 12.5 48
4019138 19 -17.5 13 48
4019139 19 -17.5 13.5 48
4019140 19 -17.5 14 48
4019141 19 -17.5 14.5 48
4034647 19.5 -18 12.5 48
4034648 19.5 -18 13 48
4034649 19.5 -18 13.5 48
4034650 19.5 -18 14 48
4034651 19.5 -18 14.5 48
