10662510 232.5 -12 21 19
10662511 232.5 -12 21.5 19
10678020 233 -12.5 21 19
10678021 233 -12.5 21.5 19
10678067 233 -12 21 19
10678068 233 -12 21.5 19
10693483 233.5 -13.5 21 19
10693484 233.5 -13.5 21.5 19
10693530 233.5 -13 21 19
10693531 233.5 -13 21.5 19
10693577 233.5 -12.5 21 19
10693578 233.5 -12.5 21.5 19
10693624 233.5 -12 21 19
10693625 233.5 -12 21.5 19
10708993 234 -14 21 19
10708994 234 -14 21.5 19
10709040 234 -13.5 21 19
10709041 234 -13.5 21.5 19
10709087 234 -13 21 19
10709088 234 -13 21.5 19
10709134 234 -12.5 21 19
10709135 234 -12.5 21.5 19
10709181 234 -12 21 19
10709182 234 -12 21.5 19
10724456 234.5 -15 21 19
10724457 234.5 -15 21.5 19
10724503 234.5 -14.5 21 19
10724504 234.5 -14.5 21.5 19
10724550 234.5 -14 21 19
10724551 234.5 -14 21.5 19
10724597 234.5 -13.5 21 19
10724598 234.5 -13.5 21.5 19
10724644 234.5 -13 21 19
10724645 234.5 -13 21.5 19
10724691 234.5 -12.5 21 19
10724692 234.5 -12.5 21.5 19
10724738 234.5 -12 21 19
10724739 234.5 -12 21.5 19
10739966 235 -15.5 21 19
10739967 235 -15.5 21.5 19
10740013 235 -15 21 19
10740014 235 -15 21.5 19
10740060 235 -14.5 21 19
10740061 235 -14.5 21.5 19
10740107 235 -14 21 19
10740108 235 -14 21.5 19
10740154 235 -13.5 21 19
10740155 235 -13.5 21.5 19
10740201 235 -13 21 19
10740202 235 -13 21.5 19
10740248 235 -12.5 21 19
10740249 235 -12.5 21.5 19
10740295 235 -12 21 19
10740296 235 -12 21.5 19
10755429 235.5 -16.5 21 19
10755430 235.5 -16.5 21.5 19
10755476 235.5 -16 21 19
10755477 235.5 -16 21.5 19
10755523 235.5 -15.5 21 19
10755524 235.5 -15.5 21.5 19
10755570 235.5 -15 21 19
10755571 235.5 -15 21.5 19
10755617 235.5 -14.5 21 19
10755618 235.5 -14.5 21.5 19
10755664 235.5 -14 21 19
10755665 235.5 -14 21.5 19
10755711 235.5 -13.5 21 19
10755712 235.5 -13.5 21.5 19
10755758 235.5 -13 21 19
10755759 235.5 -13 21.5 19
10755805 235.5 -12.5 21 19
10755806 235.5 -12.5 21.5 19
10755852 235.5 -12 21 19
10755853 235.5 -12 21.5 19
10770892 236 -17.5 21 19
10770893 236 -17.5 21.5 19
10770939 236 -17 21 19
10770940 236 -17 21.5 19
10770986 236 -16.5 21 19
10770987 236 -16.5 21.5 19
10771033 236 -16 21 19
10771034 236 -16 21.5 19
10771080 236 -15.5 21 19
10771081 236 -15.5 21.5 19
10771127 236 -15 21 19
10771128 236 -15 21.5 19
10771174 236 -14.5 21 19
10771175 236 -14.5 21.5 19
10771221 236 -14 21 19
10771222 236 -14 21.5 19
10771268 236 -13.5 21 19
10771269 236 -13.5 21.5 19
10771315 236 -13 21 19
10771316 236 -13 21.5 19
10771362 236 -12.5 21 19
10771363 236 -12.5 21.5 19
10771409 236 -12 21 19
10771410 236 -12 21.5 19
10786402 236.5 -18 21 19
10786403 236.5 -18 21.5 19
10786449 236.5 -17.5 21 19
10786450 236.5 -17.5 21.5 19
10786496 236.5 -17 21 19
10786497 236.5 -17 21.5 19
10786543 236.5 -16.5 21 19
10786544 236.5 -16.5 21.5 19
10786590 236.5 -16 21 19
10786591 236.5 -16 21.5 19
10786637 236.5 -15.5 21 19
10786638 236.5 -15.5 21.5 19
10786684 236.5 -15 21 19
10786685 236.5 -15 21.5 19
10786731 236.5 -14.5 21 19
10786732 236.5 -14.5 21.5 19
10786778 236.5 -14 21 19
10786779 236.5 -14 21.5 19
10786825 236.5 -13.5 21 19
10786826 236.5 -13.5 21.5 19
10786872 236.5 -13 21 19
10786873 236.5 -13 21.5 19
10786919 236.5 -12.5 21 19
10786920 236.5 -12.5 21.5 19
10786966 236.5 -12 21 19
10786967 236.5 -12 21.5 19
10801959 237 -18 21 19
10801960 237 -18 21.5 19
10802006 237 -17.5 21 19
10802007 237 -17.5 21.5 19
10802053 237 -17 21 19
10802054 237 -17 21.5 19
10802100 237 -16.5 21 19
10802101 237 -16.5 21.5 19
10802147 237 -16 21 19
10802148 237 -16 21.5 19
10802194 237 -15.5 21 19
10802195 237 -15.5 21.5 19
10802241 237 -15 21 19
10802242 237 -15 21.5 19
10802288 237 -14.5 21 19
10802289 237 -14.5 21.5 19
10802335 237 -14 21 19
10802336 237 -14 21.5 19
10802382 237 -13.5 21 19
10802383 237 -13.5 21.5 19
10802429 237 -13 21 19
10802430 237 -13 21.5 19
10802476 237 -12.5 21 19
10802477 237 -12.5 21.5 19
10802523 237 -12 21 19
10802524 237 -12 21.5 19
10817516 237.5 -18 21 19
10817517 237.5 -18 21.5 19
10817563 237.5 -17.5 21 19
10817564 237.5 -17.5 21.5 19
10817610 237.5 -17 21 19
10817611 237.5 -17 21.5 19
10817657 237.5 -16.5 21 19
10817658 237.5 -16.5 21.5 19
10817704 237.5 -16 21 19
10817705 237.5 -16 21.5 19
10817751 237.5 -15.5 21 19
10817752 237.5 -15.5 21.5 19
10817798 237.5 -15 21 19
10817799 237.5 -15 21.5 19
10817845 237.5 -14.5 21 19
10817846 237.5 -14.5 21.5 19
10817892 237.5 -14 21 19
10817893 237.5 -14 21.5 19
10817939 237.5 -13.5 21 19
10817940 237.5 -13.5 21.5 19
10817986 237.5 -13 21 19
10817987 237.5 -13 21.5 19
10818033 237.5 -12.5 21 19
10818034 237.5 -12.5 21.5 19
10818080 237.5 -12 21 19
10818081 237.5 -12 21.5 19
10833073 238 -18 21 19
10833074 238 -18 21.5 19
10833120 238 -17.5 21 19
10833121 238 -17.5 21.5 19
10833167 238 -17 21 19
10833168 238 -17 21.5 19
10833214 238 -16.5 21 19
10833215 238 -16.5 21.5 19
10833261 238 -16 21 19
10833262 238 -16 21.5 19
10833308 238 -15.5 21 19
10833309 238 -15.5 21.5 19
10833355 238 -15 21 19
10833356 238 -15 21.5 19
10833402 238 -14.5 21 19
10833403 238 -14.5 21.5 19
10833449 238 -14 21 19
10833450 238 -14 21.5 19
10833496 238 -13.5 21 19
10833497 238 -13.5 21.5 19
10833543 238 -13 21 19
10833544 238 -13 21.5 19
10833590 238 -12.5 21 19
10833591 238 -12.5 21.5 19
10833637 238 -12 21 19
10833638 238 -12 21.5 19
10848630 238.5 -18 21 19
10848631 238.5 -18 21.5 19
10848677 238.5 -17.5 21 19
10848678 238.5 -17.5 21.5 19
10848724 238.5 -17 21 19
10848725 238.5 -17 21.5 19
10848771 238.5 -16.5 21 19
10848772 238.5 -16.5 21.5 19
10848818 238.5 -16 21 19
10848819 238.5 -16 21.5 19
10848865 238.5 -15.5 21 19
10848866 238.5 -15.5 21.5 19
10848912 238.5 -15 21 19
10848913 238.5 -15 21.5 19
10848959 238.5 -14.5 21 19
10848960 238.5 -14.5 21.5 19
10849006 238.5 -14 21 19
10849007 238.5 -14 21.5 19
10849053 238.5 -13.5 21 19
10849054 238.5 -13.5 21.5 19
10849100 238.5 -13 21 19
10849101 238.5 -13 21.5 19
10849147 238.5 -12.5 21 19
10849148 238.5 -12.5 21.5 19
10849194 238.5 -12 21 19
10849195 238.5 -12 21.5 19
10864187 239 -18 21 19
10864188 239 -18 21.5 19
10864234 239 -17.5 21 19
10864235 239 -17.5 21.5 19
10864281 239 -17 21 19
10864282 239 -17 21.5 19
10864328 239 -16.5 21 19
10864329 239 -16.5 21.5 19
10864375 239 -16 21 19
10864376 239 -16 21.5 19
10864422 239 -15.5 21 19
10864423 239 -15.5 21.5 19
10864469 239 -15 21 19
10864470 239 -15 21.5 19
10864516 239 -14.5 21 19
10864517 239 -14.5 21.5 19
10864563 239 -14 21 19
10864564 239 -14 21.5 19
10864610 239 -13.5 21 19
10864611 239 -13.5 21.5 19
10864657 239 -13 21 19
10864658 239 -13 21.5 19
10864704 239 -12.5 21 19
10864705 239 -12.5 21.5 19
10864751 239 -12 21 19
10864752 239 -12 21.5 19
10879744 239.5 -18 21 19
10879745 239.5 -18 21.5 19
10879791 239.5 -17.5 21 19
10879792 239.5 -17.5 21.5 19
10879838 239.5 -17 21 19
10879839 239.5 -17 21.5 19
10879885 239.5 -16.5 21 19
10879886 239.5 -16.5 21.5 19
10879932 239.5 -16 21 19
10879933 239.5 -16 21.5 19
10879979 239.5 -15.5 21 19
10879980 239.5 -15.5 21.5 19
10880026 239.5 -15 21 19
10880027 239.5 -15 21.5 19
10880073 239.5 -14.5 21 19
10880074 239.5 -14.5 21.5 19
10880120 239.5 -14 21 19
10880121 239.5 -14 21.5 19
10880167 239.5 -13.5 21 19
10880168 239.5 -13.5 21.5 19
10880214 239.5 -13 21 19
10880215 239.5 -13 21.5 19
10880261 239.5 -12.5 21 19
10880262 239.5 -12.5 21.5 19
10880308 239.5 -12 21 19
10880309 239.5 -12 21.5 19
10895301 240 -18 21 19
10895302 240 -18 21.5 19
10895348 240 -17.5 21 19
10895349 240 -17.5 21.5 19
10895395 240 -17 21 19
10895396 240 -17 21.5 19
10895442 240 -16.5 21 19
10895443 240 -16.5 21.5 19
10895489 240 -16 21 19
10895490 240 -16 21.5 19
10895536 240 -15.5 21 19
10895537 240 -15.5 21.5 19
10895583 240 -15 21 19
10895584 240 -15 21.5 19
10895630 240 -14.5 21 19
10895631 240 -14.5 21.5 19
10895677 240 -14 21 19
10895678 240 -14 21.5 19
10895724 240 -13.5 21 19
10895725 240 -13.5 21.5 19
10895771 240 -13 21 19
10895772 240 -13 21.5 19
10895818 240 -12.5 21 19
10895819 240 -12.5 21.5 19
10895865 240 -12 21 19
10895866 240 -12 21.5 19
10910858 240.5 -18 21 19
10910859 240.5 -18 21.5 19
10910905 240.5 -17.5 21 19
10910906 240.5 -17.5 21.5 19
10910952 240.5 -17 21 19
10910953 240.5 -17 21.5 19
10910999 240.5 -16.5 21 19
10911000 240.5 -16.5 21.5 19
10911046 240.5 -16 21 19
10911047 240.5 -16 21.5 19
10911093 240.5 -15.5 21 19
10911094 240.5 -15.5 21.5 19
10911140 240.5 -15 21 19
10911141 240.5 -15 21.5 19
10911187 240.5 -14.5 21 19
10911188 240.5 -14.5 21.5 19
10911234 240.5 -14 21 19
10911235 240.5 -14 21.5 19
10911281 240.5 -13.5 21 19
10911282 240.5 -13.5 21.5 19
10911328 240.5 -13 21 19
10911329 240.5 -13 21.5 19
10911375 240.5 -12.5 21 19
10911376 240.5 -12.5 21.5 19
10911422 240.5 -12 21 19
10911423 240.5 -12 21.5 19
10926415 241 -18 21 19
10926416 241 -18 21.5 19
10926462 241 -17.5 21 19
10926463 241 -17.5 21.5 19
10926509 241 -17 21 19
10926510 241 -17 21.5 19
10926556 241 -16.5 21 19
10926557 241 -16.5 21.5 19
10926603 241 -16 21 19
10926604 241 -16 21.5 19
10926650 241 -15.5 21 19
10926651 241 -15.5 21.5 19
10926697 241 -15 21 19
10926698 241 -15 21.5 19
10926744 241 -14.5 21 19
10926745 241 -14.5 21.5 19
10926791 241 -14 21 19
10926792 241 -14 21.5 19
10926838 241 -13.5 21 19
10926839 241 -13.5 21.5 19
10926885 241 -13 21 19
10926886 241 -13 21.5 19
10926932 241 -12.5 21 19
10926933 241 -12.5 21.5 19
10926979 241 -12 21 19
10926980 241 -12 21.5 19
10941972 241.5 -18 21 19
10941973 241.5 -18 21.5 19
10942019 241.5 -17.5 21 19
10942020 241.5 -17.5 21.5 19
10942066 241.5 -17 21 19
10942067 241.5 -17 21.5 19
10942113 241.5 -16.5 21 19
10942114 241.5 -16.5 21.5 19
10942160 241.5 -16 21 19
10942161 241.5 -16 21.5 19
10942207 241.5 -15.5 21 19
10942208 241.5 -15.5 21.5 19
10942254 241.5 -15 21 19
10942255 241.5 -15 21.5 19
10942301 241.5 -14.5 21 19
10942302 241.5 -14.5 21.5 19
10942348 241.5 -14 21 19
10942349 241.5 -14 21.5 19
10942395 241.5 -13.5 21 19
10942396 241.5 -13.5 21.5 19
10942442 241.5 -13 21 19
10942443 241.5 -13 21.5 19
10942489 241.5 -12.5 21 19
10942490 241.5 -12.5 21.5 19
10942536 241.5 -12 21 19
10942537 241.5 -12 21.5 19
10957529 242 -18 21 19
10957530 242 -18 21.5 19
10957576 242 -17.5 21 19
10957577 242 -17.5 21.5 19
10957623 242 -17 21 19
10957624 242 -17 21.5 19
10957670 242 -16.5 21 19
10957671 242 -16.5 21.5 19
10957717 242 -16 21 19
10957718 242 -16 21.5 19
10957764 242 -15.5 21 19
10957765 242 -15.5 21.5 19
10957811 242 -15 21 19
10957812 242 -15 21.5 19
10957858 242 -14.5 21 19
10957859 242 -14.5 21.5 19
10957905 242 -14 21 19
10957906 242 -14 21.5 19
10957952 242 -13.5 21 19
10957953 242 -13.5 21.5 19
10957999 242 -13 21 19
10958000 242 -13 21.5 19
10958046 242 -12.5 21 19
10958047 242 -12.5 21.5 19
10958093 242 -12 21 19
10958094 242 -12 21.5 19
10973086 242.5 -18 21 19
10973087 242.5 -18 21.5 19
10973133 242.5 -17.5 21 19
10973134 242.5 -17.5 21.5 19
10973180 242.5 -17 21 19
10973181 242.5 -17 21.5 19
10973227 242.5 -16.5 21 19
10973228 242.5 -16.5 21.5 19
10973274 242.5 -16 21 19
10973275 242.5 -16 21.5 19
10973321 242.5 -15.5 21 19
10973322 242.5 -15.5 21.5 19
10973368 242.5 -15 21 19
10973369 242.5 -15 21.5 19
10973415 242.5 -14.5 21 19
10973416 242.5 -14.5 21.5 19
10973462 242.5 -14 21 19
10973463 242.5 -14 21.5 19
10973509 242.5 -13.5 21 19
10973510 242.5 -13.5 21.5 19
10973556 242.5 -13 21 19
10973557 242.5 -13 21.5 19
10973603 242.5 -12.5 21 19
10973604 242.5 -12.5 21.5 19
10973650 242.5 -12 21 19
10973651 242.5 -12 21.5 19
10988643 243 -18 21 19
10988644 243 -18 21.5 19
10988690 243 -17.5 21 19
10988691 243 -17.5 21.5 19
10988737 243 -17 21 19
10988738 243 -17 21.5 19
10988784 243 -16.5 21 19
10988785 243 -16.5 21.5 19
10988831 243 -16 21 19
10988832 243 -16 21.5 19
10988878 243 -15.5 21 19
10988879 243 -15.5 21.5 19
10988925 243 -15 21 19
10988926 243 -15 21.5 19
10988972 243 -14.5 21 19
10988973 243 -14.5 21.5 19
10989019 243 -14 21 19
10989020 243 -14 21.5 19
10989066 243 -13.5 21 19
10989067 243 -13.5 21.5 19
10989113 243 -13 21 19
10989114 243 -13 21.5 19
10989160 243 -12.5 21 19
10989161 243 -12.5 21.5 19
10989207 243 -12 21 19
10989208 243 -12 21.5 19
11004200 243.5 -18 21 19
11004201 243.5 -18 21.5 19
11004247 243.5 -17.5 21 19
11004248 243.5 -17.5 21.5 19
11004294 243.5 -17 21 19
11004295 243.5 -17 21.5 19
11004341 243.5 -16.5 21 19
11004342 243.5 -16.5 21.5 19
11004388 243.5 -16 21 19
11004389 243.5 -16 21.5 19
11004435 243.5 -15.5 21 19
11004436 243.5 -15.5 21.5 19
11004482 243.5 -15 21 19
11004483 243.5 -15 21.5 19
11004529 243.5 -14.5 21 19
11004530 243.5 -14.5 21.5 19
11004576 243.5 -14 21 19
11004577 243.5 -14 21.5 19
11004623 243.5 -13.5 21 19
11004624 243.5 -13.5 21.5 19
11004670 243.5 -13 21 19
11004671 243.5 -13 21.5 19
11004717 243.5 -12.5 21 19
11004718 243.5 -12.5 21.5 19
11004764 243.5 -12 21 19
11004765 243.5 -12 21.5 19
11019757 244 -18 21 19
11019758 244 -18 21.5 19
11019804 244 -17.5 21 19
11019805 244 -17.5 21.5 19
11019851 244 -17 21 19
11019852 244 -17 21.5 19
11019898 244 -16.5 21 19
11019899 244 -16.5 21.5 19
11019945 244 -16 21 19
11019946 244 -16 21.5 19
11019992 244 -15.5 21 19
11019993 244 -15.5 21.5 19
11020039 244 -15 21 19
11020040 244 -15 21.5 19
11020086 244 -14.5 21 19
11020087 244 -14.5 21.5 19
11020133 244 -14 21 19
11020134 244 -14 21.5 19
11020180 244 -13.5 21 19
11020181 244 -13.5 21.5 19
11020227 244 -13 21 19
11020228 244 -13 21.5 19
11020274 244 -12.5 21 19
11020275 244 -12.5 21.5 19
11020321 244 -12 21 19
11020322 244 -12 21.5 19
11035314 244.5 -18 21 19
11035315 244.5 -18 21.5 19
11035361 244.5 -17.5 21 19
11035362 244.5 -17.5 21.5 19
11035408 244.5 -17 21 19
11035409 244.5 -17 21.5 19
11035455 244.5 -16.5 21 19
11035456 244.5 -16.5 21.5 19
11035502 244.5 -16 21 19
11035503 244.5 -16 21.5 19
11035549 244.5 -15.5 21 19
11035550 244.5 -15.5 21.5 19
11035596 244.5 -15 21 19
11035597 244.5 -15 21.5 19
11035643 244.5 -14.5 21 19
11035644 244.5 -14.5 21.5 19
11035690 244.5 -14 21 19
11035691 244.5 -14 21.5 19
11035737 244.5 -13.5 21 19
11035738 244.5 -13.5 21.5 19
11035784 244.5 -13 21 19
11035785 244.5 -13 21.5 19
11035831 244.5 -12.5 21 19
11035832 244.5 -12.5 21.5 19
11035878 244.5 -12 21 19
11035879 244.5 -12 21.5 19
11050871 245 -18 21 19
11050872 245 -18 21.5 19
11050918 245 -17.5 21 19
11050919 245 -17.5 21.5 19
11050965 245 -17 21 19
11050966 245 -17 21.5 19
11051012 245 -16.5 21 19
11051013 245 -16.5 21.5 19
11051059 245 -16 21 19
11051060 245 -16 21.5 19
11051106 245 -15.5 21 19
11051107 245 -15.5 21.5 19
11051153 245 -15 21 19
11051154 245 -15 21.5 19
11051200 245 -14.5 21 19
11051201 245 -14.5 21.5 19
11051247 245 -14 21 19
11051248 245 -14 21.5 19
11051294 245 -13.5 21 19
11051295 245 -13.5 21.5 19
11051341 245 -13 21 19
11051342 245 -13 21.5 19
11051388 245 -12.5 21 19
11051389 245 -12.5 21.5 19
11051435 245 -12 21 19
11051436 245 -12 21.5 19
11066428 245.5 -18 21 19
11066429 245.5 -18 21.5 19
11066475 245.5 -17.5 21 19
11066476 245.5 -17.5 21.5 19
11066522 245.5 -17 21 19
11066523 245.5 -17 21.5 19
11066569 245.5 -16.5 21 19
11066570 245.5 -16.5 21.5 19
11066616 245.5 -16 21 19
11066617 245.5 -16 21.5 19
11066663 245.5 -15.5 21 19
11066664 245.5 -15.5 21.5 19
11066710 245.5 -15 21 19
11066711 245.5 -15 21.5 19
11066757 245.5 -14.5 21 19
11066758 245.5 -14.5 21.5 19
11066804 245.5 -14 21 19
11066805 245.5 -14 21.5 19
11066851 245.5 -13.5 21 19
11066852 245.5 -13.5 21.5 19
11066898 245.5 -13 21 19
11066899 245.5 -13 21.5 19
11066945 245.5 -12.5 21 19
11066946 245.5 -12.5 21.5 19
11066992 245.5 -12 21 19
11066993 245.5 -12 21.5 19
11081985 246 -18 21 19
11081986 246 -18 21.5 19
11082032 246 -17.5 21 19
11082033 246 -17.5 21.5 19
11082079 246 -17 21 19
11082080 246 -17 21.5 19
11082126 246 -16.5 21 19
11082127 246 -16.5 21.5 19
11082173 246 -16 21 19
11082174 246 -16 21.5 19
11082220 246 -15.5 21 19
11082221 246 -15.5 21.5 19
11082267 246 -15 21 19
11082268 246 -15 21.5 19
11082314 246 -14.5 21 19
11082315 246 -14.5 21.5 19
11082361 246 -14 21 19
11082362 246 -14 21.5 19
11082408 246 -13.5 21 19
11082409 246 -13.5 21.5 19
11082455 246 -13 21 19
11082456 246 -13 21.5 19
11082502 246 -12.5 21 19
11082503 246 -12.5 21.5 19
11082549 246 -12 21 19
11082550 246 -12 21.5 19
11097542 246.5 -18 21 19
11097543 246.5 -18 21.5 19
11097589 246.5 -17.5 21 19
11097590 246.5 -17.5 21.5 19
11097636 246.5 -17 21 19
11097637 246.5 -17 21.5 19
11097683 246.5 -16.5 21 19
11097684 246.5 -16.5 21.5 19
11097730 246.5 -16 21 19
11097731 246.5 -16 21.5 19
11097777 246.5 -15.5 21 19
11097778 246.5 -15.5 21.5 19
11097824 246.5 -15 21 19
11097825 246.5 -15 21.5 19
11097871 246.5 -14.5 21 19
11097872 246.5 -14.5 21.5 19
11097918 246.5 -14 21 19
11097919 246.5 -14 21.5 19
11097965 246.5 -13.5 21 19
11097966 246.5 -13.5 21.5 19
11098012 246.5 -13 21 19
11098013 246.5 -13 21.5 19
11098059 246.5 -12.5 21 19
11098060 246.5 -12.5 21.5 19
11098106 246.5 -12 21 19
11098107 246.5 -12 21.5 19
11113099 247 -18 21 19
11113100 247 -18 21.5 19
11113146 247 -17.5 21 19
11113147 247 -17.5 21.5 19
11113193 247 -17 21 19
11113194 247 -17 21.5 19
11113240 247 -16.5 21 19
11113241 247 -16.5 21.5 19
11113287 247 -16 21 19
11113288 247 -16 21.5 19
11113334 247 -15.5 21 19
11113335 247 -15.5 21.5 19
11113381 247 -15 21 19
11113382 247 -15 21.5 19
11113428 247 -14.5 21 19
11113429 247 -14.5 21.5 19
11113475 247 -14 21 19
11113476 247 -14 21.5 19
11113522 247 -13.5 21 19
11113523 247 -13.5 21.5 19
11113569 247 -13 21 19
11113570 247 -13 21.5 19
11113616 247 -12.5 21 19
11113617 247 -12.5 21.5 19
11113663 247 -12 21 19
11113664 247 -12 21.5 19
11128656 247.5 -18 21 19
11128657 247.5 -18 21.5 19
11128703 247.5 -17.5 21 19
11128704 247.5 -17.5 21.5 19
11128750 247.5 -17 21 19
11128751 247.5 -17 21.5 19
11128797 247.5 -16.5 21 19
11128798 247.5 -16.5 21.5 19
11128844 247.5 -16 21 19
11128845 247.5 -16 21.5 19
11128891 247.5 -15.5 21 19
11128892 247.5 -15.5 21.5 19
11128938 247.5 -15 21 19
11128939 247.5 -15 21.5 19
11128985 247.5 -14.5 21 19
11128986 247.5 -14.5 21.5 19
11129032 247.5 -14 21 19
11129033 247.5 -14 21.5 19
11129079 247.5 -13.5 21 19
11129080 247.5 -13.5 21.5 19
11129126 247.5 -13 21 19
11129127 247.5 -13 21.5 19
11129173 247.5 -12.5 21 19
11129174 247.5 -12.5 21.5 19
11129220 247.5 -12 21 19
11129221 247.5 -12 21.5 19
11144213 248 -18 21 19
11144214 248 -18 21.5 19
11144260 248 -17.5 21 19
11144261 248 -17.5 21.5 19
11144307 248 -17 21 19
11144308 248 -17 21.5 19
11144354 248 -16.5 21 19
11144355 248 -16.5 21.5 19
11144401 248 -16 21 19
11144402 248 -16 21.5 19
11144448 248 -15.5 21 19
11144449 248 -15.5 21.5 19
11144495 248 -15 21 19
11144496 248 -15 21.5 19
11144542 248 -14.5 21 19
11144543 248 -14.5 21.5 19
11144589 248 -14 21 19
11144590 248 -14 21.5 19
11144636 248 -13.5 21 19
11144637 248 -13.5 21.5 19
11144683 248 -13 21 19
11144684 248 -13 21.5 19
11144730 248 -12.5 21 19
11144731 248 -12.5 21.5 19
11144777 248 -12 21 19
11144778 248 -12 21.5 19
11159770 248.5 -18 21 19
11159771 248.5 -18 21.5 19
11159817 248.5 -17.5 21 19
11159818 248.5 -17.5 21.5 19
11159864 248.5 -17 21 19
11159865 248.5 -17 21.5 19
11159911 248.5 -16.5 21 19
11159912 248.5 -16.5 21.5 19
11159958 248.5 -16 21 19
11159959 248.5 -16 21.5 19
11160005 248.5 -15.5 21 19
11160006 248.5 -15.5 21.5 19
11160052 248.5 -15 21 19
11160053 248.5 -15 21.5 19
11160099 248.5 -14.5 21 19
11160100 248.5 -14.5 21.5 19
11160146 248.5 -14 21 19
11160147 248.5 -14 21.5 19
11160193 248.5 -13.5 21 19
11160194 248.5 -13.5 21.5 19
11160240 248.5 -13 21 19
11160241 248.5 -13 21.5 19
11160287 248.5 -12.5 21 19
11160288 248.5 -12.5 21.5 19
11160334 248.5 -12 21 19
11160335 248.5 -12 21.5 19
11175327 249 -18 21 19
11175328 249 -18 21.5 19
11175374 249 -17.5 21 19
11175375 249 -17.5 21.5 19
11175421 249 -17 21 19
11175422 249 -17 21.5 19
11175468 249 -16.5 21 19
11175469 249 -16.5 21.5 19
11175515 249 -16 21 19
11175516 249 -16 21.5 19
11175562 249 -15.5 21 19
11175563 249 -15.5 21.5 19
11175609 249 -15 21 19
11175610 249 -15 21.5 19
11175656 249 -14.5 21 19
11175657 249 -14.5 21.5 19
11175703 249 -14 21 19
11175704 249 -14 21.5 19
11175750 249 -13.5 21 19
11175751 249 -13.5 21.5 19
11175797 249 -13 21 19
11175798 249 -13 21.5 19
11175844 249 -12.5 21 19
11175845 249 -12.5 21.5 19
11175891 249 -12 21 19
11175892 249 -12 21.5 19
11190884 249.5 -18 21 19
11190885 249.5 -18 21.5 19
11190931 249.5 -17.5 21 19
11190932 249.5 -17.5 21.5 19
11190978 249.5 -17 21 19
11190979 249.5 -17 21.5 19
11191025 249.5 -16.5 21 19
11191026 249.5 -16.5 21.5 19
11191072 249.5 -16 21 19
11191073 249.5 -16 21.5 19
11191119 249.5 -15.5 21 19
11191120 249.5 -15.5 21.5 19
11191166 249.5 -15 21 19
11191167 249.5 -15 21.5 19
11191213 249.5 -14.5 21 19
11191214 249.5 -14.5 21.5 19
11191260 249.5 -14 21 19
11191261 249.5 -14 21.5 19
11191307 249.5 -13.5 21 19
11191308 249.5 -13.5 21.5 19
11191354 249.5 -13 21 19
11191355 249.5 -13 21.5 19
11191401 249.5 -12.5 21 19
11191402 249.5 -12.5 21.5 19
11191448 249.5 -12 21 19
11191449 249.5 -12 21.5 19
11206441 250 -18 21 19
11206442 250 -18 21.5 19
11206488 250 -17.5 21 19
11206489 250 -17.5 21.5 19
11206535 250 -17 21 19
11206536 250 -17 21.5 19
11206582 250 -16.5 21 19
11206583 250 -16.5 21.5 19
11206629 250 -16 21 19
11206630 250 -16 21.5 19
11206676 250 -15.5 21 19
11206677 250 -15.5 21.5 19
11206723 250 -15 21 19
11206724 250 -15 21.5 19
11206770 250 -14.5 21 19
11206771 250 -14.5 21.5 19
11206817 250 -14 21 19
11206818 250 -14 21.5 19
11206864 250 -13.5 21 19
11206865 250 -13.5 21.5 19
11206911 250 -13 21 19
11206912 250 -13 21.5 19
11206958 250 -12.5 21 19
11206959 250 -12.5 21.5 19
11207005 250 -12 21 19
11207006 250 -12 21.5 19
11221998 250.5 -18 21 19
11221999 250.5 -18 21.5 19
11222045 250.5 -17.5 21 19
11222046 250.5 -17.5 21.5 19
11222092 250.5 -17 21 19
11222093 250.5 -17 21.5 19
11222139 250.5 -16.5 21 19
11222140 250.5 -16.5 21.5 19
11222186 250.5 -16 21 19
11222187 250.5 -16 21.5 19
11222233 250.5 -15.5 21 19
11222234 250.5 -15.5 21.5 19
11222280 250.5 -15 21 19
11222281 250.5 -15 21.5 19
11222327 250.5 -14.5 21 19
11222328 250.5 -14.5 21.5 19
11222374 250.5 -14 21 19
11222375 250.5 -14 21.5 19
11222421 250.5 -13.5 21 19
11222422 250.5 -13.5 21.5 19
11222468 250.5 -13 21 19
11222469 250.5 -13 21.5 19
11222515 250.5 -12.5 21 19
11222516 250.5 -12.5 21.5 19
11222562 250.5 -12 21 19
11222563 250.5 -12 21.5 19
11237555 251 -18 21 19
11237556 251 -18 21.5 19
11237602 251 -17.5 21 19
11237603 251 -17.5 21.5 19
11237649 251 -17 21 19
11237650 251 -17 21.5 19
11237696 251 -16.5 21 19
11237697 251 -16.5 21.5 19
11237743 251 -16 21 19
11237744 251 -16 21.5 19
11237790 251 -15.5 21 19
11237791 251 -15.5 21.5 19
11237837 251 -15 21 19
11237838 251 -15 21.5 19
11237884 251 -14.5 21 19
11237885 251 -14.5 21.5 19
11237931 251 -14 21 19
11237932 251 -14 21.5 19
11237978 251 -13.5 21 19
11237979 251 -13.5 21.5 19
11238025 251 -13 21 19
11238026 251 -13 21.5 19
11238072 251 -12.5 21 19
11238073 251 -12.5 21.5 19
11238119 251 -12 21 19
11238120 251 -12 21.5 19
11253112 251.5 -18 21 19
11253113 251.5 -18 21.5 19
11253159 251.5 -17.5 21 19
11253160 251.5 -17.5 21.5 19
11253206 251.5 -17 21 19
11253207 251.5 -17 21.5 19
11253253 251.5 -16.5 21 19
11253254 251.5 -16.5 21.5 19
11253300 251.5 -16 21 19
11253301 251.5 -16 21.5 19
11253347 251.5 -15.5 21 19
11253348 251.5 -15.5 21.5 19
11253394 251.5 -15 21 19
11253395 251.5 -15 21.5 19
11253441 251.5 -14.5 21 19
11253442 251.5 -14.5 21.5 19
11253488 251.5 -14 21 19
11253489 251.5 -14 21.5 19
11253535 251.5 -13.5 21 19
11253536 251.5 -13.5 21.5 19
11253582 251.5 -13 21 19
11253583 251.5 -13 21.5 19
11253629 251.5 -12.5 21 19
11253630 251.5 -12.5 21.5 19
11253676 251.5 -12 21 19
11253677 251.5 -12 21.5 19
11268669 252 -18 21 19
11268670 252 -18 21.5 19
11268716 252 -17.5 21 19
11268717 252 -17.5 21.5 19
11268763 252 -17 21 19
11268764 252 -17 21.5 19
11268810 252 -16.5 21 19
11268811 252 -16.5 21.5 19
11268857 252 -16 21 19
11268858 252 -16 21.5 19
11268904 252 -15.5 21 19
11268905 252 -15.5 21.5 19
11268951 252 -15 21 19
11268952 252 -15 21.5 19
11268998 252 -14.5 21 19
11268999 252 -14.5 21.5 19
11269045 252 -14 21 19
11269046 252 -14 21.5 19
11269092 252 -13.5 21 19
11269093 252 -13.5 21.5 19
11269139 252 -13 21 19
11269140 252 -13 21.5 19
11269186 252 -12.5 21 19
11269187 252 -12.5 21.5 19
11269233 252 -12 21 19
11269234 252 -12 21.5 19
11284226 252.5 -18 21 19
11284227 252.5 -18 21.5 19
11284273 252.5 -17.5 21 19
11284274 252.5 -17.5 21.5 19
11284320 252.5 -17 21 19
11284321 252.5 -17 21.5 19
11284367 252.5 -16.5 21 19
11284368 252.5 -16.5 21.5 19
11284414 252.5 -16 21 19
11284415 252.5 -16 21.5 19
11284461 252.5 -15.5 21 19
11284462 252.5 -15.5 21.5 19
11284508 252.5 -15 21 19
11284509 252.5 -15 21.5 19
11284555 252.5 -14.5 21 19
11284556 252.5 -14.5 21.5 19
11284602 252.5 -14 21 19
11284603 252.5 -14 21.5 19
11284649 252.5 -13.5 21 19
11284650 252.5 -13.5 21.5 19
11284696 252.5 -13 21 19
11284697 252.5 -13 21.5 19
11284743 252.5 -12.5 21 19
11284744 252.5 -12.5 21.5 19
11284790 252.5 -12 21 19
11284791 252.5 -12 21.5 19
11299783 253 -18 21 19
11299784 253 -18 21.5 19
11299830 253 -17.5 21 19
11299831 253 -17.5 21.5 19
11299877 253 -17 21 19
11299878 253 -17 21.5 19
11299924 253 -16.5 21 19
11299925 253 -16.5 21.5 19
11299971 253 -16 21 19
11299972 253 -16 21.5 19
11300018 253 -15.5 21 19
11300019 253 -15.5 21.5 19
11300065 253 -15 21 19
11300066 253 -15 21.5 19
11300112 253 -14.5 21 19
11300113 253 -14.5 21.5 19
11300159 253 -14 21 19
11300160 253 -14 21.5 19
11300206 253 -13.5 21 19
11300207 253 -13.5 21.5 19
11300253 253 -13 21 19
11300254 253 -13 21.5 19
11300300 253 -12.5 21 19
11300301 253 -12.5 21.5 19
11300347 253 -12 21 19
11300348 253 -12 21.5 19
11315340 253.5 -18 21 19
11315341 253.5 -18 21.5 19
11315387 253.5 -17.5 21 19
11315388 253.5 -17.5 21.5 19
11315434 253.5 -17 21 19
11315435 253.5 -17 21.5 19
11315481 253.5 -16.5 21 19
11315482 253.5 -16.5 21.5 19
11315528 253.5 -16 21 19
11315529 253.5 -16 21.5 19
11315575 253.5 -15.5 21 19
11315576 253.5 -15.5 21.5 19
11315622 253.5 -15 21 19
11315623 253.5 -15 21.5 19
11315669 253.5 -14.5 21 19
11315670 253.5 -14.5 21.5 19
11315716 253.5 -14 21 19
11315717 253.5 -14 21.5 19
11315763 253.5 -13.5 21 19
11315764 253.5 -13.5 21.5 19
11315810 253.5 -13 21 19
11315811 253.5 -13 21.5 19
11315857 253.5 -12.5 21 19
11315858 253.5 -12.5 21.5 19
11315904 253.5 -12 21 19
11315905 253.5 -12 21.5 19
11330897 254 -18 21 19
11330898 254 -18 21.5 19
11330944 254 -17.5 21 19
11330945 254 -17.5 21.5 19
11330991 254 -17 21 19
11330992 254 -17 21.5 19
11331038 254 -16.5 21 19
11331039 254 -16.5 21.5 19
11331085 254 -16 21 19
11331086 254 -16 21.5 19
11331132 254 -15.5 21 19
11331133 254 -15.5 21.5 19
11331179 254 -15 21 19
11331180 254 -15 21.5 19
11331226 254 -14.5 21 19
11331227 254 -14.5 21.5 19
11331273 254 -14 21 19
11331274 254 -14 21.5 19
11331320 254 -13.5 21 19
11331321 254 -13.5 21.5 19
11331367 254 -13 21 19
11331368 254 -13 21.5 19
11331414 254 -12.5 21 19
11331415 254 -12.5 21.5 19
11331461 254 -12 21 19
11331462 254 -12 21.5 19
11346454 254.5 -18 21 19
11346455 254.5 -18 21.5 19
11346501 254.5 -17.5 21 19
11346502 254.5 -17.5 21.5 19
11346548 254.5 -17 21 19
11346549 254.5 -17 21.5 19
11346595 254.5 -16.5 21 19
11346596 254.5 -16.5 21.5 19
11346642 254.5 -16 21 19
11346643 254.5 -16 21.5 19
11346689 254.5 -15.5 21 19
11346690 254.5 -15.5 21.5 19
11346736 254.5 -15 21 19
11346737 254.5 -15 21.5 19
11346783 254.5 -14.5 21 19
11346784 254.5 -14.5 21.5 19
11346830 254.5 -14 21 19
11346831 254.5 -14 21.5 19
11346877 254.5 -13.5 21 19
11346878 254.5 -13.5 21.5 19
11346924 254.5 -13 21 19
11346925 254.5 -13 21.5 19
11346971 254.5 -12.5 21 19
11346972 254.5 -12.5 21.5 19
11347018 254.5 -12 21 19
11347019 254.5 -12 21.5 19
11362011 255 -18 21 19
11362012 255 -18 21.5 19
11362058 255 -17.5 21 19
11362059 255 -17.5 21.5 19
11362105 255 -17 21 19
11362106 255 -17 21.5 19
11362152 255 -16.5 21 19
11362153 255 -16.5 21.5 19
11362199 255 -16 21 19
11362200 255 -16 21.5 19
11362246 255 -15.5 21 19
11362247 255 -15.5 21.5 19
11362293 255 -15 21 19
11362294 255 -15 21.5 19
11362340 255 -14.5 21 19
11362341 255 -14.5 21.5 19
11362387 255 -14 21 19
11362388 255 -14 21.5 19
11362434 255 -13.5 21 19
11362435 255 -13.5 21.5 19
11362481 255 -13 21 19
11362482 255 -13 21.5 19
11362528 255 -12.5 21 19
11362529 255 -12.5 21.5 19
11362575 255 -12 21 19
11362576 255 -12 21.5 19
11377568 255.5 -18 21 19
11377569 255.5 -18 21.5 19
11377615 255.5 -17.5 21 19
11377616 255.5 -17.5 21.5 19
11377662 255.5 -17 21 19
11377663 255.5 -17 21.5 19
11377709 255.5 -16.5 21 19
11377710 255.5 -16.5 21.5 19
11377756 255.5 -16 21 19
11377757 255.5 -16 21.5 19
11377803 255.5 -15.5 21 19
11377804 255.5 -15.5 21.5 19
11377850 255.5 -15 21 19
11377851 255.5 -15 21.5 19
11377897 255.5 -14.5 21 19
11377898 255.5 -14.5 21.5 19
11377944 255.5 -14 21 19
11377945 255.5 -14 21.5 19
11377991 255.5 -13.5 21 19
11377992 255.5 -13.5 21.5 19
11378038 255.5 -13 21 19
11378039 255.5 -13 21.5 19
11378085 255.5 -12.5 21 19
11378086 255.5 -12.5 21.5 19
11378132 255.5 -12 21 19
11378133 255.5 -12 21.5 19
11393125 256 -18 21 19
11393126 256 -18 21.5 19
11393172 256 -17.5 21 19
11393173 256 -17.5 21.5 19
11393219 256 -17 21 19
11393220 256 -17 21.5 19
11393266 256 -16.5 21 19
11393267 256 -16.5 21.5 19
11393313 256 -16 21 19
11393314 256 -16 21.5 19
11393360 256 -15.5 21 19
11393361 256 -15.5 21.5 19
11393407 256 -15 21 19
11393408 256 -15 21.5 19
11393454 256 -14.5 21 19
11393455 256 -14.5 21.5 19
11393501 256 -14 21 19
11393502 256 -14 21.5 19
11393548 256 -13.5 21 19
11393549 256 -13.5 21.5 19
11393595 256 -13 21 19
11393596 256 -13 21.5 19
11393642 256 -12.5 21 19
11393643 256 -12.5 21.5 19
11393689 256 -12 21 19
11393690 256 -12 21.5 19
11408682 256.5 -18 21 19
11408683 256.5 -18 21.5 19
11408729 256.5 -17.5 21 19
11408730 256.5 -17.5 21.5 19
11408776 256.5 -17 21 19
11408777 256.5 -17 21.5 19
11408823 256.5 -16.5 21 19
11408824 256.5 -16.5 21.5 19
11408870 256.5 -16 21 19
11408871 256.5 -16 21.5 19
11408917 256.5 -15.5 21 19
11408918 256.5 -15.5 21.5 19
11408964 256.5 -15 21 19
11408965 256.5 -15 21.5 19
11409011 256.5 -14.5 21 19
11409012 256.5 -14.5 21.5 19
11409058 256.5 -14 21 19
11409059 256.5 -14 21.5 19
11409105 256.5 -13.5 21 19
11409106 256.5 -13.5 21.5 19
11409152 256.5 -13 21 19
11409153 256.5 -13 21.5 19
11409199 256.5 -12.5 21 19
11409200 256.5 -12.5 21.5 19
11409246 256.5 -12 21 19
11409247 256.5 -12 21.5 19
11424239 257 -18 21 19
11424240 257 -18 21.5 19
11424286 257 -17.5 21 19
11424287 257 -17.5 21.5 19
11424333 257 -17 21 19
11424334 257 -17 21.5 19
11424380 257 -16.5 21 19
11424381 257 -16.5 21.5 19
11424427 257 -16 21 19
11424428 257 -16 21.5 19
11424474 257 -15.5 21 19
11424475 257 -15.5 21.5 19
11424521 257 -15 21 19
11424522 257 -15 21.5 19
11424568 257 -14.5 21 19
11424569 257 -14.5 21.5 19
11424615 257 -14 21 19
11424616 257 -14 21.5 19
11424662 257 -13.5 21 19
11424663 257 -13.5 21.5 19
11424709 257 -13 21 19
11424710 257 -13 21.5 19
11424756 257 -12.5 21 19
11424757 257 -12.5 21.5 19
11424803 257 -12 21 19
11424804 257 -12 21.5 19
11439796 257.5 -18 21 19
11439797 257.5 -18 21.5 19
11439843 257.5 -17.5 21 19
11439844 257.5 -17.5 21.5 19
11439890 257.5 -17 21 19
11439891 257.5 -17 21.5 19
11439937 257.5 -16.5 21 19
11439938 257.5 -16.5 21.5 19
11439984 257.5 -16 21 19
11439985 257.5 -16 21.5 19
11440031 257.5 -15.5 21 19
11440032 257.5 -15.5 21.5 19
11440078 257.5 -15 21 19
11440079 257.5 -15 21.5 19
11440125 257.5 -14.5 21 19
11440126 257.5 -14.5 21.5 19
11440172 257.5 -14 21 19
11440173 257.5 -14 21.5 19
11440219 257.5 -13.5 21 19
11440220 257.5 -13.5 21.5 19
11440266 257.5 -13 21 19
11440267 257.5 -13 21.5 19
11440313 257.5 -12.5 21 19
11440314 257.5 -12.5 21.5 19
11440360 257.5 -12 21 19
11440361 257.5 -12 21.5 19
11455353 258 -18 21 19
11455354 258 -18 21.5 19
11455400 258 -17.5 21 19
11455401 258 -17.5 21.5 19
11455447 258 -17 21 19
11455448 258 -17 21.5 19
11455494 258 -16.5 21 19
11455495 258 -16.5 21.5 19
11455541 258 -16 21 19
11455542 258 -16 21.5 19
11455588 258 -15.5 21 19
11455589 258 -15.5 21.5 19
11455635 258 -15 21 19
11455636 258 -15 21.5 19
11455682 258 -14.5 21 19
11455683 258 -14.5 21.5 19
11455729 258 -14 21 19
11455730 258 -14 21.5 19
11455776 258 -13.5 21 19
11455777 258 -13.5 21.5 19
11455823 258 -13 21 19
11455824 258 -13 21.5 19
11455870 258 -12.5 21 19
11455871 258 -12.5 21.5 19
11455917 258 -12 21 19
11455918 258 -12 21.5 19
11470910 258.5 -18 21 19
11470911 258.5 -18 21.5 19
11470957 258.5 -17.5 21 19
11470958 258.5 -17.5 21.5 19
11471004 258.5 -17 21 19
11471005 258.5 -17 21.5 19
11471051 258.5 -16.5 21 19
11471052 258.5 -16.5 21.5 19
11471098 258.5 -16 21 19
11471099 258.5 -16 21.5 19
11471145 258.5 -15.5 21 19
11471146 258.5 -15.5 21.5 19
11471192 258.5 -15 21 19
11471193 258.5 -15 21.5 19
11471239 258.5 -14.5 21 19
11471240 258.5 -14.5 21.5 19
11471286 258.5 -14 21 19
11471287 258.5 -14 21.5 19
11471333 258.5 -13.5 21 19
11471334 258.5 -13.5 21.5 19
11471380 258.5 -13 21 19
11471381 258.5 -13 21.5 19
11471427 258.5 -12.5 21 19
11471428 258.5 -12.5 21.5 19
11471474 258.5 -12 21 19
11471475 258.5 -12 21.5 19
11486467 259 -18 21 19
11486468 259 -18 21.5 19
11486514 259 -17.5 21 19
11486515 259 -17.5 21.5 19
11486561 259 -17 21 19
11486562 259 -17 21.5 19
11486608 259 -16.5 21 19
11486609 259 -16.5 21.5 19
11486655 259 -16 21 19
11486656 259 -16 21.5 19
11486702 259 -15.5 21 19
11486703 259 -15.5 21.5 19
11486749 259 -15 21 19
11486750 259 -15 21.5 19
11486796 259 -14.5 21 19
11486797 259 -14.5 21.5 19
11486843 259 -14 21 19
11486844 259 -14 21.5 19
11486890 259 -13.5 21 19
11486891 259 -13.5 21.5 19
11486937 259 -13 21 19
11486938 259 -13 21.5 19
11486984 259 -12.5 21 19
11486985 259 -12.5 21.5 19
11487031 259 -12 21 19
11487032 259 -12 21.5 19
11502024 259.5 -18 21 19
11502025 259.5 -18 21.5 19
11502071 259.5 -17.5 21 19
11502072 259.5 -17.5 21.5 19
11502118 259.5 -17 21 19
11502119 259.5 -17 21.5 19
11502165 259.5 -16.5 21 19
11502166 259.5 -16.5 21.5 19
11502212 259.5 -16 21 19
11502213 259.5 -16 21.5 19
11502259 259.5 -15.5 21 19
11502260 259.5 -15.5 21.5 19
11502306 259.5 -15 21 19
11502307 259.5 -15 21.5 19
11502353 259.5 -14.5 21 19
11502354 259.5 -14.5 21.5 19
11502400 259.5 -14 21 19
11502401 259.5 -14 21.5 19
11502447 259.5 -13.5 21 19
11502448 259.5 -13.5 21.5 19
11502494 259.5 -13 21 19
11502495 259.5 -13 21.5 19
11502541 259.5 -12.5 21 19
11502542 259.5 -12.5 21.5 19
11502588 259.5 -12 21 19
11502589 259.5 -12 21.5 19
11517581 260 -18 21 19
11517582 260 -18 21.5 19
11517628 260 -17.5 21 19
11517629 260 -17.5 21.5 19
11517675 260 -17 21 19
11517676 260 -17 21.5 19
11517722 260 -16.5 21 19
11517723 260 -16.5 21.5 19
11517769 260 -16 21 19
11517770 260 -16 21.5 19
11517816 260 -15.5 21 19
11517817 260 -15.5 21.5 19
11517863 260 -15 21 19
11517864 260 -15 21.5 19
11517910 260 -14.5 21 19
11517911 260 -14.5 21.5 19
11517957 260 -14 21 19
11517958 260 -14 21.5 19
11518004 260 -13.5 21 19
11518005 260 -13.5 21.5 19
11518051 260 -13 21 19
11518052 260 -13 21.5 19
11518098 260 -12.5 21 19
11518099 260 -12.5 21.5 19
11518145 260 -12 21 19
11518146 260 -12 21.5 19
11533138 260.5 -18 21 19
11533139 260.5 -18 21.5 19
11533185 260.5 -17.5 21 19
11533186 260.5 -17.5 21.5 19
11533232 260.5 -17 21 19
11533233 260.5 -17 21.5 19
11533279 260.5 -16.5 21 19
11533280 260.5 -16.5 21.5 19
11533326 260.5 -16 21 19
11533327 260.5 -16 21.5 19
11533373 260.5 -15.5 21 19
11533374 260.5 -15.5 21.5 19
11533420 260.5 -15 21 19
11533421 260.5 -15 21.5 19
11533467 260.5 -14.5 21 19
11533468 260.5 -14.5 21.5 19
11533514 260.5 -14 21 19
11533515 260.5 -14 21.5 19
11533561 260.5 -13.5 21 19
11533562 260.5 -13.5 21.5 19
11533608 260.5 -13 21 19
11533609 260.5 -13 21.5 19
11533655 260.5 -12.5 21 19
11533656 260.5 -12.5 21.5 19
11533702 260.5 -12 21 19
11533703 260.5 -12 21.5 19
11548695 261 -18 21 19
11548696 261 -18 21.5 19
11548742 261 -17.5 21 19
11548743 261 -17.5 21.5 19
11548789 261 -17 21 19
11548790 261 -17 21.5 19
11548836 261 -16.5 21 19
11548837 261 -16.5 21.5 19
11548883 261 -16 21 19
11548884 261 -16 21.5 19
11548930 261 -15.5 21 19
11548931 261 -15.5 21.5 19
11548977 261 -15 21 19
11548978 261 -15 21.5 19
11549024 261 -14.5 21 19
11549025 261 -14.5 21.5 19
11549071 261 -14 21 19
11549072 261 -14 21.5 19
11549118 261 -13.5 21 19
11549119 261 -13.5 21.5 19
11549165 261 -13 21 19
11549166 261 -13 21.5 19
11549212 261 -12.5 21 19
11549213 261 -12.5 21.5 19
11549259 261 -12 21 19
11549260 261 -12 21.5 19
11564252 261.5 -18 21 19
11564253 261.5 -18 21.5 19
11564299 261.5 -17.5 21 19
11564300 261.5 -17.5 21.5 19
11564346 261.5 -17 21 19
11564347 261.5 -17 21.5 19
11564393 261.5 -16.5 21 19
11564394 261.5 -16.5 21.5 19
11564440 261.5 -16 21 19
11564441 261.5 -16 21.5 19
11564487 261.5 -15.5 21 19
11564488 261.5 -15.5 21.5 19
11564534 261.5 -15 21 19
11564535 261.5 -15 21.5 19
11564581 261.5 -14.5 21 19
11564582 261.5 -14.5 21.5 19
11564628 261.5 -14 21 19
11564629 261.5 -14 21.5 19
11564675 261.5 -13.5 21 19
11564676 261.5 -13.5 21.5 19
11564722 261.5 -13 21 19
11564723 261.5 -13 21.5 19
11564769 261.5 -12.5 21 19
11564770 261.5 -12.5 21.5 19
11564816 261.5 -12 21 19
11564817 261.5 -12 21.5 19
11579809 262 -18 21 19
11579810 262 -18 21.5 19
11579856 262 -17.5 21 19
11579857 262 -17.5 21.5 19
11579903 262 -17 21 19
11579904 262 -17 21.5 19
11579950 262 -16.5 21 19
11579951 262 -16.5 21.5 19
11579997 262 -16 21 19
11579998 262 -16 21.5 19
11580044 262 -15.5 21 19
11580045 262 -15.5 21.5 19
11580091 262 -15 21 19
11580092 262 -15 21.5 19
11580138 262 -14.5 21 19
11580139 262 -14.5 21.5 19
11580185 262 -14 21 19
11580186 262 -14 21.5 19
11580232 262 -13.5 21 19
11580233 262 -13.5 21.5 19
11580279 262 -13 21 19
11580280 262 -13 21.5 19
11580326 262 -12.5 21 19
11580327 262 -12.5 21.5 19
11580373 262 -12 21 19
11580374 262 -12 21.5 19
11595366 262.5 -18 21 19
11595367 262.5 -18 21.5 19
11595413 262.5 -17.5 21 19
11595414 262.5 -17.5 21.5 19
11595460 262.5 -17 21 19
11595461 262.5 -17 21.5 19
11595507 262.5 -16.5 21 19
11595508 262.5 -16.5 21.5 19
11595554 262.5 -16 21 19
11595555 262.5 -16 21.5 19
11595601 262.5 -15.5 21 19
11595602 262.5 -15.5 21.5 19
11595648 262.5 -15 21 19
11595649 262.5 -15 21.5 19
11595695 262.5 -14.5 21 19
11595696 262.5 -14.5 21.5 19
11595742 262.5 -14 21 19
11595743 262.5 -14 21.5 19
11595789 262.5 -13.5 21 19
11595790 262.5 -13.5 21.5 19
11595836 262.5 -13 21 19
11595837 262.5 -13 21.5 19
11595883 262.5 -12.5 21 19
11595884 262.5 -12.5 21.5 19
11595930 262.5 -12 21 19
11595931 262.5 -12 21.5 19
11610923 263 -18 21 19
11610924 263 -18 21.5 19
11610970 263 -17.5 21 19
11610971 263 -17.5 21.5 19
11611017 263 -17 21 19
11611018 263 -17 21.5 19
11611064 263 -16.5 21 19
11611065 263 -16.5 21.5 19
11611111 263 -16 21 19
11611112 263 -16 21.5 19
11611158 263 -15.5 21 19
11611159 263 -15.5 21.5 19
11611205 263 -15 21 19
11611206 263 -15 21.5 19
11611252 263 -14.5 21 19
11611253 263 -14.5 21.5 19
11611299 263 -14 21 19
11611300 263 -14 21.5 19
11611346 263 -13.5 21 19
11611347 263 -13.5 21.5 19
11611393 263 -13 21 19
11611394 263 -13 21.5 19
11611440 263 -12.5 21 19
11611441 263 -12.5 21.5 19
11611487 263 -12 21 19
11611488 263 -12 21.5 19
11626480 263.5 -18 21 19
11626481 263.5 -18 21.5 19
11626527 263.5 -17.5 21 19
11626528 263.5 -17.5 21.5 19
11626574 263.5 -17 21 19
11626575 263.5 -17 21.5 19
11626621 263.5 -16.5 21 19
11626622 263.5 -16.5 21.5 19
11626668 263.5 -16 21 19
11626669 263.5 -16 21.5 19
11626715 263.5 -15.5 21 19
11626716 263.5 -15.5 21.5 19
11626762 263.5 -15 21 19
11626763 263.5 -15 21.5 19
11626809 263.5 -14.5 21 19
11626810 263.5 -14.5 21.5 19
11626856 263.5 -14 21 19
11626857 263.5 -14 21.5 19
11626903 263.5 -13.5 21 19
11626904 263.5 -13.5 21.5 19
11626950 263.5 -13 21 19
11626951 263.5 -13 21.5 19
11626997 263.5 -12.5 21 19
11626998 263.5 -12.5 21.5 19
11627044 263.5 -12 21 19
11627045 263.5 -12 21.5 19
11642037 264 -18 21 19
11642038 264 -18 21.5 19
11642084 264 -17.5 21 19
11642085 264 -17.5 21.5 19
11642131 264 -17 21 19
11642132 264 -17 21.5 19
11642178 264 -16.5 21 19
11642179 264 -16.5 21.5 19
11642225 264 -16 21 19
11642226 264 -16 21.5 19
11642272 264 -15.5 21 19
11642273 264 -15.5 21.5 19
11642319 264 -15 21 19
11642320 264 -15 21.5 19
11642366 264 -14.5 21 19
11642367 264 -14.5 21.5 19
11642413 264 -14 21 19
11642414 264 -14 21.5 19
11642460 264 -13.5 21 19
11642461 264 -13.5 21.5 19
11642507 264 -13 21 19
11642508 264 -13 21.5 19
11642554 264 -12.5 21 19
11642555 264 -12.5 21.5 19
11642601 264 -12 21 19
11642602 264 -12 21.5 19
11657594 264.5 -18 21 19
11657595 264.5 -18 21.5 19
11657641 264.5 -17.5 21 19
11657642 264.5 -17.5 21.5 19
11657688 264.5 -17 21 19
11657689 264.5 -17 21.5 19
11657735 264.5 -16.5 21 19
11657736 264.5 -16.5 21.5 19
11657782 264.5 -16 21 19
11657783 264.5 -16 21.5 19
11657829 264.5 -15.5 21 19
11657830 264.5 -15.5 21.5 19
11657876 264.5 -15 21 19
11657877 264.5 -15 21.5 19
11657923 264.5 -14.5 21 19
11657924 264.5 -14.5 21.5 19
11657970 264.5 -14 21 19
11657971 264.5 -14 21.5 19
11658017 264.5 -13.5 21 19
11658018 264.5 -13.5 21.5 19
11658064 264.5 -13 21 19
11658065 264.5 -13 21.5 19
11658111 264.5 -12.5 21 19
11658112 264.5 -12.5 21.5 19
11658158 264.5 -12 21 19
11658159 264.5 -12 21.5 19
11673151 265 -18 21 19
11673152 265 -18 21.5 19
11673198 265 -17.5 21 19
11673199 265 -17.5 21.5 19
11673245 265 -17 21 19
11673246 265 -17 21.5 19
11673292 265 -16.5 21 19
11673293 265 -16.5 21.5 19
11673339 265 -16 21 19
11673340 265 -16 21.5 19
11673386 265 -15.5 21 19
11673387 265 -15.5 21.5 19
11673433 265 -15 21 19
11673434 265 -15 21.5 19
11673480 265 -14.5 21 19
11673481 265 -14.5 21.5 19
11673527 265 -14 21 19
11673528 265 -14 21.5 19
11673574 265 -13.5 21 19
11673575 265 -13.5 21.5 19
11673621 265 -13 21 19
11673622 265 -13 21.5 19
11673668 265 -12.5 21 19
11673669 265 -12.5 21.5 19
11673715 265 -12 21 19
11673716 265 -12 21.5 19
11688708 265.5 -18 21 19
11688709 265.5 -18 21.5 19
11688755 265.5 -17.5 21 19
11688756 265.5 -17.5 21.5 19
11688802 265.5 -17 21 19
11688803 265.5 -17 21.5 19
11688849 265.5 -16.5 21 19
11688850 265.5 -16.5 21.5 19
11688896 265.5 -16 21 19
11688897 265.5 -16 21.5 19
11688943 265.5 -15.5 21 19
11688944 265.5 -15.5 21.5 19
11688990 265.5 -15 21 19
11688991 265.5 -15 21.5 19
11689037 265.5 -14.5 21 19
11689038 265.5 -14.5 21.5 19
11689084 265.5 -14 21 19
11689085 265.5 -14 21.5 19
11689131 265.5 -13.5 21 19
11689132 265.5 -13.5 21.5 19
11689178 265.5 -13 21 19
11689179 265.5 -13 21.5 19
11689225 265.5 -12.5 21 19
11689226 265.5 -12.5 21.5 19
11689272 265.5 -12 21 19
11689273 265.5 -12 21.5 19
11704265 266 -18 21 19
11704266 266 -18 21.5 19
11704312 266 -17.5 21 19
11704313 266 -17.5 21.5 19
11704359 266 -17 21 19
11704360 266 -17 21.5 19
11704406 266 -16.5 21 19
11704407 266 -16.5 21.5 19
11704453 266 -16 21 19
11704454 266 -16 21.5 19
11704500 266 -15.5 21 19
11704501 266 -15.5 21.5 19
11704547 266 -15 21 19
11704548 266 -15 21.5 19
11704594 266 -14.5 21 19
11704595 266 -14.5 21.5 19
11704641 266 -14 21 19
11704642 266 -14 21.5 19
11704688 266 -13.5 21 19
11704689 266 -13.5 21.5 19
11704735 266 -13 21 19
11704736 266 -13 21.5 19
11704782 266 -12.5 21 19
11704783 266 -12.5 21.5 19
11704829 266 -12 21 19
11704830 266 -12 21.5 19
11719822 266.5 -18 21 19
11719823 266.5 -18 21.5 19
11719869 266.5 -17.5 21 19
11719870 266.5 -17.5 21.5 19
11719916 266.5 -17 21 19
11719917 266.5 -17 21.5 19
11719963 266.5 -16.5 21 19
11719964 266.5 -16.5 21.5 19
11720010 266.5 -16 21 19
11720011 266.5 -16 21.5 19
11720057 266.5 -15.5 21 19
11720058 266.5 -15.5 21.5 19
11720104 266.5 -15 21 19
11720105 266.5 -15 21.5 19
11720151 266.5 -14.5 21 19
11720152 266.5 -14.5 21.5 19
11720198 266.5 -14 21 19
11720199 266.5 -14 21.5 19
11720245 266.5 -13.5 21 19
11720246 266.5 -13.5 21.5 19
11720292 266.5 -13 21 19
11720293 266.5 -13 21.5 19
11720339 266.5 -12.5 21 19
11720340 266.5 -12.5 21.5 19
11720386 266.5 -12 21 19
11720387 266.5 -12 21.5 19
11735379 267 -18 21 19
11735380 267 -18 21.5 19
11735426 267 -17.5 21 19
11735427 267 -17.5 21.5 19
11735473 267 -17 21 19
11735474 267 -17 21.5 19
11735520 267 -16.5 21 19
11735521 267 -16.5 21.5 19
11735567 267 -16 21 19
11735568 267 -16 21.5 19
11735614 267 -15.5 21 19
11735615 267 -15.5 21.5 19
11735661 267 -15 21 19
11735662 267 -15 21.5 19
11735708 267 -14.5 21 19
11735709 267 -14.5 21.5 19
11735755 267 -14 21 19
11735756 267 -14 21.5 19
11735802 267 -13.5 21 19
11735803 267 -13.5 21.5 19
11735849 267 -13 21 19
11735850 267 -13 21.5 19
11735896 267 -12.5 21 19
11735897 267 -12.5 21.5 19
11735943 267 -12 21 19
11735944 267 -12 21.5 19
11750936 267.5 -18 21 19
11750937 267.5 -18 21.5 19
11750983 267.5 -17.5 21 19
11750984 267.5 -17.5 21.5 19
11751030 267.5 -17 21 19
11751031 267.5 -17 21.5 19
11751077 267.5 -16.5 21 19
11751078 267.5 -16.5 21.5 19
11751124 267.5 -16 21 19
11751125 267.5 -16 21.5 19
11751171 267.5 -15.5 21 19
11751172 267.5 -15.5 21.5 19
11751218 267.5 -15 21 19
11751219 267.5 -15 21.5 19
11751265 267.5 -14.5 21 19
11751266 267.5 -14.5 21.5 19
11751312 267.5 -14 21 19
11751313 267.5 -14 21.5 19
11751359 267.5 -13.5 21 19
11751360 267.5 -13.5 21.5 19
11751406 267.5 -13 21 19
11751407 267.5 -13 21.5 19
11751453 267.5 -12.5 21 19
11751454 267.5 -12.5 21.5 19
11751500 267.5 -12 21 19
11751501 267.5 -12 21.5 19
11766493 268 -18 21 19
11766494 268 -18 21.5 19
11766540 268 -17.5 21 19
11766541 268 -17.5 21.5 19
11766587 268 -17 21 19
11766588 268 -17 21.5 19
11766634 268 -16.5 21 19
11766635 268 -16.5 21.5 19
11766681 268 -16 21 19
11766682 268 -16 21.5 19
11766728 268 -15.5 21 19
11766729 268 -15.5 21.5 19
11766775 268 -15 21 19
11766776 268 -15 21.5 19
11766822 268 -14.5 21 19
11766823 268 -14.5 21.5 19
11766869 268 -14 21 19
11766870 268 -14 21.5 19
11766916 268 -13.5 21 19
11766917 268 -13.5 21.5 19
11766963 268 -13 21 19
11766964 268 -13 21.5 19
11767010 268 -12.5 21 19
11767011 268 -12.5 21.5 19
11767057 268 -12 21 19
11767058 268 -12 21.5 19
11782050 268.5 -18 21 19
11782051 268.5 -18 21.5 19
11782097 268.5 -17.5 21 19
11782098 268.5 -17.5 21.5 19
11782144 268.5 -17 21 19
11782145 268.5 -17 21.5 19
11782191 268.5 -16.5 21 19
11782192 268.5 -16.5 21.5 19
11782238 268.5 -16 21 19
11782239 268.5 -16 21.5 19
11782285 268.5 -15.5 21 19
11782286 268.5 -15.5 21.5 19
11782332 268.5 -15 21 19
11782333 268.5 -15 21.5 19
11782379 268.5 -14.5 21 19
11782380 268.5 -14.5 21.5 19
11782426 268.5 -14 21 19
11782427 268.5 -14 21.5 19
11782473 268.5 -13.5 21 19
11782474 268.5 -13.5 21.5 19
11782520 268.5 -13 21 19
11782521 268.5 -13 21.5 19
11782567 268.5 -12.5 21 19
11782568 268.5 -12.5 21.5 19
11782614 268.5 -12 21 19
11782615 268.5 -12 21.5 19
11797607 269 -18 21 19
11797608 269 -18 21.5 19
11797654 269 -17.5 21 19
11797655 269 -17.5 21.5 19
11797701 269 -17 21 19
11797702 269 -17 21.5 19
11797748 269 -16.5 21 19
11797749 269 -16.5 21.5 19
11797795 269 -16 21 19
11797796 269 -16 21.5 19
11797842 269 -15.5 21 19
11797843 269 -15.5 21.5 19
11797889 269 -15 21 19
11797890 269 -15 21.5 19
11797936 269 -14.5 21 19
11797937 269 -14.5 21.5 19
11797983 269 -14 21 19
11797984 269 -14 21.5 19
11798030 269 -13.5 21 19
11798031 269 -13.5 21.5 19
11798077 269 -13 21 19
11798078 269 -13 21.5 19
11798124 269 -12.5 21 19
11798125 269 -12.5 21.5 19
11798171 269 -12 21 19
11798172 269 -12 21.5 19
11813164 269.5 -18 21 19
11813165 269.5 -18 21.5 19
11813211 269.5 -17.5 21 19
11813212 269.5 -17.5 21.5 19
11813258 269.5 -17 21 19
11813259 269.5 -17 21.5 19
11813305 269.5 -16.5 21 19
11813306 269.5 -16.5 21.5 19
11813352 269.5 -16 21 19
11813353 269.5 -16 21.5 19
11813399 269.5 -15.5 21 19
11813400 269.5 -15.5 21.5 19
11813446 269.5 -15 21 19
11813447 269.5 -15 21.5 19
11813493 269.5 -14.5 21 19
11813494 269.5 -14.5 21.5 19
11813540 269.5 -14 21 19
11813541 269.5 -14 21.5 19
11813587 269.5 -13.5 21 19
11813588 269.5 -13.5 21.5 19
11813634 269.5 -13 21 19
11813635 269.5 -13 21.5 19
11813681 269.5 -12.5 21 19
11813682 269.5 -12.5 21.5 19
11813728 269.5 -12 21 19
11813729 269.5 -12 21.5 19
11828721 270 -18 21 19
11828722 270 -18 21.5 19
11828768 270 -17.5 21 19
11828769 270 -17.5 21.5 19
11828815 270 -17 21 19
11828816 270 -17 21.5 19
11828862 270 -16.5 21 19
11828863 270 -16.5 21.5 19
11828909 270 -16 21 19
11828910 270 -16 21.5 19
11828956 270 -15.5 21 19
11828957 270 -15.5 21.5 19
11829003 270 -15 21 19
11829004 270 -15 21.5 19
11829050 270 -14.5 21 19
11829051 270 -14.5 21.5 19
11829097 270 -14 21 19
11829098 270 -14 21.5 19
11829144 270 -13.5 21 19
11829145 270 -13.5 21.5 19
11829191 270 -13 21 19
11829192 270 -13 21.5 19
11829238 270 -12.5 21 19
11829239 270 -12.5 21.5 19
11829285 270 -12 21 19
11829286 270 -12 21.5 19
11844278 270.5 -18 21 19
11844279 270.5 -18 21.5 19
11844325 270.5 -17.5 21 19
11844326 270.5 -17.5 21.5 19
11844372 270.5 -17 21 19
11844373 270.5 -17 21.5 19
11844419 270.5 -16.5 21 19
11844420 270.5 -16.5 21.5 19
11844466 270.5 -16 21 19
11844467 270.5 -16 21.5 19
11844513 270.5 -15.5 21 19
11844514 270.5 -15.5 21.5 19
11844560 270.5 -15 21 19
11844561 270.5 -15 21.5 19
11844607 270.5 -14.5 21 19
11844608 270.5 -14.5 21.5 19
11844654 270.5 -14 21 19
11844655 270.5 -14 21.5 19
11844701 270.5 -13.5 21 19
11844702 270.5 -13.5 21.5 19
11844748 270.5 -13 21 19
11844749 270.5 -13 21.5 19
11844795 270.5 -12.5 21 19
11844796 270.5 -12.5 21.5 19
11844842 270.5 -12 21 19
11844843 270.5 -12 21.5 19
11859835 271 -18 21 19
11859836 271 -18 21.5 19
11859882 271 -17.5 21 19
11859883 271 -17.5 21.5 19
11859929 271 -17 21 19
11859930 271 -17 21.5 19
11859976 271 -16.5 21 19
11859977 271 -16.5 21.5 19
11860023 271 -16 21 19
11860024 271 -16 21.5 19
11860070 271 -15.5 21 19
11860071 271 -15.5 21.5 19
11860117 271 -15 21 19
11860118 271 -15 21.5 19
11860164 271 -14.5 21 19
11860165 271 -14.5 21.5 19
11860211 271 -14 21 19
11860212 271 -14 21.5 19
11860258 271 -13.5 21 19
11860259 271 -13.5 21.5 19
11860305 271 -13 21 19
11860306 271 -13 21.5 19
11860352 271 -12.5 21 19
11860353 271 -12.5 21.5 19
11860399 271 -12 21 19
11860400 271 -12 21.5 19
11875392 271.5 -18 21 19
11875393 271.5 -18 21.5 19
11875439 271.5 -17.5 21 19
11875440 271.5 -17.5 21.5 19
11875486 271.5 -17 21 19
11875487 271.5 -17 21.5 19
11875533 271.5 -16.5 21 19
11875534 271.5 -16.5 21.5 19
11875580 271.5 -16 21 19
11875581 271.5 -16 21.5 19
11875627 271.5 -15.5 21 19
11875628 271.5 -15.5 21.5 19
11875674 271.5 -15 21 19
11875675 271.5 -15 21.5 19
11875721 271.5 -14.5 21 19
11875722 271.5 -14.5 21.5 19
11875768 271.5 -14 21 19
11875769 271.5 -14 21.5 19
11875815 271.5 -13.5 21 19
11875816 271.5 -13.5 21.5 19
11875862 271.5 -13 21 19
11875863 271.5 -13 21.5 19
11875909 271.5 -12.5 21 19
11875910 271.5 -12.5 21.5 19
11875956 271.5 -12 21 19
11875957 271.5 -12 21.5 19
11890949 272 -18 21 19
11890950 272 -18 21.5 19
11890996 272 -17.5 21 19
11890997 272 -17.5 21.5 19
11891043 272 -17 21 19
11891044 272 -17 21.5 19
11891090 272 -16.5 21 19
11891091 272 -16.5 21.5 19
11891137 272 -16 21 19
11891138 272 -16 21.5 19
11891184 272 -15.5 21 19
11891185 272 -15.5 21.5 19
11891231 272 -15 21 19
11891232 272 -15 21.5 19
11891278 272 -14.5 21 19
11891279 272 -14.5 21.5 19
11891325 272 -14 21 19
11891326 272 -14 21.5 19
11891372 272 -13.5 21 19
11891373 272 -13.5 21.5 19
11891419 272 -13 21 19
11891420 272 -13 21.5 19
11891466 272 -12.5 21 19
11891467 272 -12.5 21.5 19
11891513 272 -12 21 19
11891514 272 -12 21.5 19
11906506 272.5 -18 21 19
11906507 272.5 -18 21.5 19
11906553 272.5 -17.5 21 19
11906554 272.5 -17.5 21.5 19
11906600 272.5 -17 21 19
11906601 272.5 -17 21.5 19
11906647 272.5 -16.5 21 19
11906648 272.5 -16.5 21.5 19
11906694 272.5 -16 21 19
11906695 272.5 -16 21.5 19
11906741 272.5 -15.5 21 19
11906742 272.5 -15.5 21.5 19
11906788 272.5 -15 21 19
11906789 272.5 -15 21.5 19
11906835 272.5 -14.5 21 19
11906836 272.5 -14.5 21.5 19
11906882 272.5 -14 21 19
11906883 272.5 -14 21.5 19
11906929 272.5 -13.5 21 19
11906930 272.5 -13.5 21.5 19
11906976 272.5 -13 21 19
11906977 272.5 -13 21.5 19
11907023 272.5 -12.5 21 19
11907024 272.5 -12.5 21.5 19
11907070 272.5 -12 21 19
11907071 272.5 -12 21.5 19
11922063 273 -18 21 19
11922064 273 -18 21.5 19
11922110 273 -17.5 21 19
11922111 273 -17.5 21.5 19
11922157 273 -17 21 19
11922158 273 -17 21.5 19
11922204 273 -16.5 21 19
11922205 273 -16.5 21.5 19
11922251 273 -16 21 19
11922252 273 -16 21.5 19
11922298 273 -15.5 21 19
11922299 273 -15.5 21.5 19
11922345 273 -15 21 19
11922346 273 -15 21.5 19
11922392 273 -14.5 21 19
11922393 273 -14.5 21.5 19
11922439 273 -14 21 19
11922440 273 -14 21.5 19
11922486 273 -13.5 21 19
11922487 273 -13.5 21.5 19
11922533 273 -13 21 19
11922534 273 -13 21.5 19
11922580 273 -12.5 21 19
11922581 273 -12.5 21.5 19
11922627 273 -12 21 19
11922628 273 -12 21.5 19
11937620 273.5 -18 21 19
11937621 273.5 -18 21.5 19
11937667 273.5 -17.5 21 19
11937668 273.5 -17.5 21.5 19
11937714 273.5 -17 21 19
11937715 273.5 -17 21.5 19
11937761 273.5 -16.5 21 19
11937762 273.5 -16.5 21.5 19
11937808 273.5 -16 21 19
11937809 273.5 -16 21.5 19
11937855 273.5 -15.5 21 19
11937856 273.5 -15.5 21.5 19
11937902 273.5 -15 21 19
11937903 273.5 -15 21.5 19
11937949 273.5 -14.5 21 19
11937950 273.5 -14.5 21.5 19
11937996 273.5 -14 21 19
11937997 273.5 -14 21.5 19
11938043 273.5 -13.5 21 19
11938044 273.5 -13.5 21.5 19
11938090 273.5 -13 21 19
11938091 273.5 -13 21.5 19
11938137 273.5 -12.5 21 19
11938138 273.5 -12.5 21.5 19
11938184 273.5 -12 21 19
11938185 273.5 -12 21.5 19
11953177 274 -18 21 19
11953178 274 -18 21.5 19
11953224 274 -17.5 21 19
11953225 274 -17.5 21.5 19
11953271 274 -17 21 19
11953272 274 -17 21.5 19
11953318 274 -16.5 21 19
11953319 274 -16.5 21.5 19
11953365 274 -16 21 19
11953366 274 -16 21.5 19
11953412 274 -15.5 21 19
11953413 274 -15.5 21.5 19
11953459 274 -15 21 19
11953460 274 -15 21.5 19
11953506 274 -14.5 21 19
11953507 274 -14.5 21.5 19
11953553 274 -14 21 19
11953554 274 -14 21.5 19
11953600 274 -13.5 21 19
11953601 274 -13.5 21.5 19
11953647 274 -13 21 19
11953648 274 -13 21.5 19
11953694 274 -12.5 21 19
11953695 274 -12.5 21.5 19
11953741 274 -12 21 19
11953742 274 -12 21.5 19
11968734 274.5 -18 21 19
11968735 274.5 -18 21.5 19
11968781 274.5 -17.5 21 19
11968782 274.5 -17.5 21.5 19
11968828 274.5 -17 21 19
11968829 274.5 -17 21.5 19
11968875 274.5 -16.5 21 19
11968876 274.5 -16.5 21.5 19
11968922 274.5 -16 21 19
11968923 274.5 -16 21.5 19
11968969 274.5 -15.5 21 19
11968970 274.5 -15.5 21.5 19
11969016 274.5 -15 21 19
11969017 274.5 -15 21.5 19
11969063 274.5 -14.5 21 19
11969064 274.5 -14.5 21.5 19
11969110 274.5 -14 21 19
11969111 274.5 -14 21.5 19
11969157 274.5 -13.5 21 19
11969158 274.5 -13.5 21.5 19
11969204 274.5 -13 21 19
11969205 274.5 -13 21.5 19
11969251 274.5 -12.5 21 19
11969252 274.5 -12.5 21.5 19
11969298 274.5 -12 21 19
11969299 274.5 -12 21.5 19
11984291 275 -18 21 19
11984292 275 -18 21.5 19
11984338 275 -17.5 21 19
11984339 275 -17.5 21.5 19
11984385 275 -17 21 19
11984386 275 -17 21.5 19
11984432 275 -16.5 21 19
11984433 275 -16.5 21.5 19
11984479 275 -16 21 19
11984480 275 -16 21.5 19
11984526 275 -15.5 21 19
11984527 275 -15.5 21.5 19
11984573 275 -15 21 19
11984574 275 -15 21.5 19
11984620 275 -14.5 21 19
11984621 275 -14.5 21.5 19
11984667 275 -14 21 19
11984668 275 -14 21.5 19
11984714 275 -13.5 21 19
11984715 275 -13.5 21.5 19
11984761 275 -13 21 19
11984762 275 -13 21.5 19
11984808 275 -12.5 21 19
11984809 275 -12.5 21.5 19
11984855 275 -12 21 19
11984856 275 -12 21.5 19
11999848 275.5 -18 21 19
11999849 275.5 -18 21.5 19
11999895 275.5 -17.5 21 19
11999896 275.5 -17.5 21.5 19
11999942 275.5 -17 21 19
11999943 275.5 -17 21.5 19
11999989 275.5 -16.5 21 19
11999990 275.5 -16.5 21.5 19
12000036 275.5 -16 21 19
12000037 275.5 -16 21.5 19
12000083 275.5 -15.5 21 19
12000084 275.5 -15.5 21.5 19
12000130 275.5 -15 21 19
12000131 275.5 -15 21.5 19
12000177 275.5 -14.5 21 19
12000178 275.5 -14.5 21.5 19
12000224 275.5 -14 21 19
12000225 275.5 -14 21.5 19
12000271 275.5 -13.5 21 19
12000272 275.5 -13.5 21.5 19
12000318 275.5 -13 21 19
12000319 275.5 -13 21.5 19
12000365 275.5 -12.5 21 19
12000366 275.5 -12.5 21.5 19
12000412 275.5 -12 21 19
12000413 275.5 -12 21.5 19
12015405 276 -18 21 19
12015406 276 -18 21.5 19
12015452 276 -17.5 21 19
12015453 276 -17.5 21.5 19
12015499 276 -17 21 19
12015500 276 -17 21.5 19
12015546 276 -16.5 21 19
12015547 276 -16.5 21.5 19
12015593 276 -16 21 19
12015594 276 -16 21.5 19
12015640 276 -15.5 21 19
12015641 276 -15.5 21.5 19
12015687 276 -15 21 19
12015688 276 -15 21.5 19
12015734 276 -14.5 21 19
12015735 276 -14.5 21.5 19
12015781 276 -14 21 19
12015782 276 -14 21.5 19
12015828 276 -13.5 21 19
12015829 276 -13.5 21.5 19
12015875 276 -13 21 19
12015876 276 -13 21.5 19
12015922 276 -12.5 21 19
12015923 276 -12.5 21.5 19
12015969 276 -12 21 19
12015970 276 -12 21.5 19
12030962 276.5 -18 21 19
12030963 276.5 -18 21.5 19
12031009 276.5 -17.5 21 19
12031010 276.5 -17.5 21.5 19
12031056 276.5 -17 21 19
12031057 276.5 -17 21.5 19
12031103 276.5 -16.5 21 19
12031104 276.5 -16.5 21.5 19
12031150 276.5 -16 21 19
12031151 276.5 -16 21.5 19
12031197 276.5 -15.5 21 19
12031198 276.5 -15.5 21.5 19
12031244 276.5 -15 21 19
12031245 276.5 -15 21.5 19
12031291 276.5 -14.5 21 19
12031292 276.5 -14.5 21.5 19
12031338 276.5 -14 21 19
12031339 276.5 -14 21.5 19
12031385 276.5 -13.5 21 19
12031386 276.5 -13.5 21.5 19
12031432 276.5 -13 21 19
12031433 276.5 -13 21.5 19
12031479 276.5 -12.5 21 19
12031480 276.5 -12.5 21.5 19
12031526 276.5 -12 21 19
12031527 276.5 -12 21.5 19
12046519 277 -18 21 19
12046520 277 -18 21.5 19
12046566 277 -17.5 21 19
12046567 277 -17.5 21.5 19
12046613 277 -17 21 19
12046614 277 -17 21.5 19
12046660 277 -16.5 21 19
12046661 277 -16.5 21.5 19
12046707 277 -16 21 19
12046708 277 -16 21.5 19
12046754 277 -15.5 21 19
12046755 277 -15.5 21.5 19
12046801 277 -15 21 19
12046802 277 -15 21.5 19
12046848 277 -14.5 21 19
12046849 277 -14.5 21.5 19
12046895 277 -14 21 19
12046896 277 -14 21.5 19
12046942 277 -13.5 21 19
12046943 277 -13.5 21.5 19
12046989 277 -13 21 19
12046990 277 -13 21.5 19
12047036 277 -12.5 21 19
12047037 277 -12.5 21.5 19
12047083 277 -12 21 19
12047084 277 -12 21.5 19
12062076 277.5 -18 21 19
12062077 277.5 -18 21.5 19
12062123 277.5 -17.5 21 19
12062124 277.5 -17.5 21.5 19
12062170 277.5 -17 21 19
12062171 277.5 -17 21.5 19
12062217 277.5 -16.5 21 19
12062218 277.5 -16.5 21.5 19
12062264 277.5 -16 21 19
12062265 277.5 -16 21.5 19
12062311 277.5 -15.5 21 19
12062312 277.5 -15.5 21.5 19
12062358 277.5 -15 21 19
12062359 277.5 -15 21.5 19
12062405 277.5 -14.5 21 19
12062406 277.5 -14.5 21.5 19
12062452 277.5 -14 21 19
12062453 277.5 -14 21.5 19
12062499 277.5 -13.5 21 19
12062500 277.5 -13.5 21.5 19
12062546 277.5 -13 21 19
12062547 277.5 -13 21.5 19
12062593 277.5 -12.5 21 19
12062594 277.5 -12.5 21.5 19
12062640 277.5 -12 21 19
12062641 277.5 -12 21.5 19
12077633 278 -18 21 19
12077634 278 -18 21.5 19
12077680 278 -17.5 21 19
12077681 278 -17.5 21.5 19
12077727 278 -17 21 19
12077728 278 -17 21.5 19
12077774 278 -16.5 21 19
12077775 278 -16.5 21.5 19
12077821 278 -16 21 19
12077822 278 -16 21.5 19
12077868 278 -15.5 21 19
12077869 278 -15.5 21.5 19
12077915 278 -15 21 19
12077916 278 -15 21.5 19
12077962 278 -14.5 21 19
12077963 278 -14.5 21.5 19
12078009 278 -14 21 19
12078010 278 -14 21.5 19
12078056 278 -13.5 21 19
12078057 278 -13.5 21.5 19
12078103 278 -13 21 19
12078104 278 -13 21.5 19
12078150 278 -12.5 21 19
12078151 278 -12.5 21.5 19
12078197 278 -12 21 19
12078198 278 -12 21.5 19
12093190 278.5 -18 21 19
12093191 278.5 -18 21.5 19
12093237 278.5 -17.5 21 19
12093238 278.5 -17.5 21.5 19
12093284 278.5 -17 21 19
12093285 278.5 -17 21.5 19
12093331 278.5 -16.5 21 19
12093332 278.5 -16.5 21.5 19
12093378 278.5 -16 21 19
12093379 278.5 -16 21.5 19
12093425 278.5 -15.5 21 19
12093426 278.5 -15.5 21.5 19
12093472 278.5 -15 21 19
12093473 278.5 -15 21.5 19
12093519 278.5 -14.5 21 19
12093520 278.5 -14.5 21.5 19
12093566 278.5 -14 21 19
12093567 278.5 -14 21.5 19
12093613 278.5 -13.5 21 19
12093614 278.5 -13.5 21.5 19
12093660 278.5 -13 21 19
12093661 278.5 -13 21.5 19
12093707 278.5 -12.5 21 19
12093708 278.5 -12.5 21.5 19
12093754 278.5 -12 21 19
12093755 278.5 -12 21.5 19
12108747 279 -18 21 19
12108748 279 -18 21.5 19
12108794 279 -17.5 21 19
12108795 279 -17.5 21.5 19
12108841 279 -17 21 19
12108842 279 -17 21.5 19
12108888 279 -16.5 21 19
12108889 279 -16.5 21.5 19
12108935 279 -16 21 19
12108936 279 -16 21.5 19
12108982 279 -15.5 21 19
12108983 279 -15.5 21.5 19
12109029 279 -15 21 19
12109030 279 -15 21.5 19
12109076 279 -14.5 21 19
12109077 279 -14.5 21.5 19
12109123 279 -14 21 19
12109124 279 -14 21.5 19
12109170 279 -13.5 21 19
12109171 279 -13.5 21.5 19
12109217 279 -13 21 19
12109218 279 -13 21.5 19
12109264 279 -12.5 21 19
12109265 279 -12.5 21.5 19
12109311 279 -12 21 19
12109312 279 -12 21.5 19
12124304 279.5 -18 21 19
12124305 279.5 -18 21.5 19
12124351 279.5 -17.5 21 19
12124352 279.5 -17.5 21.5 19
12124398 279.5 -17 21 19
12124399 279.5 -17 21.5 19
12124445 279.5 -16.5 21 19
12124446 279.5 -16.5 21.5 19
12124492 279.5 -16 21 19
12124493 279.5 -16 21.5 19
12124539 279.5 -15.5 21 19
12124540 279.5 -15.5 21.5 19
12124586 279.5 -15 21 19
12124587 279.5 -15 21.5 19
12124633 279.5 -14.5 21 19
12124634 279.5 -14.5 21.5 19
12124680 279.5 -14 21 19
12124681 279.5 -14 21.5 19
12124727 279.5 -13.5 21 19
12124728 279.5 -13.5 21.5 19
12124774 279.5 -13 21 19
12124775 279.5 -13 21.5 19
12124821 279.5 -12.5 21 19
12124822 279.5 -12.5 21.5 19
12124868 279.5 -12 21 19
12124869 279.5 -12 21.5 19
12139861 280 -18 21 19
12139862 280 -18 21.5 19
12139908 280 -17.5 21 19
12139909 280 -17.5 21.5 19
12139955 280 -17 21 19
12139956 280 -17 21.5 19
12140002 280 -16.5 21 19
12140003 280 -16.5 21.5 19
12140049 280 -16 21 19
12140050 280 -16 21.5 19
12140096 280 -15.5 21 19
12140097 280 -15.5 21.5 19
12140143 280 -15 21 19
12140144 280 -15 21.5 19
12140190 280 -14.5 21 19
12140191 280 -14.5 21.5 19
12140237 280 -14 21 19
12140238 280 -14 21.5 19
12140284 280 -13.5 21 19
12140285 280 -13.5 21.5 19
12140331 280 -13 21 19
12140332 280 -13 21.5 19
12140378 280 -12.5 21 19
12140379 280 -12.5 21.5 19
12140425 280 -12 21 19
12140426 280 -12 21.5 19
12155418 280.5 -18 21 19
12155419 280.5 -18 21.5 19
12155465 280.5 -17.5 21 19
12155466 280.5 -17.5 21.5 19
12155512 280.5 -17 21 19
12155513 280.5 -17 21.5 19
12155559 280.5 -16.5 21 19
12155560 280.5 -16.5 21.5 19
12155606 280.5 -16 21 19
12155607 280.5 -16 21.5 19
12155653 280.5 -15.5 21 19
12155654 280.5 -15.5 21.5 19
12155700 280.5 -15 21 19
12155701 280.5 -15 21.5 19
12155747 280.5 -14.5 21 19
12155748 280.5 -14.5 21.5 19
12155794 280.5 -14 21 19
12155795 280.5 -14 21.5 19
12155841 280.5 -13.5 21 19
12155842 280.5 -13.5 21.5 19
12155888 280.5 -13 21 19
12155889 280.5 -13 21.5 19
12155935 280.5 -12.5 21 19
12155936 280.5 -12.5 21.5 19
12155982 280.5 -12 21 19
12155983 280.5 -12 21.5 19
12170975 281 -18 21 19
12170976 281 -18 21.5 19
12171022 281 -17.5 21 19
12171023 281 -17.5 21.5 19
12171069 281 -17 21 19
12171070 281 -17 21.5 19
12171116 281 -16.5 21 19
12171117 281 -16.5 21.5 19
12171163 281 -16 21 19
12171164 281 -16 21.5 19
12171210 281 -15.5 21 19
12171211 281 -15.5 21.5 19
12171257 281 -15 21 19
12171258 281 -15 21.5 19
12171304 281 -14.5 21 19
12171305 281 -14.5 21.5 19
12171351 281 -14 21 19
12171352 281 -14 21.5 19
12171398 281 -13.5 21 19
12171399 281 -13.5 21.5 19
12171445 281 -13 21 19
12171446 281 -13 21.5 19
12171492 281 -12.5 21 19
12171493 281 -12.5 21.5 19
12171539 281 -12 21 19
12171540 281 -12 21.5 19
12186532 281.5 -18 21 19
12186533 281.5 -18 21.5 19
12186579 281.5 -17.5 21 19
12186580 281.5 -17.5 21.5 19
12186626 281.5 -17 21 19
12186627 281.5 -17 21.5 19
12186673 281.5 -16.5 21 19
12186674 281.5 -16.5 21.5 19
12186720 281.5 -16 21 19
12186721 281.5 -16 21.5 19
12186767 281.5 -15.5 21 19
12186768 281.5 -15.5 21.5 19
12186814 281.5 -15 21 19
12186815 281.5 -15 21.5 19
12186861 281.5 -14.5 21 19
12186862 281.5 -14.5 21.5 19
12186908 281.5 -14 21 19
12186909 281.5 -14 21.5 19
12186955 281.5 -13.5 21 19
12186956 281.5 -13.5 21.5 19
12187002 281.5 -13 21 19
12187003 281.5 -13 21.5 19
12187049 281.5 -12.5 21 19
12187050 281.5 -12.5 21.5 19
12187096 281.5 -12 21 19
12187097 281.5 -12 21.5 19
12202089 282 -18 21 19
12202090 282 -18 21.5 19
12202136 282 -17.5 21 19
12202137 282 -17.5 21.5 19
12202183 282 -17 21 19
12202184 282 -17 21.5 19
12202230 282 -16.5 21 19
12202231 282 -16.5 21.5 19
12202277 282 -16 21 19
12202278 282 -16 21.5 19
12202324 282 -15.5 21 19
12202325 282 -15.5 21.5 19
12202371 282 -15 21 19
12202372 282 -15 21.5 19
12202418 282 -14.5 21 19
12202419 282 -14.5 21.5 19
12202465 282 -14 21 19
12202466 282 -14 21.5 19
12202512 282 -13.5 21 19
12202513 282 -13.5 21.5 19
12202559 282 -13 21 19
12202560 282 -13 21.5 19
12202606 282 -12.5 21 19
12202607 282 -12.5 21.5 19
12202653 282 -12 21 19
12202654 282 -12 21.5 19
12217646 282.5 -18 21 19
12217647 282.5 -18 21.5 19
12217693 282.5 -17.5 21 19
12217694 282.5 -17.5 21.5 19
12217740 282.5 -17 21 19
12217741 282.5 -17 21.5 19
12217787 282.5 -16.5 21 19
12217788 282.5 -16.5 21.5 19
12217834 282.5 -16 21 19
12217835 282.5 -16 21.5 19
12217881 282.5 -15.5 21 19
12217882 282.5 -15.5 21.5 19
12217928 282.5 -15 21 19
12217929 282.5 -15 21.5 19
12217975 282.5 -14.5 21 19
12217976 282.5 -14.5 21.5 19
12218022 282.5 -14 21 19
12218023 282.5 -14 21.5 19
12218069 282.5 -13.5 21 19
12218070 282.5 -13.5 21.5 19
12218116 282.5 -13 21 19
12218117 282.5 -13 21.5 19
12218163 282.5 -12.5 21 19
12218164 282.5 -12.5 21.5 19
12218210 282.5 -12 21 19
12218211 282.5 -12 21.5 19
12233203 283 -18 21 19
12233204 283 -18 21.5 19
12233250 283 -17.5 21 19
12233251 283 -17.5 21.5 19
12233297 283 -17 21 19
12233298 283 -17 21.5 19
12233344 283 -16.5 21 19
12233345 283 -16.5 21.5 19
12233391 283 -16 21 19
12233392 283 -16 21.5 19
12233438 283 -15.5 21 19
12233439 283 -15.5 21.5 19
12233485 283 -15 21 19
12233486 283 -15 21.5 19
12233532 283 -14.5 21 19
12233533 283 -14.5 21.5 19
12233579 283 -14 21 19
12233580 283 -14 21.5 19
12233626 283 -13.5 21 19
12233627 283 -13.5 21.5 19
12233673 283 -13 21 19
12233674 283 -13 21.5 19
12233720 283 -12.5 21 19
12233721 283 -12.5 21.5 19
12233767 283 -12 21 19
12233768 283 -12 21.5 19
12248760 283.5 -18 21 19
12248761 283.5 -18 21.5 19
12248807 283.5 -17.5 21 19
12248808 283.5 -17.5 21.5 19
12248854 283.5 -17 21 19
12248855 283.5 -17 21.5 19
12248901 283.5 -16.5 21 19
12248902 283.5 -16.5 21.5 19
12248948 283.5 -16 21 19
12248949 283.5 -16 21.5 19
12248995 283.5 -15.5 21 19
12248996 283.5 -15.5 21.5 19
12249042 283.5 -15 21 19
12249043 283.5 -15 21.5 19
12249089 283.5 -14.5 21 19
12249090 283.5 -14.5 21.5 19
12249136 283.5 -14 21 19
12249137 283.5 -14 21.5 19
12249183 283.5 -13.5 21 19
12249184 283.5 -13.5 21.5 19
12249230 283.5 -13 21 19
12249231 283.5 -13 21.5 19
12249277 283.5 -12.5 21 19
12249278 283.5 -12.5 21.5 19
12249324 283.5 -12 21 19
12249325 283.5 -12 21.5 19
12264317 284 -18 21 19
12264318 284 -18 21.5 19
12264364 284 -17.5 21 19
12264365 284 -17.5 21.5 19
12264411 284 -17 21 19
12264412 284 -17 21.5 19
12264458 284 -16.5 21 19
12264459 284 -16.5 21.5 19
12264505 284 -16 21 19
12264506 284 -16 21.5 19
12264552 284 -15.5 21 19
12264553 284 -15.5 21.5 19
12264599 284 -15 21 19
12264600 284 -15 21.5 19
12264646 284 -14.5 21 19
12264647 284 -14.5 21.5 19
12264693 284 -14 21 19
12264694 284 -14 21.5 19
12264740 284 -13.5 21 19
12264741 284 -13.5 21.5 19
12264787 284 -13 21 19
12264788 284 -13 21.5 19
12264834 284 -12.5 21 19
12264835 284 -12.5 21.5 19
12264881 284 -12 21 19
12264882 284 -12 21.5 19
12279874 284.5 -18 21 19
12279875 284.5 -18 21.5 19
12279921 284.5 -17.5 21 19
12279922 284.5 -17.5 21.5 19
12279968 284.5 -17 21 19
12279969 284.5 -17 21.5 19
12280015 284.5 -16.5 21 19
12280016 284.5 -16.5 21.5 19
12280062 284.5 -16 21 19
12280063 284.5 -16 21.5 19
12280109 284.5 -15.5 21 19
12280110 284.5 -15.5 21.5 19
12280156 284.5 -15 21 19
12280157 284.5 -15 21.5 19
12280203 284.5 -14.5 21 19
12280204 284.5 -14.5 21.5 19
12280250 284.5 -14 21 19
12280251 284.5 -14 21.5 19
12280297 284.5 -13.5 21 19
12280298 284.5 -13.5 21.5 19
12280344 284.5 -13 21 19
12280345 284.5 -13 21.5 19
12280391 284.5 -12.5 21 19
12280392 284.5 -12.5 21.5 19
12280438 284.5 -12 21 19
12280439 284.5 -12 21.5 19
12295431 285 -18 21 19
12295432 285 -18 21.5 19
12295478 285 -17.5 21 19
12295479 285 -17.5 21.5 19
12295525 285 -17 21 19
12295526 285 -17 21.5 19
12295572 285 -16.5 21 19
12295573 285 -16.5 21.5 19
12295619 285 -16 21 19
12295620 285 -16 21.5 19
12295666 285 -15.5 21 19
12295667 285 -15.5 21.5 19
12295713 285 -15 21 19
12295714 285 -15 21.5 19
12295760 285 -14.5 21 19
12295761 285 -14.5 21.5 19
12295807 285 -14 21 19
12295808 285 -14 21.5 19
12295854 285 -13.5 21 19
12295855 285 -13.5 21.5 19
12295901 285 -13 21 19
12295902 285 -13 21.5 19
12295948 285 -12.5 21 19
12295949 285 -12.5 21.5 19
12295995 285 -12 21 19
12295996 285 -12 21.5 19
12310988 285.5 -18 21 19
12310989 285.5 -18 21.5 19
12311035 285.5 -17.5 21 19
12311036 285.5 -17.5 21.5 19
12311082 285.5 -17 21 19
12311083 285.5 -17 21.5 19
12311129 285.5 -16.5 21 19
12311130 285.5 -16.5 21.5 19
12311176 285.5 -16 21 19
12311177 285.5 -16 21.5 19
12311223 285.5 -15.5 21 19
12311224 285.5 -15.5 21.5 19
12311270 285.5 -15 21 19
12311271 285.5 -15 21.5 19
12311317 285.5 -14.5 21 19
12311318 285.5 -14.5 21.5 19
12311364 285.5 -14 21 19
12311365 285.5 -14 21.5 19
12311411 285.5 -13.5 21 19
12311412 285.5 -13.5 21.5 19
12311458 285.5 -13 21 19
12311459 285.5 -13 21.5 19
12311505 285.5 -12.5 21 19
12311506 285.5 -12.5 21.5 19
12311552 285.5 -12 21 19
12311553 285.5 -12 21.5 19
12326545 286 -18 21 19
12326546 286 -18 21.5 19
12326592 286 -17.5 21 19
12326593 286 -17.5 21.5 19
12326639 286 -17 21 19
12326640 286 -17 21.5 19
12326686 286 -16.5 21 19
12326687 286 -16.5 21.5 19
12326733 286 -16 21 19
12326734 286 -16 21.5 19
12326780 286 -15.5 21 19
12326781 286 -15.5 21.5 19
12326827 286 -15 21 19
12326828 286 -15 21.5 19
12326874 286 -14.5 21 19
12326875 286 -14.5 21.5 19
12326921 286 -14 21 19
12326922 286 -14 21.5 19
12326968 286 -13.5 21 19
12326969 286 -13.5 21.5 19
12327015 286 -13 21 19
12327016 286 -13 21.5 19
12327062 286 -12.5 21 19
12327063 286 -12.5 21.5 19
12327109 286 -12 21 19
12327110 286 -12 21.5 19
12342102 286.5 -18 21 19
12342103 286.5 -18 21.5 19
12342149 286.5 -17.5 21 19
12342150 286.5 -17.5 21.5 19
12342196 286.5 -17 21 19
12342197 286.5 -17 21.5 19
12342243 286.5 -16.5 21 19
12342244 286.5 -16.5 21.5 19
12342290 286.5 -16 21 19
12342291 286.5 -16 21.5 19
12342337 286.5 -15.5 21 19
12342338 286.5 -15.5 21.5 19
12342384 286.5 -15 21 19
12342385 286.5 -15 21.5 19
12342431 286.5 -14.5 21 19
12342432 286.5 -14.5 21.5 19
12342478 286.5 -14 21 19
12342479 286.5 -14 21.5 19
12342525 286.5 -13.5 21 19
12342526 286.5 -13.5 21.5 19
12342572 286.5 -13 21 19
12342573 286.5 -13 21.5 19
12342619 286.5 -12.5 21 19
12342620 286.5 -12.5 21.5 19
12342666 286.5 -12 21 19
12342667 286.5 -12 21.5 19
12357659 287 -18 21 19
12357660 287 -18 21.5 19
12357706 287 -17.5 21 19
12357707 287 -17.5 21.5 19
12357753 287 -17 21 19
12357754 287 -17 21.5 19
12357800 287 -16.5 21 19
12357801 287 -16.5 21.5 19
12357847 287 -16 21 19
12357848 287 -16 21.5 19
12357894 287 -15.5 21 19
12357895 287 -15.5 21.5 19
12357941 287 -15 21 19
12357942 287 -15 21.5 19
12357988 287 -14.5 21 19
12357989 287 -14.5 21.5 19
12358035 287 -14 21 19
12358036 287 -14 21.5 19
12358082 287 -13.5 21 19
12358083 287 -13.5 21.5 19
12358129 287 -13 21 19
12358130 287 -13 21.5 19
12358176 287 -12.5 21 19
12358177 287 -12.5 21.5 19
12358223 287 -12 21 19
12358224 287 -12 21.5 19
12373216 287.5 -18 21 19
12373217 287.5 -18 21.5 19
12373263 287.5 -17.5 21 19
12373264 287.5 -17.5 21.5 19
12373310 287.5 -17 21 19
12373311 287.5 -17 21.5 19
12373357 287.5 -16.5 21 19
12373358 287.5 -16.5 21.5 19
12373404 287.5 -16 21 19
12373405 287.5 -16 21.5 19
12373451 287.5 -15.5 21 19
12373452 287.5 -15.5 21.5 19
12373498 287.5 -15 21 19
12373499 287.5 -15 21.5 19
12373545 287.5 -14.5 21 19
12373546 287.5 -14.5 21.5 19
12373592 287.5 -14 21 19
12373593 287.5 -14 21.5 19
12373639 287.5 -13.5 21 19
12373640 287.5 -13.5 21.5 19
12373686 287.5 -13 21 19
12373687 287.5 -13 21.5 19
12373733 287.5 -12.5 21 19
12373734 287.5 -12.5 21.5 19
12388773 288 -18 21 19
12388774 288 -18 21.5 19
12388820 288 -17.5 21 19
12388821 288 -17.5 21.5 19
12388867 288 -17 21 19
12388868 288 -17 21.5 19
12388914 288 -16.5 21 19
12388915 288 -16.5 21.5 19
12388961 288 -16 21 19
12388962 288 -16 21.5 19
12389008 288 -15.5 21 19
12389009 288 -15.5 21.5 19
12389055 288 -15 21 19
12389056 288 -15 21.5 19
12389102 288 -14.5 21 19
12389103 288 -14.5 21.5 19
12389149 288 -14 21 19
12389150 288 -14 21.5 19
12389196 288 -13.5 21 19
12389197 288 -13.5 21.5 19
12404330 288.5 -18 21 19
12404331 288.5 -18 21.5 19
12404377 288.5 -17.5 21 19
12404378 288.5 -17.5 21.5 19
12404424 288.5 -17 21 19
12404425 288.5 -17 21.5 19
12404471 288.5 -16.5 21 19
12404472 288.5 -16.5 21.5 19
12404518 288.5 -16 21 19
12404519 288.5 -16 21.5 19
12404565 288.5 -15.5 21 19
12404566 288.5 -15.5 21.5 19
12404612 288.5 -15 21 19
12404613 288.5 -15 21.5 19
12404659 288.5 -14.5 21 19
12404660 288.5 -14.5 21.5 19
12404706 288.5 -14 21 19
12404707 288.5 -14 21.5 19
12419887 289 -18 21 19
12419888 289 -18 21.5 19
12419934 289 -17.5 21 19
12419935 289 -17.5 21.5 19
12419981 289 -17 21 19
12419982 289 -17 21.5 19
12420028 289 -16.5 21 19
12420029 289 -16.5 21.5 19
12420075 289 -16 21 19
12420076 289 -16 21.5 19
12420122 289 -15.5 21 19
12420123 289 -15.5 21.5 19
12420169 289 -15 21 19
12420170 289 -15 21.5 19
12435444 289.5 -18 21 19
12435445 289.5 -18 21.5 19
12435491 289.5 -17.5 21 19
12435492 289.5 -17.5 21.5 19
12435538 289.5 -17 21 19
12435539 289.5 -17 21.5 19
12435585 289.5 -16.5 21 19
12435586 289.5 -16.5 21.5 19
12435632 289.5 -16 21 19
12435633 289.5 -16 21.5 19
12435679 289.5 -15.5 21 19
12435680 289.5 -15.5 21.5 19
12451001 290 -18 21 19
12451002 290 -18 21.5 19
12451048 290 -17.5 21 19
12451049 290 -17.5 21.5 19
12451095 290 -17 21 19
12451096 290 -17 21.5 19
12451142 290 -16.5 21 19
12451143 290 -16.5 21.5 19
12466558 290.5 -18 21 19
12466559 290.5 -18 21.5 19
12466605 290.5 -17.5 21 19
12466606 290.5 -17.5 21.5 19
12466652 290.5 -17 21 19
12466653 290.5 -17 21.5 19
12482115 291 -18 21 19
12482116 291 -18 21.5 19
