9417464 192.5 -17 13 33
9417465 192.5 -17 13.5 33
9417466 192.5 -17 14 33
9417467 192.5 -17 14.5 33
9417511 192.5 -16.5 13 33
9417512 192.5 -16.5 13.5 33
9417513 192.5 -16.5 14 33
9417514 192.5 -16.5 14.5 33
9417558 192.5 -16 13 33
9417559 192.5 -16 13.5 33
9417560 192.5 -16 14 33
9417561 192.5 -16 14.5 33
9433021 193 -17 13 33
9433022 193 -17 13.5 33
9433023 193 -17 14 33
9433024 193 -17 14.5 33
9433068 193 -16.5 13 33
9433069 193 -16.5 13.5 33
9433070 193 -16.5 14 33
9433071 193 -16.5 14.5 33
9433115 193 -16 13 33
9433116 193 -16 13.5 33
9433117 193 -16 14 33
9433118 193 -16 14.5 33
9448578 193.5 -17 13 33
9448579 193.5 -17 13.5 33
9448580 193.5 -17 14 33
9448581 193.5 -17 14.5 33
9448625 193.5 -16.5 13 33
9448626 193.5 -16.5 13.5 33
9448627 193.5 -16.5 14 33
9448628 193.5 -16.5 14.5 33
9448672 193.5 -16 13 33
9448673 193.5 -16 13.5 33
9448674 193.5 -16 14 33
9448675 193.5 -16 14.5 33
9464135 194 -17 13 33
9464136 194 -17 13.5 33
9464137 194 -17 14 33
9464138 194 -17 14.5 33
9464182 194 -16.5 13 33
9464183 194 -16.5 13.5 33
9464184 194 -16.5 14 33
9464185 194 -16.5 14.5 33
9464229 194 -16 13 33
9464230 194 -16 13.5 33
9464231 194 -16 14 33
9464232 194 -16 14.5 33
