4705291 41 0 13 42
4705292 41 0 13.5 42
4705293 41 0 14 42
4705294 41 0 14.5 42
4720801 41.5 -0.5 13 42
4720802 41.5 -0.5 13.5 42
4720803 41.5 -0.5 14 42
4720804 41.5 -0.5 14.5 42
4720848 41.5 0 13 42
4720849 41.5 0 13.5 42
4720850 41.5 0 14 42
4720851 41.5 0 14.5 42
4720895 41.5 0.5 13 42
4720896 41.5 0.5 13.5 42
4720897 41.5 0.5 14 42
4720898 41.5 0.5 14.5 42
4736311 42 -1 13 42
4736312 42 -1 13.5 42
4736313 42 -1 14 42
4736314 42 -1 14.5 42
4736358 42 -0.5 13 42
4736359 42 -0.5 13.5 42
4736360 42 -0.5 14 42
4736361 42 -0.5 14.5 42
4736405 42 0 13 42
4736406 42 0 13.5 42
4736407 42 0 14 42
4736408 42 0 14.5 42
4736452 42 0.5 13 42
4736453 42 0.5 13.5 42
4736454 42 0.5 14 42
4736455 42 0.5 14.5 42
4736499 42 1 13 42
4736500 42 1 13.5 42
4736501 42 1 14 42
4736502 42 1 14.5 42
4751915 42.5 -0.5 13 42
4751916 42.5 -0.5 13.5 42
4751917 42.5 -0.5 14 42
4751918 42.5 -0.5 14.5 42
4751962 42.5 0 13 42
4751963 42.5 0 13.5 42
4751964 42.5 0 14 42
4751965 42.5 0 14.5 42
4752009 42.5 0.5 13 42
4752010 42.5 0.5 13.5 42
4752011 42.5 0.5 14 42
4752012 42.5 0.5 14.5 42
4767519 43 0 13 42
4767520 43 0 13.5 42
4767521 43 0 14 42
4767522 43 0 14.5 42
