4054952 20 32.5 13 46
4054953 20 32.5 13.5 46
4054954 20 32.5 14 46
4054955 20 32.5 14.5 46
4054999 20 33 13 46
4055000 20 33 13.5 46
4055001 20 33 14 46
4055002 20 33 14.5 46
4055046 20 33.5 13 46
4055047 20 33.5 13.5 46
4055048 20 33.5 14 46
4055049 20 33.5 14.5 46
4070509 20.5 32.5 13 46
4070510 20.5 32.5 13.5 46
4070511 20.5 32.5 14 46
4070512 20.5 32.5 14.5 46
4070556 20.5 33 13 46
4070557 20.5 33 13.5 46
4070558 20.5 33 14 46
4070559 20.5 33 14.5 46
4070603 20.5 33.5 13 46
4070604 20.5 33.5 13.5 46
4070605 20.5 33.5 14 46
4070606 20.5 33.5 14.5 46
4086066 21 32.5 13 46
4086067 21 32.5 13.5 46
4086068 21 32.5 14 46
4086069 21 32.5 14.5 46
4086113 21 33 13 46
4086114 21 33 13.5 46
4086115 21 33 14 46
4086116 21 33 14.5 46
4086160 21 33.5 13 46
4086161 21 33.5 13.5 46
4086162 21 33.5 14 46
4086163 21 33.5 14.5 46
4101623 21.5 32.5 13 46
4101624 21.5 32.5 13.5 46
4101625 21.5 32.5 14 46
4101626 21.5 32.5 14.5 46
4101670 21.5 33 13 46
4101671 21.5 33 13.5 46
4101672 21.5 33 14 46
4101673 21.5 33 14.5 46
4101717 21.5 33.5 13 46
4101718 21.5 33.5 13.5 46
4101719 21.5 33.5 14 46
4101720 21.5 33.5 14.5 46
