8751662 171 16.5 13 37
8751663 171 16.5 13.5 37
8751664 171 16.5 14 37
8751665 171 16.5 14.5 37
8767172 171.5 16 13 37
8767173 171.5 16 13.5 37
8767174 171.5 16 14 37
8767175 171.5 16 14.5 37
8767219 171.5 16.5 13 37
8767220 171.5 16.5 13.5 37
8767221 171.5 16.5 14 37
8767222 171.5 16.5 14.5 37
8767266 171.5 17 13 37
8767267 171.5 17 13.5 37
8767268 171.5 17 14 37
8767269 171.5 17 14.5 37
8782682 172 15.5 13 37
8782683 172 15.5 13.5 37
8782684 172 15.5 14 37
8782685 172 15.5 14.5 37
8782729 172 16 13 37
8782730 172 16 13.5 37
8782731 172 16 14 37
8782732 172 16 14.5 37
8782776 172 16.5 13 37
8782777 172 16.5 13.5 37
8782778 172 16.5 14 37
8782779 172 16.5 14.5 37
8782823 172 17 13 37
8782824 172 17 13.5 37
8782825 172 17 14 37
8782826 172 17 14.5 37
8782870 172 17.5 13 37
8782871 172 17.5 13.5 37
8782872 172 17.5 14 37
8782873 172 17.5 14.5 37
8798286 172.5 16 13 37
8798287 172.5 16 13.5 37
8798288 172.5 16 14 37
8798289 172.5 16 14.5 37
8798333 172.5 16.5 13 37
8798334 172.5 16.5 13.5 37
8798335 172.5 16.5 14 37
8798336 172.5 16.5 14.5 37
8798380 172.5 17 13 37
8798381 172.5 17 13.5 37
8798382 172.5 17 14 37
8798383 172.5 17 14.5 37
8813890 173 16.5 13 37
8813891 173 16.5 13.5 37
8813892 173 16.5 14 37
8813893 173 16.5 14.5 37
