2934145 -16 25 14 31
2934146 -16 25 14.5 31
2934192 -16 25.5 14 31
2934193 -16 25.5 14.5 31
2949655 -15.5 24.5 14 31
2949656 -15.5 24.5 14.5 31
2949702 -15.5 25 14 31
2949703 -15.5 25 14.5 31
2949749 -15.5 25.5 14 31
2949750 -15.5 25.5 14.5 31
2965212 -15 24.5 14 31
2965213 -15 24.5 14.5 31
2965259 -15 25 14 31
2965260 -15 25 14.5 31
2965306 -15 25.5 14 31
2965307 -15 25.5 14.5 31
2980769 -14.5 24.5 14 31
2980770 -14.5 24.5 14.5 31
2980816 -14.5 25 14 31
2980817 -14.5 25 14.5 31
2980863 -14.5 25.5 14 31
2980864 -14.5 25.5 14.5 31
2996326 -14 24.5 14 31
2996327 -14 24.5 14.5 31
2996373 -14 25 14 31
2996374 -14 25 14.5 31
2996420 -14 25.5 14 31
2996421 -14 25.5 14.5 31
3011883 -13.5 24.5 14 31
3011884 -13.5 24.5 14.5 31
3011930 -13.5 25 14 31
3011931 -13.5 25 14.5 31
3011977 -13.5 25.5 14 31
3011978 -13.5 25.5 14.5 31
3027440 -13 24.5 14 31
3027441 -13 24.5 14.5 31
3027487 -13 25 14 31
3027488 -13 25 14.5 31
3027534 -13 25.5 14 31
3027535 -13 25.5 14.5 31
3042997 -12.5 24.5 14 31
3042998 -12.5 24.5 14.5 31
3043044 -12.5 25 14 31
3043045 -12.5 25 14.5 31
3043091 -12.5 25.5 14 31
3043092 -12.5 25.5 14.5 31
3058554 -12 24.5 14 31
3058555 -12 24.5 14.5 31
3058601 -12 25 14 31
3058602 -12 25 14.5 31
3058648 -12 25.5 14 31
3058649 -12 25.5 14.5 31
3074111 -11.5 24.5 14 31
3074112 -11.5 24.5 14.5 31
3074158 -11.5 25 14 31
3074159 -11.5 25 14.5 31
3074205 -11.5 25.5 14 31
3074206 -11.5 25.5 14.5 31
3089668 -11 24.5 14 31
3089669 -11 24.5 14.5 31
3089715 -11 25 14 31
3089716 -11 25 14.5 31
3089762 -11 25.5 14 31
3089763 -11 25.5 14.5 31
3105225 -10.5 24.5 14 31
3105226 -10.5 24.5 14.5 31
3105272 -10.5 25 14 31
3105273 -10.5 25 14.5 31
3105319 -10.5 25.5 14 31
3105320 -10.5 25.5 14.5 31
3120782 -10 24.5 14 31
3120783 -10 24.5 14.5 31
3120829 -10 25 14 31
3120830 -10 25 14.5 31
3120876 -10 25.5 14 31
3120877 -10 25.5 14.5 31
3136339 -9.5 24.5 14 31
3136340 -9.5 24.5 14.5 31
3136386 -9.5 25 14 31
3136387 -9.5 25 14.5 31
3136433 -9.5 25.5 14 31
3136434 -9.5 25.5 14.5 31
3151896 -9 24.5 14 31
3151897 -9 24.5 14.5 31
3151943 -9 25 14 31
3151944 -9 25 14.5 31
3151990 -9 25.5 14 31
3151991 -9 25.5 14.5 31
3167453 -8.5 24.5 14 31
3167454 -8.5 24.5 14.5 31
3167500 -8.5 25 14 31
3167501 -8.5 25 14.5 31
3167547 -8.5 25.5 14 31
3167548 -8.5 25.5 14.5 31
3183010 -8 24.5 14 31
3183011 -8 24.5 14.5 31
3183057 -8 25 14 31
3183058 -8 25 14.5 31
3183104 -8 25.5 14 31
3183105 -8 25.5 14.5 31
3198567 -7.5 24.5 14 31
3198568 -7.5 24.5 14.5 31
3198614 -7.5 25 14 31
3198615 -7.5 25 14.5 31
3198661 -7.5 25.5 14 31
3198662 -7.5 25.5 14.5 31
3214124 -7 24.5 14 31
3214125 -7 24.5 14.5 31
3214171 -7 25 14 31
3214172 -7 25 14.5 31
3214218 -7 25.5 14 31
3214219 -7 25.5 14.5 31
3229681 -6.5 24.5 14 31
3229682 -6.5 24.5 14.5 31
3229728 -6.5 25 14 31
3229729 -6.5 25 14.5 31
3229775 -6.5 25.5 14 31
3229776 -6.5 25.5 14.5 31
3245238 -6 24.5 14 31
3245239 -6 24.5 14.5 31
3245285 -6 25 14 31
3245286 -6 25 14.5 31
3245332 -6 25.5 14 31
3245333 -6 25.5 14.5 31
3260795 -5.5 24.5 14 31
3260796 -5.5 24.5 14.5 31
3260842 -5.5 25 14 31
3260843 -5.5 25 14.5 31
3260889 -5.5 25.5 14 31
3260890 -5.5 25.5 14.5 31
3276352 -5 24.5 14 31
3276353 -5 24.5 14.5 31
3276399 -5 25 14 31
3276400 -5 25 14.5 31
3276446 -5 25.5 14 31
3276447 -5 25.5 14.5 31
3291909 -4.5 24.5 14 31
3291910 -4.5 24.5 14.5 31
3291956 -4.5 25 14 31
3291957 -4.5 25 14.5 31
3292003 -4.5 25.5 14 31
3292004 -4.5 25.5 14.5 31
3307466 -4 24.5 14 31
3307467 -4 24.5 14.5 31
3307513 -4 25 14 31
3307514 -4 25 14.5 31
3307560 -4 25.5 14 31
3307561 -4 25.5 14.5 31
3323023 -3.5 24.5 14 31
3323024 -3.5 24.5 14.5 31
3323070 -3.5 25 14 31
3323071 -3.5 25 14.5 31
3323117 -3.5 25.5 14 31
3323118 -3.5 25.5 14.5 31
3338580 -3 24.5 14 31
3338581 -3 24.5 14.5 31
3338627 -3 25 14 31
3338628 -3 25 14.5 31
3338674 -3 25.5 14 31
3338675 -3 25.5 14.5 31
3354137 -2.5 24.5 14 31
3354138 -2.5 24.5 14.5 31
3354184 -2.5 25 14 31
3354185 -2.5 25 14.5 31
3354231 -2.5 25.5 14 31
3354232 -2.5 25.5 14.5 31
3369694 -2 24.5 14 31
3369695 -2 24.5 14.5 31
3369741 -2 25 14 31
3369742 -2 25 14.5 31
3369788 -2 25.5 14 31
3369789 -2 25.5 14.5 31
3385251 -1.5 24.5 14 31
3385252 -1.5 24.5 14.5 31
3385298 -1.5 25 14 31
3385299 -1.5 25 14.5 31
3385345 -1.5 25.5 14 31
3385346 -1.5 25.5 14.5 31
3400808 -1 24.5 14 31
3400809 -1 24.5 14.5 31
3400855 -1 25 14 31
3400856 -1 25 14.5 31
3400902 -1 25.5 14 31
3400903 -1 25.5 14.5 31
3416365 -0.5 24.5 14 31
3416366 -0.5 24.5 14.5 31
3416412 -0.5 25 14 31
3416413 -0.5 25 14.5 31
3416459 -0.5 25.5 14 31
3416460 -0.5 25.5 14.5 31
3431922 0 24.5 14 31
3431923 0 24.5 14.5 31
3431969 0 25 14 31
3431970 0 25 14.5 31
3432016 0 25.5 14 31
3432017 0 25.5 14.5 31
3447479 0.5 24.5 14 31
3447480 0.5 24.5 14.5 31
3447526 0.5 25 14 31
3447527 0.5 25 14.5 31
3447573 0.5 25.5 14 31
3447574 0.5 25.5 14.5 31
3463036 1 24.5 14 31
3463037 1 24.5 14.5 31
3463083 1 25 14 31
3463084 1 25 14.5 31
3463130 1 25.5 14 31
3463131 1 25.5 14.5 31
3478593 1.5 24.5 14 31
3478594 1.5 24.5 14.5 31
3478640 1.5 25 14 31
3478641 1.5 25 14.5 31
3478687 1.5 25.5 14 31
3478688 1.5 25.5 14.5 31
3494150 2 24.5 14 31
3494151 2 24.5 14.5 31
3494197 2 25 14 31
3494198 2 25 14.5 31
3494244 2 25.5 14 31
3494245 2 25.5 14.5 31
3509707 2.5 24.5 14 31
3509708 2.5 24.5 14.5 31
3509754 2.5 25 14 31
3509755 2.5 25 14.5 31
3509801 2.5 25.5 14 31
3509802 2.5 25.5 14.5 31
3525264 3 24.5 14 31
3525265 3 24.5 14.5 31
3525311 3 25 14 31
3525312 3 25 14.5 31
3525358 3 25.5 14 31
3525359 3 25.5 14.5 31
3540821 3.5 24.5 14 31
3540822 3.5 24.5 14.5 31
3540868 3.5 25 14 31
3540869 3.5 25 14.5 31
3540915 3.5 25.5 14 31
3540916 3.5 25.5 14.5 31
3556378 4 24.5 14 31
3556379 4 24.5 14.5 31
3556425 4 25 14 31
3556426 4 25 14.5 31
3556472 4 25.5 14 31
3556473 4 25.5 14.5 31
3571935 4.5 24.5 14 31
3571936 4.5 24.5 14.5 31
3571982 4.5 25 14 31
3571983 4.5 25 14.5 31
3572029 4.5 25.5 14 31
3572030 4.5 25.5 14.5 31
3587492 5 24.5 14 31
3587493 5 24.5 14.5 31
3587539 5 25 14 31
3587540 5 25 14.5 31
3587586 5 25.5 14 31
3587587 5 25.5 14.5 31
3603049 5.5 24.5 14 31
3603050 5.5 24.5 14.5 31
3603096 5.5 25 14 31
3603097 5.5 25 14.5 31
3603143 5.5 25.5 14 31
3603144 5.5 25.5 14.5 31
3618606 6 24.5 14 31
3618607 6 24.5 14.5 31
3618653 6 25 14 31
3618654 6 25 14.5 31
3618700 6 25.5 14 31
3618701 6 25.5 14.5 31
3634163 6.5 24.5 14 31
3634164 6.5 24.5 14.5 31
3634210 6.5 25 14 31
3634211 6.5 25 14.5 31
3634257 6.5 25.5 14 31
3634258 6.5 25.5 14.5 31
3649720 7 24.5 14 31
3649721 7 24.5 14.5 31
3649767 7 25 14 31
3649768 7 25 14.5 31
3649814 7 25.5 14 31
3649815 7 25.5 14.5 31
3665277 7.5 24.5 14 31
3665278 7.5 24.5 14.5 31
3665324 7.5 25 14 31
3665325 7.5 25 14.5 31
3665371 7.5 25.5 14 31
3665372 7.5 25.5 14.5 31
3680834 8 24.5 14 31
3680835 8 24.5 14.5 31
3680881 8 25 14 31
3680882 8 25 14.5 31
3680928 8 25.5 14 31
3680929 8 25.5 14.5 31
3696391 8.5 24.5 14 31
3696392 8.5 24.5 14.5 31
3696438 8.5 25 14 31
3696439 8.5 25 14.5 31
3696485 8.5 25.5 14 31
3696486 8.5 25.5 14.5 31
3711948 9 24.5 14 31
3711949 9 24.5 14.5 31
3711995 9 25 14 31
3711996 9 25 14.5 31
3712042 9 25.5 14 31
3712043 9 25.5 14.5 31
3727505 9.5 24.5 14 31
3727506 9.5 24.5 14.5 31
3727552 9.5 25 14 31
3727553 9.5 25 14.5 31
3727599 9.5 25.5 14 31
3727600 9.5 25.5 14.5 31
3743062 10 24.5 14 31
3743063 10 24.5 14.5 31
3743109 10 25 14 31
3743110 10 25 14.5 31
3743156 10 25.5 14 31
3743157 10 25.5 14.5 31
3758619 10.5 24.5 14 31
3758620 10.5 24.5 14.5 31
3758666 10.5 25 14 31
3758667 10.5 25 14.5 31
3758713 10.5 25.5 14 31
3758714 10.5 25.5 14.5 31
3774176 11 24.5 14 31
3774177 11 24.5 14.5 31
3774223 11 25 14 31
3774224 11 25 14.5 31
3774270 11 25.5 14 31
3774271 11 25.5 14.5 31
3789733 11.5 24.5 14 31
3789734 11.5 24.5 14.5 31
3789780 11.5 25 14 31
3789781 11.5 25 14.5 31
3789827 11.5 25.5 14 31
3789828 11.5 25.5 14.5 31
3805290 12 24.5 14 31
3805291 12 24.5 14.5 31
3805337 12 25 14 31
3805338 12 25 14.5 31
3805384 12 25.5 14 31
3805385 12 25.5 14.5 31
3820847 12.5 24.5 14 31
3820848 12.5 24.5 14.5 31
3820894 12.5 25 14 31
3820895 12.5 25 14.5 31
3820941 12.5 25.5 14 31
3820942 12.5 25.5 14.5 31
3836404 13 24.5 14 31
3836405 13 24.5 14.5 31
3836451 13 25 14 31
3836452 13 25 14.5 31
3836498 13 25.5 14 31
3836499 13 25.5 14.5 31
3851961 13.5 24.5 14 31
3851962 13.5 24.5 14.5 31
3852008 13.5 25 14 31
3852009 13.5 25 14.5 31
3852055 13.5 25.5 14 31
3852056 13.5 25.5 14.5 31
3867518 14 24.5 14 31
3867519 14 24.5 14.5 31
3867565 14 25 14 31
3867566 14 25 14.5 31
3867612 14 25.5 14 31
3867613 14 25.5 14.5 31
3883075 14.5 24.5 14 31
3883076 14.5 24.5 14.5 31
3883122 14.5 25 14 31
3883123 14.5 25 14.5 31
3883169 14.5 25.5 14 31
3883170 14.5 25.5 14.5 31
3898632 15 24.5 14 31
3898633 15 24.5 14.5 31
3898679 15 25 14 31
3898680 15 25 14.5 31
3898726 15 25.5 14 31
3898727 15 25.5 14.5 31
3914189 15.5 24.5 14 31
3914190 15.5 24.5 14.5 31
3914236 15.5 25 14 31
3914237 15.5 25 14.5 31
3914283 15.5 25.5 14 31
3914284 15.5 25.5 14.5 31
3929746 16 24.5 14 31
3929747 16 24.5 14.5 31
3929793 16 25 14 31
3929794 16 25 14.5 31
3929840 16 25.5 14 31
3929841 16 25.5 14.5 31
3945303 16.5 24.5 14 31
3945304 16.5 24.5 14.5 31
3945350 16.5 25 14 31
3945351 16.5 25 14.5 31
3945397 16.5 25.5 14 31
3945398 16.5 25.5 14.5 31
3960860 17 24.5 14 31
3960861 17 24.5 14.5 31
3960907 17 25 14 31
3960908 17 25 14.5 31
3960954 17 25.5 14 31
3960955 17 25.5 14.5 31
3976417 17.5 24.5 14 31
3976418 17.5 24.5 14.5 31
3976464 17.5 25 14 31
3976465 17.5 25 14.5 31
3976511 17.5 25.5 14 31
3976512 17.5 25.5 14.5 31
3991974 18 24.5 14 31
3991975 18 24.5 14.5 31
3992021 18 25 14 31
3992022 18 25 14.5 31
3992068 18 25.5 14 31
3992069 18 25.5 14.5 31
4007531 18.5 24.5 14 31
4007532 18.5 24.5 14.5 31
4007578 18.5 25 14 31
4007579 18.5 25 14.5 31
4007625 18.5 25.5 14 31
4007626 18.5 25.5 14.5 31
4023088 19 24.5 14 31
4023089 19 24.5 14.5 31
4023135 19 25 14 31
4023136 19 25 14.5 31
4023182 19 25.5 14 31
4023183 19 25.5 14.5 31
4038645 19.5 24.5 14 31
4038646 19.5 24.5 14.5 31
4038692 19.5 25 14 31
4038693 19.5 25 14.5 31
4038739 19.5 25.5 14 31
4038740 19.5 25.5 14.5 31
4054202 20 24.5 14 31
4054203 20 24.5 14.5 31
4054249 20 25 14 31
4054250 20 25 14.5 31
4054296 20 25.5 14 31
4054297 20 25.5 14.5 31
4069759 20.5 24.5 14 31
4069760 20.5 24.5 14.5 31
4069806 20.5 25 14 31
4069807 20.5 25 14.5 31
4069853 20.5 25.5 14 31
4069854 20.5 25.5 14.5 31
4085316 21 24.5 14 31
4085317 21 24.5 14.5 31
4085363 21 25 14 31
4085364 21 25 14.5 31
4085410 21 25.5 14 31
4085411 21 25.5 14.5 31
4100873 21.5 24.5 14 31
4100874 21.5 24.5 14.5 31
4100920 21.5 25 14 31
4100921 21.5 25 14.5 31
4100967 21.5 25.5 14 31
4100968 21.5 25.5 14.5 31
4116430 22 24.5 14 31
4116431 22 24.5 14.5 31
4116477 22 25 14 31
4116478 22 25 14.5 31
4116524 22 25.5 14 31
4116525 22 25.5 14.5 31
4131987 22.5 24.5 14 31
4131988 22.5 24.5 14.5 31
4132034 22.5 25 14 31
4132035 22.5 25 14.5 31
4132081 22.5 25.5 14 31
4132082 22.5 25.5 14.5 31
4147544 23 24.5 14 31
4147545 23 24.5 14.5 31
4147591 23 25 14 31
4147592 23 25 14.5 31
4147638 23 25.5 14 31
4147639 23 25.5 14.5 31
4163101 23.5 24.5 14 31
4163102 23.5 24.5 14.5 31
4163148 23.5 25 14 31
4163149 23.5 25 14.5 31
4163195 23.5 25.5 14 31
4163196 23.5 25.5 14.5 31
4178658 24 24.5 14 31
4178659 24 24.5 14.5 31
4178705 24 25 14 31
4178706 24 25 14.5 31
4178752 24 25.5 14 31
4178753 24 25.5 14.5 31
4194215 24.5 24.5 14 31
4194216 24.5 24.5 14.5 31
4194262 24.5 25 14 31
4194263 24.5 25 14.5 31
4194309 24.5 25.5 14 31
4194310 24.5 25.5 14.5 31
4209772 25 24.5 14 31
4209773 25 24.5 14.5 31
4209819 25 25 14 31
4209820 25 25 14.5 31
4209866 25 25.5 14 31
4209867 25 25.5 14.5 31
4225329 25.5 24.5 14 31
4225330 25.5 24.5 14.5 31
4225376 25.5 25 14 31
4225377 25.5 25 14.5 31
4225423 25.5 25.5 14 31
4225424 25.5 25.5 14.5 31
4240886 26 24.5 14 31
4240887 26 24.5 14.5 31
4240933 26 25 14 31
4240934 26 25 14.5 31
4240980 26 25.5 14 31
4240981 26 25.5 14.5 31
4256443 26.5 24.5 14 31
4256444 26.5 24.5 14.5 31
4256490 26.5 25 14 31
4256491 26.5 25 14.5 31
4256537 26.5 25.5 14 31
4256538 26.5 25.5 14.5 31
4272000 27 24.5 14 31
4272001 27 24.5 14.5 31
4272047 27 25 14 31
4272048 27 25 14.5 31
4272094 27 25.5 14 31
4272095 27 25.5 14.5 31
4287557 27.5 24.5 14 31
4287558 27.5 24.5 14.5 31
4287604 27.5 25 14 31
4287605 27.5 25 14.5 31
4287651 27.5 25.5 14 31
4287652 27.5 25.5 14.5 31
4303114 28 24.5 14 31
4303115 28 24.5 14.5 31
4303161 28 25 14 31
4303162 28 25 14.5 31
4303208 28 25.5 14 31
4303209 28 25.5 14.5 31
4318671 28.5 24.5 14 31
4318672 28.5 24.5 14.5 31
4318718 28.5 25 14 31
4318719 28.5 25 14.5 31
4318765 28.5 25.5 14 31
4318766 28.5 25.5 14.5 31
4334228 29 24.5 14 31
4334229 29 24.5 14.5 31
4334275 29 25 14 31
4334276 29 25 14.5 31
4334322 29 25.5 14 31
4334323 29 25.5 14.5 31
4349785 29.5 24.5 14 31
4349786 29.5 24.5 14.5 31
4349832 29.5 25 14 31
4349833 29.5 25 14.5 31
4349879 29.5 25.5 14 31
4349880 29.5 25.5 14.5 31
4365342 30 24.5 14 31
4365343 30 24.5 14.5 31
4365389 30 25 14 31
4365390 30 25 14.5 31
4365436 30 25.5 14 31
4365437 30 25.5 14.5 31
4380899 30.5 24.5 14 31
4380900 30.5 24.5 14.5 31
4380946 30.5 25 14 31
4380947 30.5 25 14.5 31
4380993 30.5 25.5 14 31
4380994 30.5 25.5 14.5 31
4396456 31 24.5 14 31
4396457 31 24.5 14.5 31
4396503 31 25 14 31
4396504 31 25 14.5 31
4396550 31 25.5 14 31
4396551 31 25.5 14.5 31
4412013 31.5 24.5 14 31
4412014 31.5 24.5 14.5 31
4412060 31.5 25 14 31
4412061 31.5 25 14.5 31
4412107 31.5 25.5 14 31
4412108 31.5 25.5 14.5 31
4427570 32 24.5 14 31
4427571 32 24.5 14.5 31
4427617 32 25 14 31
4427618 32 25 14.5 31
4427664 32 25.5 14 31
4427665 32 25.5 14.5 31
4443127 32.5 24.5 14 31
4443128 32.5 24.5 14.5 31
4443174 32.5 25 14 31
4443175 32.5 25 14.5 31
4443221 32.5 25.5 14 31
4443222 32.5 25.5 14.5 31
4458684 33 24.5 14 31
4458685 33 24.5 14.5 31
4458731 33 25 14 31
4458732 33 25 14.5 31
4458778 33 25.5 14 31
4458779 33 25.5 14.5 31
4474241 33.5 24.5 14 31
4474242 33.5 24.5 14.5 31
4474288 33.5 25 14 31
4474289 33.5 25 14.5 31
4474335 33.5 25.5 14 31
4474336 33.5 25.5 14.5 31
4489798 34 24.5 14 31
4489799 34 24.5 14.5 31
4489845 34 25 14 31
4489846 34 25 14.5 31
4489892 34 25.5 14 31
4489893 34 25.5 14.5 31
4505355 34.5 24.5 14 31
4505356 34.5 24.5 14.5 31
4505402 34.5 25 14 31
4505403 34.5 25 14.5 31
4505449 34.5 25.5 14 31
4505450 34.5 25.5 14.5 31
4520912 35 24.5 14 31
4520913 35 24.5 14.5 31
4520959 35 25 14 31
4520960 35 25 14.5 31
4521006 35 25.5 14 31
4521007 35 25.5 14.5 31
4536469 35.5 24.5 14 31
4536470 35.5 24.5 14.5 31
4536516 35.5 25 14 31
4536517 35.5 25 14.5 31
4536563 35.5 25.5 14 31
4536564 35.5 25.5 14.5 31
4552026 36 24.5 14 31
4552027 36 24.5 14.5 31
4552073 36 25 14 31
4552074 36 25 14.5 31
4552120 36 25.5 14 31
4552121 36 25.5 14.5 31
4567583 36.5 24.5 14 31
4567584 36.5 24.5 14.5 31
4567630 36.5 25 14 31
4567631 36.5 25 14.5 31
4567677 36.5 25.5 14 31
4567678 36.5 25.5 14.5 31
4583140 37 24.5 14 31
4583141 37 24.5 14.5 31
4583187 37 25 14 31
4583188 37 25 14.5 31
4583234 37 25.5 14 31
4583235 37 25.5 14.5 31
4598697 37.5 24.5 14 31
4598698 37.5 24.5 14.5 31
4598744 37.5 25 14 31
4598745 37.5 25 14.5 31
4598791 37.5 25.5 14 31
4598792 37.5 25.5 14.5 31
4614254 38 24.5 14 31
4614255 38 24.5 14.5 31
4614301 38 25 14 31
4614302 38 25 14.5 31
4614348 38 25.5 14 31
4614349 38 25.5 14.5 31
4629811 38.5 24.5 14 31
4629812 38.5 24.5 14.5 31
4629858 38.5 25 14 31
4629859 38.5 25 14.5 31
4629905 38.5 25.5 14 31
4629906 38.5 25.5 14.5 31
4645368 39 24.5 14 31
4645369 39 24.5 14.5 31
4645415 39 25 14 31
4645416 39 25 14.5 31
4645462 39 25.5 14 31
4645463 39 25.5 14.5 31
4660925 39.5 24.5 14 31
4660926 39.5 24.5 14.5 31
4660972 39.5 25 14 31
4660973 39.5 25 14.5 31
4661019 39.5 25.5 14 31
4661020 39.5 25.5 14.5 31
4676482 40 24.5 14 31
4676483 40 24.5 14.5 31
4676529 40 25 14 31
4676530 40 25 14.5 31
4676576 40 25.5 14 31
4676577 40 25.5 14.5 31
4692039 40.5 24.5 14 31
4692040 40.5 24.5 14.5 31
4692086 40.5 25 14 31
4692087 40.5 25 14.5 31
4692133 40.5 25.5 14 31
4692134 40.5 25.5 14.5 31
4707596 41 24.5 14 31
4707597 41 24.5 14.5 31
4707643 41 25 14 31
4707644 41 25 14.5 31
4707690 41 25.5 14 31
4707691 41 25.5 14.5 31
4723153 41.5 24.5 14 31
4723154 41.5 24.5 14.5 31
4723200 41.5 25 14 31
4723201 41.5 25 14.5 31
4723247 41.5 25.5 14 31
4723248 41.5 25.5 14.5 31
4738710 42 24.5 14 31
4738711 42 24.5 14.5 31
4738757 42 25 14 31
4738758 42 25 14.5 31
4738804 42 25.5 14 31
4738805 42 25.5 14.5 31
4754267 42.5 24.5 14 31
4754268 42.5 24.5 14.5 31
4754314 42.5 25 14 31
4754315 42.5 25 14.5 31
4754361 42.5 25.5 14 31
4754362 42.5 25.5 14.5 31
4769824 43 24.5 14 31
4769825 43 24.5 14.5 31
4769871 43 25 14 31
4769872 43 25 14.5 31
4769918 43 25.5 14 31
4769919 43 25.5 14.5 31
4785381 43.5 24.5 14 31
4785382 43.5 24.5 14.5 31
4785428 43.5 25 14 31
4785429 43.5 25 14.5 31
4785475 43.5 25.5 14 31
4785476 43.5 25.5 14.5 31
4800938 44 24.5 14 31
4800939 44 24.5 14.5 31
4800985 44 25 14 31
4800986 44 25 14.5 31
4801032 44 25.5 14 31
4801033 44 25.5 14.5 31
4816495 44.5 24.5 14 31
4816496 44.5 24.5 14.5 31
4816542 44.5 25 14 31
4816543 44.5 25 14.5 31
4816589 44.5 25.5 14 31
4816590 44.5 25.5 14.5 31
4832052 45 24.5 14 31
4832053 45 24.5 14.5 31
4832099 45 25 14 31
4832100 45 25 14.5 31
4832146 45 25.5 14 31
4832147 45 25.5 14.5 31
4847609 45.5 24.5 14 31
4847610 45.5 24.5 14.5 31
4847656 45.5 25 14 31
4847657 45.5 25 14.5 31
4847703 45.5 25.5 14 31
4847704 45.5 25.5 14.5 31
4863166 46 24.5 14 31
4863167 46 24.5 14.5 31
4863213 46 25 14 31
4863214 46 25 14.5 31
4863260 46 25.5 14 31
4863261 46 25.5 14.5 31
4878723 46.5 24.5 14 31
4878724 46.5 24.5 14.5 31
4878770 46.5 25 14 31
4878771 46.5 25 14.5 31
4878817 46.5 25.5 14 31
4878818 46.5 25.5 14.5 31
4894280 47 24.5 14 31
4894281 47 24.5 14.5 31
4894327 47 25 14 31
4894328 47 25 14.5 31
4894374 47 25.5 14 31
4894375 47 25.5 14.5 31
4909837 47.5 24.5 14 31
4909838 47.5 24.5 14.5 31
4909884 47.5 25 14 31
4909885 47.5 25 14.5 31
4909931 47.5 25.5 14 31
4909932 47.5 25.5 14.5 31
4925394 48 24.5 14 31
4925395 48 24.5 14.5 31
4925441 48 25 14 31
4925442 48 25 14.5 31
4925488 48 25.5 14 31
4925489 48 25.5 14.5 31
4940951 48.5 24.5 14 31
4940952 48.5 24.5 14.5 31
4940998 48.5 25 14 31
4940999 48.5 25 14.5 31
4941045 48.5 25.5 14 31
4941046 48.5 25.5 14.5 31
4956508 49 24.5 14 31
4956509 49 24.5 14.5 31
4956555 49 25 14 31
4956556 49 25 14.5 31
4956602 49 25.5 14 31
4956603 49 25.5 14.5 31
4972065 49.5 24.5 14 31
4972066 49.5 24.5 14.5 31
4972112 49.5 25 14 31
4972113 49.5 25 14.5 31
4972159 49.5 25.5 14 31
4972160 49.5 25.5 14.5 31
4987622 50 24.5 14 31
4987623 50 24.5 14.5 31
4987669 50 25 14 31
4987670 50 25 14.5 31
4987716 50 25.5 14 31
4987717 50 25.5 14.5 31
5003179 50.5 24.5 14 31
5003180 50.5 24.5 14.5 31
5003226 50.5 25 14 31
5003227 50.5 25 14.5 31
5003273 50.5 25.5 14 31
5003274 50.5 25.5 14.5 31
5018736 51 24.5 14 31
5018737 51 24.5 14.5 31
5018783 51 25 14 31
5018784 51 25 14.5 31
5018830 51 25.5 14 31
5018831 51 25.5 14.5 31
5034293 51.5 24.5 14 31
5034294 51.5 24.5 14.5 31
5034340 51.5 25 14 31
5034341 51.5 25 14.5 31
5034387 51.5 25.5 14 31
5034388 51.5 25.5 14.5 31
5049850 52 24.5 14 31
5049851 52 24.5 14.5 31
5049897 52 25 14 31
5049898 52 25 14.5 31
5049944 52 25.5 14 31
5049945 52 25.5 14.5 31
5065407 52.5 24.5 14 31
5065408 52.5 24.5 14.5 31
5065454 52.5 25 14 31
5065455 52.5 25 14.5 31
5065501 52.5 25.5 14 31
5065502 52.5 25.5 14.5 31
5080964 53 24.5 14 31
5080965 53 24.5 14.5 31
5081011 53 25 14 31
5081012 53 25 14.5 31
5081058 53 25.5 14 31
5081059 53 25.5 14.5 31
5096521 53.5 24.5 14 31
5096522 53.5 24.5 14.5 31
5096568 53.5 25 14 31
5096569 53.5 25 14.5 31
5096615 53.5 25.5 14 31
5096616 53.5 25.5 14.5 31
5112078 54 24.5 14 31
5112079 54 24.5 14.5 31
5112125 54 25 14 31
5112126 54 25 14.5 31
5112172 54 25.5 14 31
5112173 54 25.5 14.5 31
5127635 54.5 24.5 14 31
5127636 54.5 24.5 14.5 31
5127682 54.5 25 14 31
5127683 54.5 25 14.5 31
5127729 54.5 25.5 14 31
5127730 54.5 25.5 14.5 31
5143192 55 24.5 14 31
5143193 55 24.5 14.5 31
5143239 55 25 14 31
5143240 55 25 14.5 31
5143286 55 25.5 14 31
5143287 55 25.5 14.5 31
5158749 55.5 24.5 14 31
5158750 55.5 24.5 14.5 31
5158796 55.5 25 14 31
5158797 55.5 25 14.5 31
5158843 55.5 25.5 14 31
5158844 55.5 25.5 14.5 31
5174306 56 24.5 14 31
5174307 56 24.5 14.5 31
5174353 56 25 14 31
5174354 56 25 14.5 31
5174400 56 25.5 14 31
5174401 56 25.5 14.5 31
5189863 56.5 24.5 14 31
5189864 56.5 24.5 14.5 31
5189910 56.5 25 14 31
5189911 56.5 25 14.5 31
5189957 56.5 25.5 14 31
5189958 56.5 25.5 14.5 31
5205420 57 24.5 14 31
5205421 57 24.5 14.5 31
5205467 57 25 14 31
5205468 57 25 14.5 31
5205514 57 25.5 14 31
5205515 57 25.5 14.5 31
5220977 57.5 24.5 14 31
5220978 57.5 24.5 14.5 31
5221024 57.5 25 14 31
5221025 57.5 25 14.5 31
5221071 57.5 25.5 14 31
5221072 57.5 25.5 14.5 31
5236534 58 24.5 14 31
5236535 58 24.5 14.5 31
5236581 58 25 14 31
5236582 58 25 14.5 31
5236628 58 25.5 14 31
5236629 58 25.5 14.5 31
5252091 58.5 24.5 14 31
5252092 58.5 24.5 14.5 31
5252138 58.5 25 14 31
5252139 58.5 25 14.5 31
5252185 58.5 25.5 14 31
5252186 58.5 25.5 14.5 31
5267648 59 24.5 14 31
5267649 59 24.5 14.5 31
5267695 59 25 14 31
5267696 59 25 14.5 31
5267742 59 25.5 14 31
5267743 59 25.5 14.5 31
5283205 59.5 24.5 14 31
5283206 59.5 24.5 14.5 31
5283252 59.5 25 14 31
5283253 59.5 25 14.5 31
5283299 59.5 25.5 14 31
5283300 59.5 25.5 14.5 31
5298762 60 24.5 14 31
5298763 60 24.5 14.5 31
5298809 60 25 14 31
5298810 60 25 14.5 31
5298856 60 25.5 14 31
5298857 60 25.5 14.5 31
5314319 60.5 24.5 14 31
5314320 60.5 24.5 14.5 31
5314366 60.5 25 14 31
5314367 60.5 25 14.5 31
5314413 60.5 25.5 14 31
5314414 60.5 25.5 14.5 31
5329876 61 24.5 14 31
5329877 61 24.5 14.5 31
5329923 61 25 14 31
5329924 61 25 14.5 31
5329970 61 25.5 14 31
5329971 61 25.5 14.5 31
5345433 61.5 24.5 14 31
5345434 61.5 24.5 14.5 31
5345480 61.5 25 14 31
5345481 61.5 25 14.5 31
5345527 61.5 25.5 14 31
5345528 61.5 25.5 14.5 31
5360990 62 24.5 14 31
5360991 62 24.5 14.5 31
5361037 62 25 14 31
5361038 62 25 14.5 31
5361084 62 25.5 14 31
5361085 62 25.5 14.5 31
5376547 62.5 24.5 14 31
5376548 62.5 24.5 14.5 31
5376594 62.5 25 14 31
5376595 62.5 25 14.5 31
5376641 62.5 25.5 14 31
5376642 62.5 25.5 14.5 31
5392104 63 24.5 14 31
5392105 63 24.5 14.5 31
5392151 63 25 14 31
5392152 63 25 14.5 31
5392198 63 25.5 14 31
5392199 63 25.5 14.5 31
5407661 63.5 24.5 14 31
5407662 63.5 24.5 14.5 31
5407708 63.5 25 14 31
5407709 63.5 25 14.5 31
5407755 63.5 25.5 14 31
5407756 63.5 25.5 14.5 31
5423218 64 24.5 14 31
5423219 64 24.5 14.5 31
5423265 64 25 14 31
5423266 64 25 14.5 31
5423312 64 25.5 14 31
5423313 64 25.5 14.5 31
5438775 64.5 24.5 14 31
5438776 64.5 24.5 14.5 31
5438822 64.5 25 14 31
5438823 64.5 25 14.5 31
5438869 64.5 25.5 14 31
5438870 64.5 25.5 14.5 31
5454332 65 24.5 14 31
5454333 65 24.5 14.5 31
5454379 65 25 14 31
5454380 65 25 14.5 31
5454426 65 25.5 14 31
5454427 65 25.5 14.5 31
5469889 65.5 24.5 14 31
5469890 65.5 24.5 14.5 31
5469936 65.5 25 14 31
5469937 65.5 25 14.5 31
5469983 65.5 25.5 14 31
5469984 65.5 25.5 14.5 31
5485446 66 24.5 14 31
5485447 66 24.5 14.5 31
5485493 66 25 14 31
5485494 66 25 14.5 31
5485540 66 25.5 14 31
5485541 66 25.5 14.5 31
5501003 66.5 24.5 14 31
5501004 66.5 24.5 14.5 31
5501050 66.5 25 14 31
5501051 66.5 25 14.5 31
5501097 66.5 25.5 14 31
5501098 66.5 25.5 14.5 31
5516560 67 24.5 14 31
5516561 67 24.5 14.5 31
5516607 67 25 14 31
5516608 67 25 14.5 31
5516654 67 25.5 14 31
5516655 67 25.5 14.5 31
5532117 67.5 24.5 14 31
5532118 67.5 24.5 14.5 31
5532164 67.5 25 14 31
5532165 67.5 25 14.5 31
5532211 67.5 25.5 14 31
5532212 67.5 25.5 14.5 31
5547674 68 24.5 14 31
5547675 68 24.5 14.5 31
5547721 68 25 14 31
5547722 68 25 14.5 31
5547768 68 25.5 14 31
5547769 68 25.5 14.5 31
5563231 68.5 24.5 14 31
5563232 68.5 24.5 14.5 31
5563278 68.5 25 14 31
5563279 68.5 25 14.5 31
5563325 68.5 25.5 14 31
5563326 68.5 25.5 14.5 31
5578788 69 24.5 14 31
5578789 69 24.5 14.5 31
5578835 69 25 14 31
5578836 69 25 14.5 31
5578882 69 25.5 14 31
5578883 69 25.5 14.5 31
5594345 69.5 24.5 14 31
5594346 69.5 24.5 14.5 31
5594392 69.5 25 14 31
5594393 69.5 25 14.5 31
5594439 69.5 25.5 14 31
5594440 69.5 25.5 14.5 31
5609902 70 24.5 14 31
5609903 70 24.5 14.5 31
5609949 70 25 14 31
5609950 70 25 14.5 31
5609996 70 25.5 14 31
5609997 70 25.5 14.5 31
5625459 70.5 24.5 14 31
5625460 70.5 24.5 14.5 31
5625506 70.5 25 14 31
5625507 70.5 25 14.5 31
5625553 70.5 25.5 14 31
5625554 70.5 25.5 14.5 31
5641016 71 24.5 14 31
5641017 71 24.5 14.5 31
5641063 71 25 14 31
5641064 71 25 14.5 31
5641110 71 25.5 14 31
5641111 71 25.5 14.5 31
5656573 71.5 24.5 14 31
5656574 71.5 24.5 14.5 31
5656620 71.5 25 14 31
5656621 71.5 25 14.5 31
5656667 71.5 25.5 14 31
5656668 71.5 25.5 14.5 31
5672130 72 24.5 14 31
5672131 72 24.5 14.5 31
5672177 72 25 14 31
5672178 72 25 14.5 31
5672224 72 25.5 14 31
5672225 72 25.5 14.5 31
5687687 72.5 24.5 14 31
5687688 72.5 24.5 14.5 31
5687734 72.5 25 14 31
5687735 72.5 25 14.5 31
5687781 72.5 25.5 14 31
5687782 72.5 25.5 14.5 31
5703244 73 24.5 14 31
5703245 73 24.5 14.5 31
5703291 73 25 14 31
5703292 73 25 14.5 31
5703338 73 25.5 14 31
5703339 73 25.5 14.5 31
5718801 73.5 24.5 14 31
5718802 73.5 24.5 14.5 31
5718848 73.5 25 14 31
5718849 73.5 25 14.5 31
5718895 73.5 25.5 14 31
5718896 73.5 25.5 14.5 31
5734358 74 24.5 14 31
5734359 74 24.5 14.5 31
5734405 74 25 14 31
5734406 74 25 14.5 31
5734452 74 25.5 14 31
5734453 74 25.5 14.5 31
5749915 74.5 24.5 14 31
5749916 74.5 24.5 14.5 31
5749962 74.5 25 14 31
5749963 74.5 25 14.5 31
5750009 74.5 25.5 14 31
5750010 74.5 25.5 14.5 31
5765472 75 24.5 14 31
5765473 75 24.5 14.5 31
5765519 75 25 14 31
5765520 75 25 14.5 31
5765566 75 25.5 14 31
5765567 75 25.5 14.5 31
5781029 75.5 24.5 14 31
5781030 75.5 24.5 14.5 31
5781076 75.5 25 14 31
5781077 75.5 25 14.5 31
5781123 75.5 25.5 14 31
5781124 75.5 25.5 14.5 31
5796586 76 24.5 14 31
5796587 76 24.5 14.5 31
5796633 76 25 14 31
5796634 76 25 14.5 31
5796680 76 25.5 14 31
5796681 76 25.5 14.5 31
5812143 76.5 24.5 14 31
5812144 76.5 24.5 14.5 31
5812190 76.5 25 14 31
5812191 76.5 25 14.5 31
5812237 76.5 25.5 14 31
5812238 76.5 25.5 14.5 31
5827700 77 24.5 14 31
5827701 77 24.5 14.5 31
5827747 77 25 14 31
5827748 77 25 14.5 31
5827794 77 25.5 14 31
5827795 77 25.5 14.5 31
5843257 77.5 24.5 14 31
5843258 77.5 24.5 14.5 31
5843304 77.5 25 14 31
5843305 77.5 25 14.5 31
5843351 77.5 25.5 14 31
5843352 77.5 25.5 14.5 31
5858814 78 24.5 14 31
5858815 78 24.5 14.5 31
5858861 78 25 14 31
5858862 78 25 14.5 31
5858908 78 25.5 14 31
5858909 78 25.5 14.5 31
5874371 78.5 24.5 14 31
5874372 78.5 24.5 14.5 31
5874418 78.5 25 14 31
5874419 78.5 25 14.5 31
5874465 78.5 25.5 14 31
5874466 78.5 25.5 14.5 31
5889928 79 24.5 14 31
5889929 79 24.5 14.5 31
5889975 79 25 14 31
5889976 79 25 14.5 31
5890022 79 25.5 14 31
5890023 79 25.5 14.5 31
5905485 79.5 24.5 14 31
5905486 79.5 24.5 14.5 31
5905532 79.5 25 14 31
5905533 79.5 25 14.5 31
5905579 79.5 25.5 14 31
5905580 79.5 25.5 14.5 31
5921042 80 24.5 14 31
5921043 80 24.5 14.5 31
5921089 80 25 14 31
5921090 80 25 14.5 31
5921136 80 25.5 14 31
5921137 80 25.5 14.5 31
5936599 80.5 24.5 14 31
5936600 80.5 24.5 14.5 31
5936646 80.5 25 14 31
5936647 80.5 25 14.5 31
5936693 80.5 25.5 14 31
5936694 80.5 25.5 14.5 31
5952156 81 24.5 14 31
5952157 81 24.5 14.5 31
5952203 81 25 14 31
5952204 81 25 14.5 31
5952250 81 25.5 14 31
5952251 81 25.5 14.5 31
5967713 81.5 24.5 14 31
5967714 81.5 24.5 14.5 31
5967760 81.5 25 14 31
5967761 81.5 25 14.5 31
5967807 81.5 25.5 14 31
5967808 81.5 25.5 14.5 31
5983270 82 24.5 14 31
5983271 82 24.5 14.5 31
5983317 82 25 14 31
5983318 82 25 14.5 31
5983364 82 25.5 14 31
5983365 82 25.5 14.5 31
5998827 82.5 24.5 14 31
5998828 82.5 24.5 14.5 31
5998874 82.5 25 14 31
5998875 82.5 25 14.5 31
5998921 82.5 25.5 14 31
5998922 82.5 25.5 14.5 31
6014384 83 24.5 14 31
6014385 83 24.5 14.5 31
6014431 83 25 14 31
6014432 83 25 14.5 31
6014478 83 25.5 14 31
6014479 83 25.5 14.5 31
6029941 83.5 24.5 14 31
6029942 83.5 24.5 14.5 31
6029988 83.5 25 14 31
6029989 83.5 25 14.5 31
6030035 83.5 25.5 14 31
6030036 83.5 25.5 14.5 31
6045498 84 24.5 14 31
6045499 84 24.5 14.5 31
6045545 84 25 14 31
6045546 84 25 14.5 31
6045592 84 25.5 14 31
6045593 84 25.5 14.5 31
6061055 84.5 24.5 14 31
6061056 84.5 24.5 14.5 31
6061102 84.5 25 14 31
6061103 84.5 25 14.5 31
6061149 84.5 25.5 14 31
6061150 84.5 25.5 14.5 31
6076612 85 24.5 14 31
6076613 85 24.5 14.5 31
6076659 85 25 14 31
6076660 85 25 14.5 31
6076706 85 25.5 14 31
6076707 85 25.5 14.5 31
6092169 85.5 24.5 14 31
6092170 85.5 24.5 14.5 31
6092216 85.5 25 14 31
6092217 85.5 25 14.5 31
6092263 85.5 25.5 14 31
6092264 85.5 25.5 14.5 31
6107726 86 24.5 14 31
6107727 86 24.5 14.5 31
6107773 86 25 14 31
6107774 86 25 14.5 31
6107820 86 25.5 14 31
6107821 86 25.5 14.5 31
6123283 86.5 24.5 14 31
6123284 86.5 24.5 14.5 31
6123330 86.5 25 14 31
6123331 86.5 25 14.5 31
6123377 86.5 25.5 14 31
6123378 86.5 25.5 14.5 31
6138840 87 24.5 14 31
6138841 87 24.5 14.5 31
6138887 87 25 14 31
6138888 87 25 14.5 31
6138934 87 25.5 14 31
6138935 87 25.5 14.5 31
6154397 87.5 24.5 14 31
6154398 87.5 24.5 14.5 31
6154444 87.5 25 14 31
6154445 87.5 25 14.5 31
6154491 87.5 25.5 14 31
6154492 87.5 25.5 14.5 31
6169954 88 24.5 14 31
6169955 88 24.5 14.5 31
6170001 88 25 14 31
6170002 88 25 14.5 31
6170048 88 25.5 14 31
6170049 88 25.5 14.5 31
6185511 88.5 24.5 14 31
6185512 88.5 24.5 14.5 31
6185558 88.5 25 14 31
6185559 88.5 25 14.5 31
6185605 88.5 25.5 14 31
6185606 88.5 25.5 14.5 31
6201068 89 24.5 14 31
6201069 89 24.5 14.5 31
6201115 89 25 14 31
6201116 89 25 14.5 31
6201162 89 25.5 14 31
6201163 89 25.5 14.5 31
6216625 89.5 24.5 14 31
6216626 89.5 24.5 14.5 31
6216672 89.5 25 14 31
6216673 89.5 25 14.5 31
6216719 89.5 25.5 14 31
6216720 89.5 25.5 14.5 31
6232182 90 24.5 14 31
6232183 90 24.5 14.5 31
6232229 90 25 14 31
6232230 90 25 14.5 31
6232276 90 25.5 14 31
6232277 90 25.5 14.5 31
6247739 90.5 24.5 14 31
6247740 90.5 24.5 14.5 31
6247786 90.5 25 14 31
6247787 90.5 25 14.5 31
6247833 90.5 25.5 14 31
6247834 90.5 25.5 14.5 31
6263296 91 24.5 14 31
6263297 91 24.5 14.5 31
6263343 91 25 14 31
6263344 91 25 14.5 31
6263390 91 25.5 14 31
6263391 91 25.5 14.5 31
6278853 91.5 24.5 14 31
6278854 91.5 24.5 14.5 31
6278900 91.5 25 14 31
6278901 91.5 25 14.5 31
6278947 91.5 25.5 14 31
6278948 91.5 25.5 14.5 31
6294410 92 24.5 14 31
6294411 92 24.5 14.5 31
6294457 92 25 14 31
6294458 92 25 14.5 31
6294504 92 25.5 14 31
6294505 92 25.5 14.5 31
6309967 92.5 24.5 14 31
6309968 92.5 24.5 14.5 31
6310014 92.5 25 14 31
6310015 92.5 25 14.5 31
6310061 92.5 25.5 14 31
6310062 92.5 25.5 14.5 31
6325524 93 24.5 14 31
6325525 93 24.5 14.5 31
6325571 93 25 14 31
6325572 93 25 14.5 31
6325618 93 25.5 14 31
6325619 93 25.5 14.5 31
6341081 93.5 24.5 14 31
6341082 93.5 24.5 14.5 31
6341128 93.5 25 14 31
6341129 93.5 25 14.5 31
6341175 93.5 25.5 14 31
6341176 93.5 25.5 14.5 31
6356638 94 24.5 14 31
6356639 94 24.5 14.5 31
6356685 94 25 14 31
6356686 94 25 14.5 31
6356732 94 25.5 14 31
6356733 94 25.5 14.5 31
6372195 94.5 24.5 14 31
6372196 94.5 24.5 14.5 31
6372242 94.5 25 14 31
6372243 94.5 25 14.5 31
6372289 94.5 25.5 14 31
6372290 94.5 25.5 14.5 31
6387752 95 24.5 14 31
6387753 95 24.5 14.5 31
6387799 95 25 14 31
6387800 95 25 14.5 31
6387846 95 25.5 14 31
6387847 95 25.5 14.5 31
6403309 95.5 24.5 14 31
6403310 95.5 24.5 14.5 31
6403356 95.5 25 14 31
6403357 95.5 25 14.5 31
6403403 95.5 25.5 14 31
6403404 95.5 25.5 14.5 31
6418866 96 24.5 14 31
6418867 96 24.5 14.5 31
6418913 96 25 14 31
6418914 96 25 14.5 31
6418960 96 25.5 14 31
6418961 96 25.5 14.5 31
6434423 96.5 24.5 14 31
6434424 96.5 24.5 14.5 31
6434470 96.5 25 14 31
6434471 96.5 25 14.5 31
6434517 96.5 25.5 14 31
6434518 96.5 25.5 14.5 31
6449980 97 24.5 14 31
6449981 97 24.5 14.5 31
6450027 97 25 14 31
6450028 97 25 14.5 31
6450074 97 25.5 14 31
6450075 97 25.5 14.5 31
6465537 97.5 24.5 14 31
6465538 97.5 24.5 14.5 31
6465584 97.5 25 14 31
6465585 97.5 25 14.5 31
6465631 97.5 25.5 14 31
6465632 97.5 25.5 14.5 31
6481094 98 24.5 14 31
6481095 98 24.5 14.5 31
6481141 98 25 14 31
6481142 98 25 14.5 31
6481188 98 25.5 14 31
6481189 98 25.5 14.5 31
6496651 98.5 24.5 14 31
6496652 98.5 24.5 14.5 31
6496698 98.5 25 14 31
6496699 98.5 25 14.5 31
6496745 98.5 25.5 14 31
6496746 98.5 25.5 14.5 31
6512208 99 24.5 14 31
6512209 99 24.5 14.5 31
6512255 99 25 14 31
6512256 99 25 14.5 31
6512302 99 25.5 14 31
6512303 99 25.5 14.5 31
6527765 99.5 24.5 14 31
6527766 99.5 24.5 14.5 31
6527812 99.5 25 14 31
6527813 99.5 25 14.5 31
6527859 99.5 25.5 14 31
6527860 99.5 25.5 14.5 31
6543322 100 24.5 14 31
6543323 100 24.5 14.5 31
6543369 100 25 14 31
6543370 100 25 14.5 31
6543416 100 25.5 14 31
6543417 100 25.5 14.5 31
6558879 100.5 24.5 14 31
6558880 100.5 24.5 14.5 31
6558926 100.5 25 14 31
6558927 100.5 25 14.5 31
6558973 100.5 25.5 14 31
6558974 100.5 25.5 14.5 31
6574436 101 24.5 14 31
6574437 101 24.5 14.5 31
6574483 101 25 14 31
6574484 101 25 14.5 31
6574530 101 25.5 14 31
6574531 101 25.5 14.5 31
6589993 101.5 24.5 14 31
6589994 101.5 24.5 14.5 31
6590040 101.5 25 14 31
6590041 101.5 25 14.5 31
6590087 101.5 25.5 14 31
6590088 101.5 25.5 14.5 31
6605550 102 24.5 14 31
6605551 102 24.5 14.5 31
6605597 102 25 14 31
6605598 102 25 14.5 31
6605644 102 25.5 14 31
6605645 102 25.5 14.5 31
6621107 102.5 24.5 14 31
6621108 102.5 24.5 14.5 31
6621154 102.5 25 14 31
6621155 102.5 25 14.5 31
6621201 102.5 25.5 14 31
6621202 102.5 25.5 14.5 31
6636664 103 24.5 14 31
6636665 103 24.5 14.5 31
6636711 103 25 14 31
6636712 103 25 14.5 31
6636758 103 25.5 14 31
6636759 103 25.5 14.5 31
6652221 103.5 24.5 14 31
6652222 103.5 24.5 14.5 31
6652268 103.5 25 14 31
6652269 103.5 25 14.5 31
6652315 103.5 25.5 14 31
6652316 103.5 25.5 14.5 31
6667778 104 24.5 14 31
6667779 104 24.5 14.5 31
6667825 104 25 14 31
6667826 104 25 14.5 31
6667872 104 25.5 14 31
6667873 104 25.5 14.5 31
6683335 104.5 24.5 14 31
6683336 104.5 24.5 14.5 31
6683382 104.5 25 14 31
6683383 104.5 25 14.5 31
6683429 104.5 25.5 14 31
6683430 104.5 25.5 14.5 31
6698892 105 24.5 14 31
6698893 105 24.5 14.5 31
6698939 105 25 14 31
6698940 105 25 14.5 31
6698986 105 25.5 14 31
6698987 105 25.5 14.5 31
6714449 105.5 24.5 14 31
6714450 105.5 24.5 14.5 31
6714496 105.5 25 14 31
6714497 105.5 25 14.5 31
6714543 105.5 25.5 14 31
6714544 105.5 25.5 14.5 31
6730006 106 24.5 14 31
6730007 106 24.5 14.5 31
6730053 106 25 14 31
6730054 106 25 14.5 31
6730100 106 25.5 14 31
6730101 106 25.5 14.5 31
6745563 106.5 24.5 14 31
6745564 106.5 24.5 14.5 31
6745610 106.5 25 14 31
6745611 106.5 25 14.5 31
6745657 106.5 25.5 14 31
6745658 106.5 25.5 14.5 31
6761120 107 24.5 14 31
6761121 107 24.5 14.5 31
6761167 107 25 14 31
6761168 107 25 14.5 31
6761214 107 25.5 14 31
6761215 107 25.5 14.5 31
6776677 107.5 24.5 14 31
6776678 107.5 24.5 14.5 31
6776724 107.5 25 14 31
6776725 107.5 25 14.5 31
6776771 107.5 25.5 14 31
6776772 107.5 25.5 14.5 31
6792234 108 24.5 14 31
6792235 108 24.5 14.5 31
6792281 108 25 14 31
6792282 108 25 14.5 31
6792328 108 25.5 14 31
6792329 108 25.5 14.5 31
6807791 108.5 24.5 14 31
6807792 108.5 24.5 14.5 31
6807838 108.5 25 14 31
6807839 108.5 25 14.5 31
6807885 108.5 25.5 14 31
6807886 108.5 25.5 14.5 31
6823348 109 24.5 14 31
6823349 109 24.5 14.5 31
6823395 109 25 14 31
6823396 109 25 14.5 31
6823442 109 25.5 14 31
6823443 109 25.5 14.5 31
6838905 109.5 24.5 14 31
6838906 109.5 24.5 14.5 31
6838952 109.5 25 14 31
6838953 109.5 25 14.5 31
6838999 109.5 25.5 14 31
6839000 109.5 25.5 14.5 31
6854462 110 24.5 14 31
6854463 110 24.5 14.5 31
6854509 110 25 14 31
6854510 110 25 14.5 31
6854556 110 25.5 14 31
6854557 110 25.5 14.5 31
6870019 110.5 24.5 14 31
6870020 110.5 24.5 14.5 31
6870066 110.5 25 14 31
6870067 110.5 25 14.5 31
6870113 110.5 25.5 14 31
6870114 110.5 25.5 14.5 31
6885576 111 24.5 14 31
6885577 111 24.5 14.5 31
6885623 111 25 14 31
6885624 111 25 14.5 31
6885670 111 25.5 14 31
6885671 111 25.5 14.5 31
6901133 111.5 24.5 14 31
6901134 111.5 24.5 14.5 31
6901180 111.5 25 14 31
6901181 111.5 25 14.5 31
6901227 111.5 25.5 14 31
6901228 111.5 25.5 14.5 31
6916690 112 24.5 14 31
6916691 112 24.5 14.5 31
6916737 112 25 14 31
6916738 112 25 14.5 31
6916784 112 25.5 14 31
6916785 112 25.5 14.5 31
6932247 112.5 24.5 14 31
6932248 112.5 24.5 14.5 31
6932294 112.5 25 14 31
6932295 112.5 25 14.5 31
6932341 112.5 25.5 14 31
6932342 112.5 25.5 14.5 31
6947804 113 24.5 14 31
6947805 113 24.5 14.5 31
6947851 113 25 14 31
6947852 113 25 14.5 31
6947898 113 25.5 14 31
6947899 113 25.5 14.5 31
6963361 113.5 24.5 14 31
6963362 113.5 24.5 14.5 31
6963408 113.5 25 14 31
6963409 113.5 25 14.5 31
6963455 113.5 25.5 14 31
6963456 113.5 25.5 14.5 31
6978918 114 24.5 14 31
6978919 114 24.5 14.5 31
6978965 114 25 14 31
6978966 114 25 14.5 31
6979012 114 25.5 14 31
6979013 114 25.5 14.5 31
6994475 114.5 24.5 14 31
6994476 114.5 24.5 14.5 31
6994522 114.5 25 14 31
6994523 114.5 25 14.5 31
6994569 114.5 25.5 14 31
6994570 114.5 25.5 14.5 31
7010032 115 24.5 14 31
7010033 115 24.5 14.5 31
7010079 115 25 14 31
7010080 115 25 14.5 31
7010126 115 25.5 14 31
7010127 115 25.5 14.5 31
7025589 115.5 24.5 14 31
7025590 115.5 24.5 14.5 31
7025636 115.5 25 14 31
7025637 115.5 25 14.5 31
7025683 115.5 25.5 14 31
7025684 115.5 25.5 14.5 31
7041146 116 24.5 14 31
7041147 116 24.5 14.5 31
7041193 116 25 14 31
7041194 116 25 14.5 31
7041240 116 25.5 14 31
7041241 116 25.5 14.5 31
7056703 116.5 24.5 14 31
7056704 116.5 24.5 14.5 31
7056750 116.5 25 14 31
7056751 116.5 25 14.5 31
7056797 116.5 25.5 14 31
7056798 116.5 25.5 14.5 31
7072260 117 24.5 14 31
7072261 117 24.5 14.5 31
7072307 117 25 14 31
7072308 117 25 14.5 31
7072354 117 25.5 14 31
7072355 117 25.5 14.5 31
7087817 117.5 24.5 14 31
7087818 117.5 24.5 14.5 31
7087864 117.5 25 14 31
7087865 117.5 25 14.5 31
7087911 117.5 25.5 14 31
7087912 117.5 25.5 14.5 31
7103374 118 24.5 14 31
7103375 118 24.5 14.5 31
7103421 118 25 14 31
7103422 118 25 14.5 31
7103468 118 25.5 14 31
7103469 118 25.5 14.5 31
7118931 118.5 24.5 14 31
7118932 118.5 24.5 14.5 31
7118978 118.5 25 14 31
7118979 118.5 25 14.5 31
7119025 118.5 25.5 14 31
7119026 118.5 25.5 14.5 31
7134488 119 24.5 14 31
7134489 119 24.5 14.5 31
7134535 119 25 14 31
7134536 119 25 14.5 31
7134582 119 25.5 14 31
7134583 119 25.5 14.5 31
7150045 119.5 24.5 14 31
7150046 119.5 24.5 14.5 31
7150092 119.5 25 14 31
7150093 119.5 25 14.5 31
7150139 119.5 25.5 14 31
7150140 119.5 25.5 14.5 31
7165602 120 24.5 14 31
7165603 120 24.5 14.5 31
7165649 120 25 14 31
7165650 120 25 14.5 31
7165696 120 25.5 14 31
7165697 120 25.5 14.5 31
7181159 120.5 24.5 14 31
7181160 120.5 24.5 14.5 31
7181206 120.5 25 14 31
7181207 120.5 25 14.5 31
7181253 120.5 25.5 14 31
7181254 120.5 25.5 14.5 31
7196716 121 24.5 14 31
7196717 121 24.5 14.5 31
7196763 121 25 14 31
7196764 121 25 14.5 31
7196810 121 25.5 14 31
7196811 121 25.5 14.5 31
7212273 121.5 24.5 14 31
7212274 121.5 24.5 14.5 31
7212320 121.5 25 14 31
7212321 121.5 25 14.5 31
7212367 121.5 25.5 14 31
7212368 121.5 25.5 14.5 31
7227830 122 24.5 14 31
7227831 122 24.5 14.5 31
7227877 122 25 14 31
7227878 122 25 14.5 31
7227924 122 25.5 14 31
7227925 122 25.5 14.5 31
7243387 122.5 24.5 14 31
7243388 122.5 24.5 14.5 31
7243434 122.5 25 14 31
7243435 122.5 25 14.5 31
7243481 122.5 25.5 14 31
7243482 122.5 25.5 14.5 31
7258944 123 24.5 14 31
7258945 123 24.5 14.5 31
7258991 123 25 14 31
7258992 123 25 14.5 31
7259038 123 25.5 14 31
7259039 123 25.5 14.5 31
7274501 123.5 24.5 14 31
7274502 123.5 24.5 14.5 31
7274548 123.5 25 14 31
7274549 123.5 25 14.5 31
7274595 123.5 25.5 14 31
7274596 123.5 25.5 14.5 31
7290058 124 24.5 14 31
7290059 124 24.5 14.5 31
7290105 124 25 14 31
7290106 124 25 14.5 31
7290152 124 25.5 14 31
7290153 124 25.5 14.5 31
7305615 124.5 24.5 14 31
7305616 124.5 24.5 14.5 31
7305662 124.5 25 14 31
7305663 124.5 25 14.5 31
7305709 124.5 25.5 14 31
7305710 124.5 25.5 14.5 31
7321172 125 24.5 14 31
7321173 125 24.5 14.5 31
7321219 125 25 14 31
7321220 125 25 14.5 31
7321266 125 25.5 14 31
7321267 125 25.5 14.5 31
7336729 125.5 24.5 14 31
7336730 125.5 24.5 14.5 31
7336776 125.5 25 14 31
7336777 125.5 25 14.5 31
7336823 125.5 25.5 14 31
7336824 125.5 25.5 14.5 31
7352286 126 24.5 14 31
7352287 126 24.5 14.5 31
7352333 126 25 14 31
7352334 126 25 14.5 31
7352380 126 25.5 14 31
7352381 126 25.5 14.5 31
7367843 126.5 24.5 14 31
7367844 126.5 24.5 14.5 31
7367890 126.5 25 14 31
7367891 126.5 25 14.5 31
7367937 126.5 25.5 14 31
7367938 126.5 25.5 14.5 31
7383400 127 24.5 14 31
7383401 127 24.5 14.5 31
7383447 127 25 14 31
7383448 127 25 14.5 31
7383494 127 25.5 14 31
7383495 127 25.5 14.5 31
7398957 127.5 24.5 14 31
7398958 127.5 24.5 14.5 31
7399004 127.5 25 14 31
7399005 127.5 25 14.5 31
7399051 127.5 25.5 14 31
7399052 127.5 25.5 14.5 31
7414514 128 24.5 14 31
7414515 128 24.5 14.5 31
7414561 128 25 14 31
7414562 128 25 14.5 31
7414608 128 25.5 14 31
7414609 128 25.5 14.5 31
7430071 128.5 24.5 14 31
7430072 128.5 24.5 14.5 31
7430118 128.5 25 14 31
7430119 128.5 25 14.5 31
7430165 128.5 25.5 14 31
7430166 128.5 25.5 14.5 31
7445628 129 24.5 14 31
7445629 129 24.5 14.5 31
7445675 129 25 14 31
7445676 129 25 14.5 31
7445722 129 25.5 14 31
7445723 129 25.5 14.5 31
7461185 129.5 24.5 14 31
7461186 129.5 24.5 14.5 31
7461232 129.5 25 14 31
7461233 129.5 25 14.5 31
7461279 129.5 25.5 14 31
7461280 129.5 25.5 14.5 31
7476742 130 24.5 14 31
7476743 130 24.5 14.5 31
7476789 130 25 14 31
7476790 130 25 14.5 31
7476836 130 25.5 14 31
7476837 130 25.5 14.5 31
7492299 130.5 24.5 14 31
7492300 130.5 24.5 14.5 31
7492346 130.5 25 14 31
7492347 130.5 25 14.5 31
7492393 130.5 25.5 14 31
7492394 130.5 25.5 14.5 31
7507856 131 24.5 14 31
7507857 131 24.5 14.5 31
7507903 131 25 14 31
7507904 131 25 14.5 31
7507950 131 25.5 14 31
7507951 131 25.5 14.5 31
7523413 131.5 24.5 14 31
7523414 131.5 24.5 14.5 31
7523460 131.5 25 14 31
7523461 131.5 25 14.5 31
7523507 131.5 25.5 14 31
7523508 131.5 25.5 14.5 31
7538970 132 24.5 14 31
7538971 132 24.5 14.5 31
7539017 132 25 14 31
7539018 132 25 14.5 31
7539064 132 25.5 14 31
7539065 132 25.5 14.5 31
7554527 132.5 24.5 14 31
7554528 132.5 24.5 14.5 31
7554574 132.5 25 14 31
7554575 132.5 25 14.5 31
7554621 132.5 25.5 14 31
7554622 132.5 25.5 14.5 31
7570084 133 24.5 14 31
7570085 133 24.5 14.5 31
7570131 133 25 14 31
7570132 133 25 14.5 31
7570178 133 25.5 14 31
7570179 133 25.5 14.5 31
7585641 133.5 24.5 14 31
7585642 133.5 24.5 14.5 31
7585688 133.5 25 14 31
7585689 133.5 25 14.5 31
7585735 133.5 25.5 14 31
7585736 133.5 25.5 14.5 31
7601198 134 24.5 14 31
7601199 134 24.5 14.5 31
7601245 134 25 14 31
7601246 134 25 14.5 31
7601292 134 25.5 14 31
7601293 134 25.5 14.5 31
7616755 134.5 24.5 14 31
7616756 134.5 24.5 14.5 31
7616802 134.5 25 14 31
7616803 134.5 25 14.5 31
7616849 134.5 25.5 14 31
7616850 134.5 25.5 14.5 31
7632312 135 24.5 14 31
7632313 135 24.5 14.5 31
7632359 135 25 14 31
7632360 135 25 14.5 31
7632406 135 25.5 14 31
7632407 135 25.5 14.5 31
7647869 135.5 24.5 14 31
7647870 135.5 24.5 14.5 31
7647916 135.5 25 14 31
7647917 135.5 25 14.5 31
7647963 135.5 25.5 14 31
7647964 135.5 25.5 14.5 31
7663426 136 24.5 14 31
7663427 136 24.5 14.5 31
7663473 136 25 14 31
7663474 136 25 14.5 31
7663520 136 25.5 14 31
7663521 136 25.5 14.5 31
7678983 136.5 24.5 14 31
7678984 136.5 24.5 14.5 31
7679030 136.5 25 14 31
7679031 136.5 25 14.5 31
7679077 136.5 25.5 14 31
7679078 136.5 25.5 14.5 31
7694540 137 24.5 14 31
7694541 137 24.5 14.5 31
7694587 137 25 14 31
7694588 137 25 14.5 31
7694634 137 25.5 14 31
7694635 137 25.5 14.5 31
7710097 137.5 24.5 14 31
7710098 137.5 24.5 14.5 31
7710144 137.5 25 14 31
7710145 137.5 25 14.5 31
7710191 137.5 25.5 14 31
7710192 137.5 25.5 14.5 31
7725654 138 24.5 14 31
7725655 138 24.5 14.5 31
7725701 138 25 14 31
7725702 138 25 14.5 31
7725748 138 25.5 14 31
7725749 138 25.5 14.5 31
7741211 138.5 24.5 14 31
7741212 138.5 24.5 14.5 31
7741258 138.5 25 14 31
7741259 138.5 25 14.5 31
7741305 138.5 25.5 14 31
7741306 138.5 25.5 14.5 31
7756768 139 24.5 14 31
7756769 139 24.5 14.5 31
7756815 139 25 14 31
7756816 139 25 14.5 31
7756862 139 25.5 14 31
7756863 139 25.5 14.5 31
7772325 139.5 24.5 14 31
7772326 139.5 24.5 14.5 31
7772372 139.5 25 14 31
7772373 139.5 25 14.5 31
7772419 139.5 25.5 14 31
7772420 139.5 25.5 14.5 31
7787882 140 24.5 14 31
7787883 140 24.5 14.5 31
7787929 140 25 14 31
7787930 140 25 14.5 31
7787976 140 25.5 14 31
7787977 140 25.5 14.5 31
7803439 140.5 24.5 14 31
7803440 140.5 24.5 14.5 31
7803486 140.5 25 14 31
7803487 140.5 25 14.5 31
7803533 140.5 25.5 14 31
7803534 140.5 25.5 14.5 31
7818996 141 24.5 14 31
7818997 141 24.5 14.5 31
7819043 141 25 14 31
7819044 141 25 14.5 31
7819090 141 25.5 14 31
7819091 141 25.5 14.5 31
7834553 141.5 24.5 14 31
7834554 141.5 24.5 14.5 31
7834600 141.5 25 14 31
7834601 141.5 25 14.5 31
7834647 141.5 25.5 14 31
7834648 141.5 25.5 14.5 31
7850110 142 24.5 14 31
7850111 142 24.5 14.5 31
7850157 142 25 14 31
7850158 142 25 14.5 31
7850204 142 25.5 14 31
7850205 142 25.5 14.5 31
7865667 142.5 24.5 14 31
7865668 142.5 24.5 14.5 31
7865714 142.5 25 14 31
7865715 142.5 25 14.5 31
7865761 142.5 25.5 14 31
7865762 142.5 25.5 14.5 31
7881224 143 24.5 14 31
7881225 143 24.5 14.5 31
7881271 143 25 14 31
7881272 143 25 14.5 31
7881318 143 25.5 14 31
7881319 143 25.5 14.5 31
7896781 143.5 24.5 14 31
7896782 143.5 24.5 14.5 31
7896828 143.5 25 14 31
7896829 143.5 25 14.5 31
7896875 143.5 25.5 14 31
7896876 143.5 25.5 14.5 31
7912338 144 24.5 14 31
7912339 144 24.5 14.5 31
7912385 144 25 14 31
7912386 144 25 14.5 31
7912432 144 25.5 14 31
7912433 144 25.5 14.5 31
7927895 144.5 24.5 14 31
7927896 144.5 24.5 14.5 31
7927942 144.5 25 14 31
7927943 144.5 25 14.5 31
7927989 144.5 25.5 14 31
7927990 144.5 25.5 14.5 31
7943452 145 24.5 14 31
7943453 145 24.5 14.5 31
7943499 145 25 14 31
7943500 145 25 14.5 31
7943546 145 25.5 14 31
7943547 145 25.5 14.5 31
7959009 145.5 24.5 14 31
7959010 145.5 24.5 14.5 31
7959056 145.5 25 14 31
7959057 145.5 25 14.5 31
7959103 145.5 25.5 14 31
7959104 145.5 25.5 14.5 31
7974566 146 24.5 14 31
7974567 146 24.5 14.5 31
7974613 146 25 14 31
7974614 146 25 14.5 31
7974660 146 25.5 14 31
7974661 146 25.5 14.5 31
7990123 146.5 24.5 14 31
7990124 146.5 24.5 14.5 31
7990170 146.5 25 14 31
7990171 146.5 25 14.5 31
7990217 146.5 25.5 14 31
7990218 146.5 25.5 14.5 31
8005680 147 24.5 14 31
8005681 147 24.5 14.5 31
8005727 147 25 14 31
8005728 147 25 14.5 31
8005774 147 25.5 14 31
8005775 147 25.5 14.5 31
8021237 147.5 24.5 14 31
8021238 147.5 24.5 14.5 31
8021284 147.5 25 14 31
8021285 147.5 25 14.5 31
8021331 147.5 25.5 14 31
8021332 147.5 25.5 14.5 31
8036794 148 24.5 14 31
8036795 148 24.5 14.5 31
8036841 148 25 14 31
8036842 148 25 14.5 31
8036888 148 25.5 14 31
8036889 148 25.5 14.5 31
8052351 148.5 24.5 14 31
8052352 148.5 24.5 14.5 31
8052398 148.5 25 14 31
8052399 148.5 25 14.5 31
8052445 148.5 25.5 14 31
8052446 148.5 25.5 14.5 31
8067908 149 24.5 14 31
8067909 149 24.5 14.5 31
8067955 149 25 14 31
8067956 149 25 14.5 31
8068002 149 25.5 14 31
8068003 149 25.5 14.5 31
8083465 149.5 24.5 14 31
8083466 149.5 24.5 14.5 31
8083512 149.5 25 14 31
8083513 149.5 25 14.5 31
8083559 149.5 25.5 14 31
8083560 149.5 25.5 14.5 31
8099022 150 24.5 14 31
8099023 150 24.5 14.5 31
8099069 150 25 14 31
8099070 150 25 14.5 31
8099116 150 25.5 14 31
8099117 150 25.5 14.5 31
8114579 150.5 24.5 14 31
8114580 150.5 24.5 14.5 31
8114626 150.5 25 14 31
8114627 150.5 25 14.5 31
8114673 150.5 25.5 14 31
8114674 150.5 25.5 14.5 31
8130136 151 24.5 14 31
8130137 151 24.5 14.5 31
8130183 151 25 14 31
8130184 151 25 14.5 31
8130230 151 25.5 14 31
8130231 151 25.5 14.5 31
8145693 151.5 24.5 14 31
8145694 151.5 24.5 14.5 31
8145740 151.5 25 14 31
8145741 151.5 25 14.5 31
8145787 151.5 25.5 14 31
8145788 151.5 25.5 14.5 31
8161250 152 24.5 14 31
8161251 152 24.5 14.5 31
8161297 152 25 14 31
8161298 152 25 14.5 31
8161344 152 25.5 14 31
8161345 152 25.5 14.5 31
8176807 152.5 24.5 14 31
8176808 152.5 24.5 14.5 31
8176854 152.5 25 14 31
8176855 152.5 25 14.5 31
8176901 152.5 25.5 14 31
8176902 152.5 25.5 14.5 31
8192364 153 24.5 14 31
8192365 153 24.5 14.5 31
8192411 153 25 14 31
8192412 153 25 14.5 31
8192458 153 25.5 14 31
8192459 153 25.5 14.5 31
8207921 153.5 24.5 14 31
8207922 153.5 24.5 14.5 31
8207968 153.5 25 14 31
8207969 153.5 25 14.5 31
8208015 153.5 25.5 14 31
8208016 153.5 25.5 14.5 31
8223478 154 24.5 14 31
8223479 154 24.5 14.5 31
8223525 154 25 14 31
8223526 154 25 14.5 31
8223572 154 25.5 14 31
8223573 154 25.5 14.5 31
8239035 154.5 24.5 14 31
8239036 154.5 24.5 14.5 31
8239082 154.5 25 14 31
8239083 154.5 25 14.5 31
8239129 154.5 25.5 14 31
8239130 154.5 25.5 14.5 31
8254592 155 24.5 14 31
8254593 155 24.5 14.5 31
8254639 155 25 14 31
8254640 155 25 14.5 31
8254686 155 25.5 14 31
8254687 155 25.5 14.5 31
8270149 155.5 24.5 14 31
8270150 155.5 24.5 14.5 31
8270196 155.5 25 14 31
8270197 155.5 25 14.5 31
8270243 155.5 25.5 14 31
8270244 155.5 25.5 14.5 31
8285706 156 24.5 14 31
8285707 156 24.5 14.5 31
8285753 156 25 14 31
8285754 156 25 14.5 31
8285800 156 25.5 14 31
8285801 156 25.5 14.5 31
8301263 156.5 24.5 14 31
8301264 156.5 24.5 14.5 31
8301310 156.5 25 14 31
8301311 156.5 25 14.5 31
8301357 156.5 25.5 14 31
8301358 156.5 25.5 14.5 31
8316820 157 24.5 14 31
8316821 157 24.5 14.5 31
8316867 157 25 14 31
8316868 157 25 14.5 31
8316914 157 25.5 14 31
8316915 157 25.5 14.5 31
8332377 157.5 24.5 14 31
8332378 157.5 24.5 14.5 31
8332424 157.5 25 14 31
8332425 157.5 25 14.5 31
8332471 157.5 25.5 14 31
8332472 157.5 25.5 14.5 31
8347934 158 24.5 14 31
8347935 158 24.5 14.5 31
8347981 158 25 14 31
8347982 158 25 14.5 31
8348028 158 25.5 14 31
8348029 158 25.5 14.5 31
8363491 158.5 24.5 14 31
8363492 158.5 24.5 14.5 31
8363538 158.5 25 14 31
8363539 158.5 25 14.5 31
8363585 158.5 25.5 14 31
8363586 158.5 25.5 14.5 31
8379048 159 24.5 14 31
8379049 159 24.5 14.5 31
8379095 159 25 14 31
8379096 159 25 14.5 31
8379142 159 25.5 14 31
8379143 159 25.5 14.5 31
8394605 159.5 24.5 14 31
8394606 159.5 24.5 14.5 31
8394652 159.5 25 14 31
8394653 159.5 25 14.5 31
8394699 159.5 25.5 14 31
8394700 159.5 25.5 14.5 31
8410162 160 24.5 14 31
8410163 160 24.5 14.5 31
8410209 160 25 14 31
8410210 160 25 14.5 31
8410256 160 25.5 14 31
8410257 160 25.5 14.5 31
8425719 160.5 24.5 14 31
8425720 160.5 24.5 14.5 31
8425766 160.5 25 14 31
8425767 160.5 25 14.5 31
8425813 160.5 25.5 14 31
8425814 160.5 25.5 14.5 31
8441276 161 24.5 14 31
8441277 161 24.5 14.5 31
8441323 161 25 14 31
8441324 161 25 14.5 31
8441370 161 25.5 14 31
8441371 161 25.5 14.5 31
8456833 161.5 24.5 14 31
8456834 161.5 24.5 14.5 31
8456880 161.5 25 14 31
8456881 161.5 25 14.5 31
8456927 161.5 25.5 14 31
8456928 161.5 25.5 14.5 31
8472390 162 24.5 14 31
8472391 162 24.5 14.5 31
8472437 162 25 14 31
8472438 162 25 14.5 31
8472484 162 25.5 14 31
8472485 162 25.5 14.5 31
8487947 162.5 24.5 14 31
8487948 162.5 24.5 14.5 31
8487994 162.5 25 14 31
8487995 162.5 25 14.5 31
8488041 162.5 25.5 14 31
8488042 162.5 25.5 14.5 31
8503504 163 24.5 14 31
8503505 163 24.5 14.5 31
8503551 163 25 14 31
8503552 163 25 14.5 31
8503598 163 25.5 14 31
8503599 163 25.5 14.5 31
8519061 163.5 24.5 14 31
8519062 163.5 24.5 14.5 31
8519108 163.5 25 14 31
8519109 163.5 25 14.5 31
8519155 163.5 25.5 14 31
8519156 163.5 25.5 14.5 31
8534618 164 24.5 14 31
8534619 164 24.5 14.5 31
8534665 164 25 14 31
8534666 164 25 14.5 31
8534712 164 25.5 14 31
8534713 164 25.5 14.5 31
8550175 164.5 24.5 14 31
8550176 164.5 24.5 14.5 31
8550222 164.5 25 14 31
8550223 164.5 25 14.5 31
8550269 164.5 25.5 14 31
8550270 164.5 25.5 14.5 31
8565732 165 24.5 14 31
8565733 165 24.5 14.5 31
8565779 165 25 14 31
8565780 165 25 14.5 31
8565826 165 25.5 14 31
8565827 165 25.5 14.5 31
8581289 165.5 24.5 14 31
8581290 165.5 24.5 14.5 31
8581336 165.5 25 14 31
8581337 165.5 25 14.5 31
8581383 165.5 25.5 14 31
8581384 165.5 25.5 14.5 31
8596846 166 24.5 14 31
8596847 166 24.5 14.5 31
8596893 166 25 14 31
8596894 166 25 14.5 31
8596940 166 25.5 14 31
8596941 166 25.5 14.5 31
8612403 166.5 24.5 14 31
8612404 166.5 24.5 14.5 31
8612450 166.5 25 14 31
8612451 166.5 25 14.5 31
8612497 166.5 25.5 14 31
8612498 166.5 25.5 14.5 31
8627960 167 24.5 14 31
8627961 167 24.5 14.5 31
8628007 167 25 14 31
8628008 167 25 14.5 31
8628054 167 25.5 14 31
8628055 167 25.5 14.5 31
8643517 167.5 24.5 14 31
8643518 167.5 24.5 14.5 31
8643564 167.5 25 14 31
8643565 167.5 25 14.5 31
8643611 167.5 25.5 14 31
8643612 167.5 25.5 14.5 31
8659074 168 24.5 14 31
8659075 168 24.5 14.5 31
8659121 168 25 14 31
8659122 168 25 14.5 31
8659168 168 25.5 14 31
8659169 168 25.5 14.5 31
8674631 168.5 24.5 14 31
8674632 168.5 24.5 14.5 31
8674678 168.5 25 14 31
8674679 168.5 25 14.5 31
8674725 168.5 25.5 14 31
8674726 168.5 25.5 14.5 31
8690188 169 24.5 14 31
8690189 169 24.5 14.5 31
8690235 169 25 14 31
8690236 169 25 14.5 31
8690282 169 25.5 14 31
8690283 169 25.5 14.5 31
8705745 169.5 24.5 14 31
8705746 169.5 24.5 14.5 31
8705792 169.5 25 14 31
8705793 169.5 25 14.5 31
8705839 169.5 25.5 14 31
8705840 169.5 25.5 14.5 31
8721302 170 24.5 14 31
8721303 170 24.5 14.5 31
8721349 170 25 14 31
8721350 170 25 14.5 31
8721396 170 25.5 14 31
8721397 170 25.5 14.5 31
8736859 170.5 24.5 14 31
8736860 170.5 24.5 14.5 31
8736906 170.5 25 14 31
8736907 170.5 25 14.5 31
8736953 170.5 25.5 14 31
8736954 170.5 25.5 14.5 31
8752416 171 24.5 14 31
8752417 171 24.5 14.5 31
8752463 171 25 14 31
8752464 171 25 14.5 31
8752510 171 25.5 14 31
8752511 171 25.5 14.5 31
8767973 171.5 24.5 14 31
8767974 171.5 24.5 14.5 31
8768020 171.5 25 14 31
8768021 171.5 25 14.5 31
8768067 171.5 25.5 14 31
8768068 171.5 25.5 14.5 31
8783530 172 24.5 14 31
8783531 172 24.5 14.5 31
8783577 172 25 14 31
8783578 172 25 14.5 31
8783624 172 25.5 14 31
8783625 172 25.5 14.5 31
8799087 172.5 24.5 14 31
8799088 172.5 24.5 14.5 31
8799134 172.5 25 14 31
8799135 172.5 25 14.5 31
8799181 172.5 25.5 14 31
8799182 172.5 25.5 14.5 31
8814644 173 24.5 14 31
8814645 173 24.5 14.5 31
8814691 173 25 14 31
8814692 173 25 14.5 31
8814738 173 25.5 14 31
8814739 173 25.5 14.5 31
8830201 173.5 24.5 14 31
8830202 173.5 24.5 14.5 31
8830248 173.5 25 14 31
8830249 173.5 25 14.5 31
8830295 173.5 25.5 14 31
8830296 173.5 25.5 14.5 31
8845758 174 24.5 14 31
8845759 174 24.5 14.5 31
8845805 174 25 14 31
8845806 174 25 14.5 31
8845852 174 25.5 14 31
8845853 174 25.5 14.5 31
8861315 174.5 24.5 14 31
8861316 174.5 24.5 14.5 31
8861362 174.5 25 14 31
8861363 174.5 25 14.5 31
8861409 174.5 25.5 14 31
8861410 174.5 25.5 14.5 31
8876872 175 24.5 14 31
8876873 175 24.5 14.5 31
8876919 175 25 14 31
8876920 175 25 14.5 31
8876966 175 25.5 14 31
8876967 175 25.5 14.5 31
8892429 175.5 24.5 14 31
8892430 175.5 24.5 14.5 31
8892476 175.5 25 14 31
8892477 175.5 25 14.5 31
8892523 175.5 25.5 14 31
8892524 175.5 25.5 14.5 31
8907986 176 24.5 14 31
8907987 176 24.5 14.5 31
8908033 176 25 14 31
8908034 176 25 14.5 31
8908080 176 25.5 14 31
8908081 176 25.5 14.5 31
8923543 176.5 24.5 14 31
8923544 176.5 24.5 14.5 31
8923590 176.5 25 14 31
8923591 176.5 25 14.5 31
8923637 176.5 25.5 14 31
8923638 176.5 25.5 14.5 31
8939100 177 24.5 14 31
8939101 177 24.5 14.5 31
8939147 177 25 14 31
8939148 177 25 14.5 31
8939194 177 25.5 14 31
8939195 177 25.5 14.5 31
8954657 177.5 24.5 14 31
8954658 177.5 24.5 14.5 31
8954704 177.5 25 14 31
8954705 177.5 25 14.5 31
8954751 177.5 25.5 14 31
8954752 177.5 25.5 14.5 31
8970214 178 24.5 14 31
8970215 178 24.5 14.5 31
8970261 178 25 14 31
8970262 178 25 14.5 31
8970308 178 25.5 14 31
8970309 178 25.5 14.5 31
8985771 178.5 24.5 14 31
8985772 178.5 24.5 14.5 31
8985818 178.5 25 14 31
8985819 178.5 25 14.5 31
8985865 178.5 25.5 14 31
8985866 178.5 25.5 14.5 31
9001328 179 24.5 14 31
9001329 179 24.5 14.5 31
9001375 179 25 14 31
9001376 179 25 14.5 31
9001422 179 25.5 14 31
9001423 179 25.5 14.5 31
9016885 179.5 24.5 14 31
9016886 179.5 24.5 14.5 31
9016932 179.5 25 14 31
9016933 179.5 25 14.5 31
9016979 179.5 25.5 14 31
9016980 179.5 25.5 14.5 31
9032442 180 24.5 14 31
9032443 180 24.5 14.5 31
9032489 180 25 14 31
9032490 180 25 14.5 31
9032536 180 25.5 14 31
9032537 180 25.5 14.5 31
9047999 180.5 24.5 14 31
9048000 180.5 24.5 14.5 31
9048046 180.5 25 14 31
9048047 180.5 25 14.5 31
9048093 180.5 25.5 14 31
9048094 180.5 25.5 14.5 31
9063556 181 24.5 14 31
9063557 181 24.5 14.5 31
9063603 181 25 14 31
9063604 181 25 14.5 31
9063650 181 25.5 14 31
9063651 181 25.5 14.5 31
9079113 181.5 24.5 14 31
9079114 181.5 24.5 14.5 31
9079160 181.5 25 14 31
9079161 181.5 25 14.5 31
9079207 181.5 25.5 14 31
9079208 181.5 25.5 14.5 31
9094670 182 24.5 14 31
9094671 182 24.5 14.5 31
9094717 182 25 14 31
9094718 182 25 14.5 31
9094764 182 25.5 14 31
9094765 182 25.5 14.5 31
9110227 182.5 24.5 14 31
9110228 182.5 24.5 14.5 31
9110274 182.5 25 14 31
9110275 182.5 25 14.5 31
9110321 182.5 25.5 14 31
9110322 182.5 25.5 14.5 31
9125784 183 24.5 14 31
9125785 183 24.5 14.5 31
9125831 183 25 14 31
9125832 183 25 14.5 31
9125878 183 25.5 14 31
9125879 183 25.5 14.5 31
9141341 183.5 24.5 14 31
9141342 183.5 24.5 14.5 31
9141388 183.5 25 14 31
9141389 183.5 25 14.5 31
9141435 183.5 25.5 14 31
9141436 183.5 25.5 14.5 31
9156898 184 24.5 14 31
9156899 184 24.5 14.5 31
9156945 184 25 14 31
9156946 184 25 14.5 31
9156992 184 25.5 14 31
9156993 184 25.5 14.5 31
9172455 184.5 24.5 14 31
9172456 184.5 24.5 14.5 31
9172502 184.5 25 14 31
9172503 184.5 25 14.5 31
9172549 184.5 25.5 14 31
9172550 184.5 25.5 14.5 31
9188012 185 24.5 14 31
9188013 185 24.5 14.5 31
9188059 185 25 14 31
9188060 185 25 14.5 31
9188106 185 25.5 14 31
9188107 185 25.5 14.5 31
9203569 185.5 24.5 14 31
9203570 185.5 24.5 14.5 31
9203616 185.5 25 14 31
9203617 185.5 25 14.5 31
9203663 185.5 25.5 14 31
9203664 185.5 25.5 14.5 31
9219126 186 24.5 14 31
9219127 186 24.5 14.5 31
9219173 186 25 14 31
9219174 186 25 14.5 31
9219220 186 25.5 14 31
9219221 186 25.5 14.5 31
9234683 186.5 24.5 14 31
9234684 186.5 24.5 14.5 31
9234730 186.5 25 14 31
9234731 186.5 25 14.5 31
9234777 186.5 25.5 14 31
9234778 186.5 25.5 14.5 31
9250240 187 24.5 14 31
9250241 187 24.5 14.5 31
9250287 187 25 14 31
9250288 187 25 14.5 31
9250334 187 25.5 14 31
9250335 187 25.5 14.5 31
9265797 187.5 24.5 14 31
9265798 187.5 24.5 14.5 31
9265844 187.5 25 14 31
9265845 187.5 25 14.5 31
9265891 187.5 25.5 14 31
9265892 187.5 25.5 14.5 31
9281354 188 24.5 14 31
9281355 188 24.5 14.5 31
9281401 188 25 14 31
9281402 188 25 14.5 31
9281448 188 25.5 14 31
9281449 188 25.5 14.5 31
9296911 188.5 24.5 14 31
9296912 188.5 24.5 14.5 31
9296958 188.5 25 14 31
9296959 188.5 25 14.5 31
9297005 188.5 25.5 14 31
9297006 188.5 25.5 14.5 31
9312468 189 24.5 14 31
9312469 189 24.5 14.5 31
9312515 189 25 14 31
9312516 189 25 14.5 31
9312562 189 25.5 14 31
9312563 189 25.5 14.5 31
9328025 189.5 24.5 14 31
9328026 189.5 24.5 14.5 31
9328072 189.5 25 14 31
9328073 189.5 25 14.5 31
9328119 189.5 25.5 14 31
9328120 189.5 25.5 14.5 31
9343582 190 24.5 14 31
9343583 190 24.5 14.5 31
9343629 190 25 14 31
9343630 190 25 14.5 31
9343676 190 25.5 14 31
9343677 190 25.5 14.5 31
9359139 190.5 24.5 14 31
9359140 190.5 24.5 14.5 31
9359186 190.5 25 14 31
9359187 190.5 25 14.5 31
9359233 190.5 25.5 14 31
9359234 190.5 25.5 14.5 31
9374696 191 24.5 14 31
9374697 191 24.5 14.5 31
9374743 191 25 14 31
9374744 191 25 14.5 31
9374790 191 25.5 14 31
9374791 191 25.5 14.5 31
9390253 191.5 24.5 14 31
9390254 191.5 24.5 14.5 31
9390300 191.5 25 14 31
9390301 191.5 25 14.5 31
9390347 191.5 25.5 14 31
9390348 191.5 25.5 14.5 31
9405810 192 24.5 14 31
9405811 192 24.5 14.5 31
9405857 192 25 14 31
9405858 192 25 14.5 31
9405904 192 25.5 14 31
9405905 192 25.5 14.5 31
9421367 192.5 24.5 14 31
9421368 192.5 24.5 14.5 31
9421414 192.5 25 14 31
9421415 192.5 25 14.5 31
9421461 192.5 25.5 14 31
9421462 192.5 25.5 14.5 31
9436924 193 24.5 14 31
9436925 193 24.5 14.5 31
9436971 193 25 14 31
9436972 193 25 14.5 31
9437018 193 25.5 14 31
9437019 193 25.5 14.5 31
9452481 193.5 24.5 14 31
9452482 193.5 24.5 14.5 31
9452528 193.5 25 14 31
9452529 193.5 25 14.5 31
9452575 193.5 25.5 14 31
9452576 193.5 25.5 14.5 31
9468038 194 24.5 14 31
9468039 194 24.5 14.5 31
9468085 194 25 14 31
9468086 194 25 14.5 31
9468132 194 25.5 14 31
9468133 194 25.5 14.5 31
9483595 194.5 24.5 14 31
9483596 194.5 24.5 14.5 31
9483642 194.5 25 14 31
9483643 194.5 25 14.5 31
9483689 194.5 25.5 14 31
9483690 194.5 25.5 14.5 31
9499152 195 24.5 14 31
9499153 195 24.5 14.5 31
9499199 195 25 14 31
9499200 195 25 14.5 31
9499246 195 25.5 14 31
9499247 195 25.5 14.5 31
9514709 195.5 24.5 14 31
9514710 195.5 24.5 14.5 31
9514756 195.5 25 14 31
9514757 195.5 25 14.5 31
9514803 195.5 25.5 14 31
9514804 195.5 25.5 14.5 31
9530266 196 24.5 14 31
9530267 196 24.5 14.5 31
9530313 196 25 14 31
9530314 196 25 14.5 31
9530360 196 25.5 14 31
9530361 196 25.5 14.5 31
9545823 196.5 24.5 14 31
9545824 196.5 24.5 14.5 31
9545870 196.5 25 14 31
9545871 196.5 25 14.5 31
9545917 196.5 25.5 14 31
9545918 196.5 25.5 14.5 31
9561380 197 24.5 14 31
9561381 197 24.5 14.5 31
9561427 197 25 14 31
9561428 197 25 14.5 31
9561474 197 25.5 14 31
9561475 197 25.5 14.5 31
9576937 197.5 24.5 14 31
9576938 197.5 24.5 14.5 31
9576984 197.5 25 14 31
9576985 197.5 25 14.5 31
9577031 197.5 25.5 14 31
9577032 197.5 25.5 14.5 31
9592494 198 24.5 14 31
9592495 198 24.5 14.5 31
9592541 198 25 14 31
9592542 198 25 14.5 31
9592588 198 25.5 14 31
9592589 198 25.5 14.5 31
9608051 198.5 24.5 14 31
9608052 198.5 24.5 14.5 31
9608098 198.5 25 14 31
9608099 198.5 25 14.5 31
9608145 198.5 25.5 14 31
9608146 198.5 25.5 14.5 31
9623608 199 24.5 14 31
9623609 199 24.5 14.5 31
9623655 199 25 14 31
9623656 199 25 14.5 31
9623702 199 25.5 14 31
9623703 199 25.5 14.5 31
9639165 199.5 24.5 14 31
9639166 199.5 24.5 14.5 31
9639212 199.5 25 14 31
9639213 199.5 25 14.5 31
9639259 199.5 25.5 14 31
9639260 199.5 25.5 14.5 31
9654722 200 24.5 14 31
9654723 200 24.5 14.5 31
9654769 200 25 14 31
9654770 200 25 14.5 31
9654816 200 25.5 14 31
9654817 200 25.5 14.5 31
9670279 200.5 24.5 14 31
9670280 200.5 24.5 14.5 31
9670326 200.5 25 14 31
9670327 200.5 25 14.5 31
9670373 200.5 25.5 14 31
9670374 200.5 25.5 14.5 31
9685836 201 24.5 14 31
9685837 201 24.5 14.5 31
9685883 201 25 14 31
9685884 201 25 14.5 31
9685930 201 25.5 14 31
9685931 201 25.5 14.5 31
9701393 201.5 24.5 14 31
9701394 201.5 24.5 14.5 31
9701440 201.5 25 14 31
9701441 201.5 25 14.5 31
9701487 201.5 25.5 14 31
9701488 201.5 25.5 14.5 31
9716950 202 24.5 14 31
9716951 202 24.5 14.5 31
9716997 202 25 14 31
9716998 202 25 14.5 31
9717044 202 25.5 14 31
9717045 202 25.5 14.5 31
9732507 202.5 24.5 14 31
9732508 202.5 24.5 14.5 31
9732554 202.5 25 14 31
9732555 202.5 25 14.5 31
9732601 202.5 25.5 14 31
9732602 202.5 25.5 14.5 31
9748064 203 24.5 14 31
9748065 203 24.5 14.5 31
9748111 203 25 14 31
9748112 203 25 14.5 31
9748158 203 25.5 14 31
9748159 203 25.5 14.5 31
9763621 203.5 24.5 14 31
9763622 203.5 24.5 14.5 31
9763668 203.5 25 14 31
9763669 203.5 25 14.5 31
9763715 203.5 25.5 14 31
9763716 203.5 25.5 14.5 31
9779178 204 24.5 14 31
9779179 204 24.5 14.5 31
9779225 204 25 14 31
9779226 204 25 14.5 31
9779272 204 25.5 14 31
9779273 204 25.5 14.5 31
9794735 204.5 24.5 14 31
9794736 204.5 24.5 14.5 31
9794782 204.5 25 14 31
9794783 204.5 25 14.5 31
9794829 204.5 25.5 14 31
9794830 204.5 25.5 14.5 31
9810292 205 24.5 14 31
9810293 205 24.5 14.5 31
9810339 205 25 14 31
9810340 205 25 14.5 31
9810386 205 25.5 14 31
9810387 205 25.5 14.5 31
9825849 205.5 24.5 14 31
9825850 205.5 24.5 14.5 31
9825896 205.5 25 14 31
9825897 205.5 25 14.5 31
9825943 205.5 25.5 14 31
9825944 205.5 25.5 14.5 31
9841406 206 24.5 14 31
9841407 206 24.5 14.5 31
9841453 206 25 14 31
9841454 206 25 14.5 31
9841500 206 25.5 14 31
9841501 206 25.5 14.5 31
9856963 206.5 24.5 14 31
9856964 206.5 24.5 14.5 31
9857010 206.5 25 14 31
9857011 206.5 25 14.5 31
9857057 206.5 25.5 14 31
9857058 206.5 25.5 14.5 31
9872520 207 24.5 14 31
9872521 207 24.5 14.5 31
9872567 207 25 14 31
9872568 207 25 14.5 31
9872614 207 25.5 14 31
9872615 207 25.5 14.5 31
9888077 207.5 24.5 14 31
9888078 207.5 24.5 14.5 31
9888124 207.5 25 14 31
9888125 207.5 25 14.5 31
