2763817 -21.5 33.5 14 32
2779280 -21 32.5 14 32
2779327 -21 33 14 32
2779374 -21 33.5 14 32
2794837 -20.5 32.5 14 32
2794884 -20.5 33 14 32
2794931 -20.5 33.5 14 32
2810394 -20 32.5 14 32
2810441 -20 33 14 32
2810488 -20 33.5 14 32
2825951 -19.5 32.5 14 32
2825998 -19.5 33 14 32
2826045 -19.5 33.5 14 32
2841508 -19 32.5 14 32
2841555 -19 33 14 32
2841602 -19 33.5 14 32
2857065 -18.5 32.5 14 32
2857112 -18.5 33 14 32
2857159 -18.5 33.5 14 32
2872622 -18 32.5 14 32
2872669 -18 33 14 32
2872716 -18 33.5 14 32
2888179 -17.5 32.5 14 32
2888226 -17.5 33 14 32
2888273 -17.5 33.5 14 32
2903736 -17 32.5 14 32
2903783 -17 33 14 32
2903830 -17 33.5 14 32
2919293 -16.5 32.5 14 32
2919340 -16.5 33 14 32
2919387 -16.5 33.5 14 32
2934850 -16 32.5 14 32
2934897 -16 33 14 32
2934944 -16 33.5 14 32
2950407 -15.5 32.5 14 32
2950454 -15.5 33 14 32
2950501 -15.5 33.5 14 32
2965964 -15 32.5 14 32
2966011 -15 33 14 32
2966058 -15 33.5 14 32
2981521 -14.5 32.5 14 32
2981568 -14.5 33 14 32
2981615 -14.5 33.5 14 32
2997078 -14 32.5 14 32
2997125 -14 33 14 32
2997172 -14 33.5 14 32
3012635 -13.5 32.5 14 32
3012682 -13.5 33 14 32
3012729 -13.5 33.5 14 32
3028192 -13 32.5 14 32
3028239 -13 33 14 32
3028286 -13 33.5 14 32
3043749 -12.5 32.5 14 32
3043796 -12.5 33 14 32
3043843 -12.5 33.5 14 32
3059306 -12 32.5 14 32
3059353 -12 33 14 32
3059400 -12 33.5 14 32
3074863 -11.5 32.5 14 32
3074910 -11.5 33 14 32
3074957 -11.5 33.5 14 32
3090420 -11 32.5 14 32
3090467 -11 33 14 32
3090514 -11 33.5 14 32
3105977 -10.5 32.5 14 32
3106024 -10.5 33 14 32
3106071 -10.5 33.5 14 32
3121534 -10 32.5 14 32
3121581 -10 33 14 32
3121628 -10 33.5 14 32
3137091 -9.5 32.5 14 32
3137138 -9.5 33 14 32
3137185 -9.5 33.5 14 32
3152648 -9 32.5 14 32
3152695 -9 33 14 32
3152742 -9 33.5 14 32
3168205 -8.5 32.5 14 32
3168252 -8.5 33 14 32
3168299 -8.5 33.5 14 32
3183762 -8 32.5 14 32
3183809 -8 33 14 32
3183856 -8 33.5 14 32
3199319 -7.5 32.5 14 32
3199366 -7.5 33 14 32
3199413 -7.5 33.5 14 32
3214876 -7 32.5 14 32
3214923 -7 33 14 32
3214970 -7 33.5 14 32
3230433 -6.5 32.5 14 32
3230480 -6.5 33 14 32
3230527 -6.5 33.5 14 32
3245990 -6 32.5 14 32
3246037 -6 33 14 32
3246084 -6 33.5 14 32
3261547 -5.5 32.5 14 32
3261594 -5.5 33 14 32
3261641 -5.5 33.5 14 32
3277104 -5 32.5 14 32
3277151 -5 33 14 32
3277198 -5 33.5 14 32
3292661 -4.5 32.5 14 32
3292708 -4.5 33 14 32
3292755 -4.5 33.5 14 32
3308218 -4 32.5 14 32
3308265 -4 33 14 32
3308312 -4 33.5 14 32
3323775 -3.5 32.5 14 32
3323822 -3.5 33 14 32
3323869 -3.5 33.5 14 32
3339332 -3 32.5 14 32
3339379 -3 33 14 32
3339426 -3 33.5 14 32
3354889 -2.5 32.5 14 32
3354936 -2.5 33 14 32
3354983 -2.5 33.5 14 32
3370446 -2 32.5 14 32
3370493 -2 33 14 32
3370540 -2 33.5 14 32
3386003 -1.5 32.5 14 32
3386050 -1.5 33 14 32
3386097 -1.5 33.5 14 32
3401560 -1 32.5 14 32
3401607 -1 33 14 32
3401654 -1 33.5 14 32
3417117 -0.5 32.5 14 32
3417164 -0.5 33 14 32
3417211 -0.5 33.5 14 32
3432674 0 32.5 14 32
3432721 0 33 14 32
3432768 0 33.5 14 32
3448231 0.5 32.5 14 32
3448278 0.5 33 14 32
3448325 0.5 33.5 14 32
3463788 1 32.5 14 32
3463835 1 33 14 32
3463882 1 33.5 14 32
3479345 1.5 32.5 14 32
3479392 1.5 33 14 32
3479439 1.5 33.5 14 32
3494902 2 32.5 14 32
3494949 2 33 14 32
3494996 2 33.5 14 32
3510459 2.5 32.5 14 32
3510506 2.5 33 14 32
3510553 2.5 33.5 14 32
3526016 3 32.5 14 32
3526063 3 33 14 32
3526110 3 33.5 14 32
3541573 3.5 32.5 14 32
3541620 3.5 33 14 32
3541667 3.5 33.5 14 32
3557130 4 32.5 14 32
3557177 4 33 14 32
3557224 4 33.5 14 32
3572687 4.5 32.5 14 32
3572734 4.5 33 14 32
3572781 4.5 33.5 14 32
3588244 5 32.5 14 32
3588291 5 33 14 32
3588338 5 33.5 14 32
3603801 5.5 32.5 14 32
3603848 5.5 33 14 32
3603895 5.5 33.5 14 32
3619358 6 32.5 14 32
3619405 6 33 14 32
3619452 6 33.5 14 32
3634915 6.5 32.5 14 32
3634962 6.5 33 14 32
3635009 6.5 33.5 14 32
3650472 7 32.5 14 32
3650519 7 33 14 32
3650566 7 33.5 14 32
3666029 7.5 32.5 14 32
3666076 7.5 33 14 32
3666123 7.5 33.5 14 32
3681586 8 32.5 14 32
3681633 8 33 14 32
3681680 8 33.5 14 32
3697143 8.5 32.5 14 32
3697190 8.5 33 14 32
3697237 8.5 33.5 14 32
3712700 9 32.5 14 32
3712747 9 33 14 32
3712794 9 33.5 14 32
3728257 9.5 32.5 14 32
3728304 9.5 33 14 32
3728351 9.5 33.5 14 32
3743814 10 32.5 14 32
3743861 10 33 14 32
3743908 10 33.5 14 32
3759371 10.5 32.5 14 32
3759418 10.5 33 14 32
3759465 10.5 33.5 14 32
3774928 11 32.5 14 32
3774975 11 33 14 32
3775022 11 33.5 14 32
3790485 11.5 32.5 14 32
3790532 11.5 33 14 32
3790579 11.5 33.5 14 32
3806042 12 32.5 14 32
3806089 12 33 14 32
3806136 12 33.5 14 32
3821599 12.5 32.5 14 32
3821646 12.5 33 14 32
3821693 12.5 33.5 14 32
3837156 13 32.5 14 32
3837203 13 33 14 32
3837250 13 33.5 14 32
3852713 13.5 32.5 14 32
3852760 13.5 33 14 32
3852807 13.5 33.5 14 32
3868270 14 32.5 14 32
3868317 14 33 14 32
3868364 14 33.5 14 32
3883827 14.5 32.5 14 32
3883874 14.5 33 14 32
3883921 14.5 33.5 14 32
3899384 15 32.5 14 32
3899431 15 33 14 32
3899478 15 33.5 14 32
3914941 15.5 32.5 14 32
3914988 15.5 33 14 32
3915035 15.5 33.5 14 32
3930498 16 32.5 14 32
3930545 16 33 14 32
3930592 16 33.5 14 32
3946055 16.5 32.5 14 32
3946102 16.5 33 14 32
3946149 16.5 33.5 14 32
3961612 17 32.5 14 32
3961659 17 33 14 32
3961706 17 33.5 14 32
3977169 17.5 32.5 14 32
3977216 17.5 33 14 32
3977263 17.5 33.5 14 32
3992726 18 32.5 14 32
3992773 18 33 14 32
3992820 18 33.5 14 32
4008283 18.5 32.5 14 32
4008330 18.5 33 14 32
4008377 18.5 33.5 14 32
4023840 19 32.5 14 32
4023887 19 33 14 32
4023934 19 33.5 14 32
4039397 19.5 32.5 14 32
4039444 19.5 33 14 32
4039491 19.5 33.5 14 32
4054954 20 32.5 14 32
4055001 20 33 14 32
4055048 20 33.5 14 32
4070511 20.5 32.5 14 32
4070558 20.5 33 14 32
4070605 20.5 33.5 14 32
4086068 21 32.5 14 32
4086115 21 33 14 32
4086162 21 33.5 14 32
4101625 21.5 32.5 14 32
4101672 21.5 33 14 32
4101719 21.5 33.5 14 32
4117182 22 32.5 14 32
4117229 22 33 14 32
4117276 22 33.5 14 32
4132739 22.5 32.5 14 32
4132786 22.5 33 14 32
4132833 22.5 33.5 14 32
4148296 23 32.5 14 32
4148343 23 33 14 32
4148390 23 33.5 14 32
4163853 23.5 32.5 14 32
4163900 23.5 33 14 32
4163947 23.5 33.5 14 32
4179410 24 32.5 14 32
4179457 24 33 14 32
4179504 24 33.5 14 32
4194967 24.5 32.5 14 32
4195014 24.5 33 14 32
4195061 24.5 33.5 14 32
4210524 25 32.5 14 32
4210571 25 33 14 32
4210618 25 33.5 14 32
4226081 25.5 32.5 14 32
4226128 25.5 33 14 32
4226175 25.5 33.5 14 32
4241638 26 32.5 14 32
4241685 26 33 14 32
4241732 26 33.5 14 32
4257195 26.5 32.5 14 32
4257242 26.5 33 14 32
4257289 26.5 33.5 14 32
4272752 27 32.5 14 32
4272799 27 33 14 32
4272846 27 33.5 14 32
4288309 27.5 32.5 14 32
4288356 27.5 33 14 32
4288403 27.5 33.5 14 32
4303866 28 32.5 14 32
4303913 28 33 14 32
4303960 28 33.5 14 32
4319423 28.5 32.5 14 32
4319470 28.5 33 14 32
4319517 28.5 33.5 14 32
4334980 29 32.5 14 32
4335027 29 33 14 32
4335074 29 33.5 14 32
4350537 29.5 32.5 14 32
4350584 29.5 33 14 32
4350631 29.5 33.5 14 32
4366094 30 32.5 14 32
4366141 30 33 14 32
4366188 30 33.5 14 32
4381651 30.5 32.5 14 32
4381698 30.5 33 14 32
4381745 30.5 33.5 14 32
4397208 31 32.5 14 32
4397255 31 33 14 32
4397302 31 33.5 14 32
4412765 31.5 32.5 14 32
4412812 31.5 33 14 32
4412859 31.5 33.5 14 32
4428322 32 32.5 14 32
4428369 32 33 14 32
4428416 32 33.5 14 32
4443879 32.5 32.5 14 32
4443926 32.5 33 14 32
4443973 32.5 33.5 14 32
4459436 33 32.5 14 32
4459483 33 33 14 32
4459530 33 33.5 14 32
4474993 33.5 32.5 14 32
4475040 33.5 33 14 32
4475087 33.5 33.5 14 32
4490550 34 32.5 14 32
4490597 34 33 14 32
4490644 34 33.5 14 32
4506107 34.5 32.5 14 32
4506154 34.5 33 14 32
4506201 34.5 33.5 14 32
4521664 35 32.5 14 32
4521711 35 33 14 32
4521758 35 33.5 14 32
4537221 35.5 32.5 14 32
4537268 35.5 33 14 32
4537315 35.5 33.5 14 32
4552778 36 32.5 14 32
4552825 36 33 14 32
4552872 36 33.5 14 32
4568335 36.5 32.5 14 32
4568382 36.5 33 14 32
4568429 36.5 33.5 14 32
4583892 37 32.5 14 32
4583939 37 33 14 32
4583986 37 33.5 14 32
4599449 37.5 32.5 14 32
4599496 37.5 33 14 32
4599543 37.5 33.5 14 32
4615006 38 32.5 14 32
4615053 38 33 14 32
4615100 38 33.5 14 32
4630563 38.5 32.5 14 32
4630610 38.5 33 14 32
4630657 38.5 33.5 14 32
4646120 39 32.5 14 32
4646167 39 33 14 32
4646214 39 33.5 14 32
4661677 39.5 32.5 14 32
4661724 39.5 33 14 32
4661771 39.5 33.5 14 32
4677234 40 32.5 14 32
4677281 40 33 14 32
4677328 40 33.5 14 32
4692791 40.5 32.5 14 32
4692838 40.5 33 14 32
4692885 40.5 33.5 14 32
4708348 41 32.5 14 32
4708395 41 33 14 32
4708442 41 33.5 14 32
4723905 41.5 32.5 14 32
4723952 41.5 33 14 32
4723999 41.5 33.5 14 32
4739462 42 32.5 14 32
4739509 42 33 14 32
4739556 42 33.5 14 32
4755019 42.5 32.5 14 32
4755066 42.5 33 14 32
4755113 42.5 33.5 14 32
4770576 43 32.5 14 32
4770623 43 33 14 32
4770670 43 33.5 14 32
4786133 43.5 32.5 14 32
4786180 43.5 33 14 32
4786227 43.5 33.5 14 32
4801690 44 32.5 14 32
4801737 44 33 14 32
4801784 44 33.5 14 32
4817247 44.5 32.5 14 32
4817294 44.5 33 14 32
4817341 44.5 33.5 14 32
4832804 45 32.5 14 32
4832851 45 33 14 32
4832898 45 33.5 14 32
4848361 45.5 32.5 14 32
4848408 45.5 33 14 32
4848455 45.5 33.5 14 32
4863918 46 32.5 14 32
4863965 46 33 14 32
4864012 46 33.5 14 32
4879475 46.5 32.5 14 32
4879522 46.5 33 14 32
4879569 46.5 33.5 14 32
4895032 47 32.5 14 32
4895079 47 33 14 32
4895126 47 33.5 14 32
4910589 47.5 32.5 14 32
4910636 47.5 33 14 32
4910683 47.5 33.5 14 32
4926146 48 32.5 14 32
4926193 48 33 14 32
4926240 48 33.5 14 32
4941703 48.5 32.5 14 32
4941750 48.5 33 14 32
4941797 48.5 33.5 14 32
4957260 49 32.5 14 32
4957307 49 33 14 32
4957354 49 33.5 14 32
4972817 49.5 32.5 14 32
4972864 49.5 33 14 32
4972911 49.5 33.5 14 32
4988374 50 32.5 14 32
4988421 50 33 14 32
4988468 50 33.5 14 32
5003931 50.5 32.5 14 32
5003978 50.5 33 14 32
5004025 50.5 33.5 14 32
5019488 51 32.5 14 32
5019535 51 33 14 32
5019582 51 33.5 14 32
5035045 51.5 32.5 14 32
5035092 51.5 33 14 32
5035139 51.5 33.5 14 32
5050602 52 32.5 14 32
5050649 52 33 14 32
5050696 52 33.5 14 32
5066159 52.5 32.5 14 32
5066206 52.5 33 14 32
5066253 52.5 33.5 14 32
5081716 53 32.5 14 32
5081763 53 33 14 32
5081810 53 33.5 14 32
5097273 53.5 32.5 14 32
5097320 53.5 33 14 32
5097367 53.5 33.5 14 32
5112830 54 32.5 14 32
5112877 54 33 14 32
5112924 54 33.5 14 32
5128387 54.5 32.5 14 32
5128434 54.5 33 14 32
5128481 54.5 33.5 14 32
5143944 55 32.5 14 32
5143991 55 33 14 32
5144038 55 33.5 14 32
5159501 55.5 32.5 14 32
5159548 55.5 33 14 32
5159595 55.5 33.5 14 32
5175058 56 32.5 14 32
5175105 56 33 14 32
5175152 56 33.5 14 32
5190615 56.5 32.5 14 32
5190662 56.5 33 14 32
5190709 56.5 33.5 14 32
5206172 57 32.5 14 32
5206219 57 33 14 32
5206266 57 33.5 14 32
5221729 57.5 32.5 14 32
5221776 57.5 33 14 32
5221823 57.5 33.5 14 32
5237286 58 32.5 14 32
5237333 58 33 14 32
5237380 58 33.5 14 32
5252843 58.5 32.5 14 32
5252890 58.5 33 14 32
5252937 58.5 33.5 14 32
5268400 59 32.5 14 32
5268447 59 33 14 32
5268494 59 33.5 14 32
5283957 59.5 32.5 14 32
5284004 59.5 33 14 32
5284051 59.5 33.5 14 32
5299514 60 32.5 14 32
5299561 60 33 14 32
5299608 60 33.5 14 32
5315071 60.5 32.5 14 32
5315118 60.5 33 14 32
5315165 60.5 33.5 14 32
5330628 61 32.5 14 32
5330675 61 33 14 32
5330722 61 33.5 14 32
5346185 61.5 32.5 14 32
5346232 61.5 33 14 32
5346279 61.5 33.5 14 32
5361742 62 32.5 14 32
5361789 62 33 14 32
5361836 62 33.5 14 32
5377299 62.5 32.5 14 32
5377346 62.5 33 14 32
5377393 62.5 33.5 14 32
5392856 63 32.5 14 32
5392903 63 33 14 32
5392950 63 33.5 14 32
5408413 63.5 32.5 14 32
5408460 63.5 33 14 32
5408507 63.5 33.5 14 32
5423970 64 32.5 14 32
5424017 64 33 14 32
5424064 64 33.5 14 32
5439527 64.5 32.5 14 32
5439574 64.5 33 14 32
5439621 64.5 33.5 14 32
5455084 65 32.5 14 32
5455131 65 33 14 32
5455178 65 33.5 14 32
5470641 65.5 32.5 14 32
5470688 65.5 33 14 32
5470735 65.5 33.5 14 32
5486198 66 32.5 14 32
5486245 66 33 14 32
5486292 66 33.5 14 32
5501755 66.5 32.5 14 32
5501802 66.5 33 14 32
5501849 66.5 33.5 14 32
5517312 67 32.5 14 32
5517359 67 33 14 32
5517406 67 33.5 14 32
5532869 67.5 32.5 14 32
5532916 67.5 33 14 32
5532963 67.5 33.5 14 32
5548426 68 32.5 14 32
5548473 68 33 14 32
5548520 68 33.5 14 32
5563983 68.5 32.5 14 32
5564030 68.5 33 14 32
5564077 68.5 33.5 14 32
5579540 69 32.5 14 32
5579587 69 33 14 32
5579634 69 33.5 14 32
5595097 69.5 32.5 14 32
5595144 69.5 33 14 32
5595191 69.5 33.5 14 32
5610654 70 32.5 14 32
5610701 70 33 14 32
5610748 70 33.5 14 32
5626211 70.5 32.5 14 32
5626258 70.5 33 14 32
5626305 70.5 33.5 14 32
5641768 71 32.5 14 32
5641815 71 33 14 32
5641862 71 33.5 14 32
5657325 71.5 32.5 14 32
5657372 71.5 33 14 32
5657419 71.5 33.5 14 32
5672882 72 32.5 14 32
5672929 72 33 14 32
5672976 72 33.5 14 32
5688439 72.5 32.5 14 32
5688486 72.5 33 14 32
5688533 72.5 33.5 14 32
5703996 73 32.5 14 32
5704043 73 33 14 32
5704090 73 33.5 14 32
5719553 73.5 32.5 14 32
5719600 73.5 33 14 32
5719647 73.5 33.5 14 32
5735110 74 32.5 14 32
5735157 74 33 14 32
5735204 74 33.5 14 32
5750667 74.5 32.5 14 32
5750714 74.5 33 14 32
5750761 74.5 33.5 14 32
5766224 75 32.5 14 32
5766271 75 33 14 32
5766318 75 33.5 14 32
5781781 75.5 32.5 14 32
5781828 75.5 33 14 32
5781875 75.5 33.5 14 32
5797338 76 32.5 14 32
5797385 76 33 14 32
5797432 76 33.5 14 32
5812895 76.5 32.5 14 32
5812942 76.5 33 14 32
5812989 76.5 33.5 14 32
5828452 77 32.5 14 32
5828499 77 33 14 32
5828546 77 33.5 14 32
5844009 77.5 32.5 14 32
5844056 77.5 33 14 32
5844103 77.5 33.5 14 32
5859566 78 32.5 14 32
5859613 78 33 14 32
5859660 78 33.5 14 32
5875123 78.5 32.5 14 32
5875170 78.5 33 14 32
5875217 78.5 33.5 14 32
5890680 79 32.5 14 32
5890727 79 33 14 32
5890774 79 33.5 14 32
5906237 79.5 32.5 14 32
5906284 79.5 33 14 32
5906331 79.5 33.5 14 32
5921794 80 32.5 14 32
5921841 80 33 14 32
5921888 80 33.5 14 32
5937351 80.5 32.5 14 32
5937398 80.5 33 14 32
5937445 80.5 33.5 14 32
5952908 81 32.5 14 32
5952955 81 33 14 32
5953002 81 33.5 14 32
5968465 81.5 32.5 14 32
5968512 81.5 33 14 32
5968559 81.5 33.5 14 32
5984022 82 32.5 14 32
5984069 82 33 14 32
5984116 82 33.5 14 32
5999579 82.5 32.5 14 32
5999626 82.5 33 14 32
5999673 82.5 33.5 14 32
6015136 83 32.5 14 32
6015183 83 33 14 32
6015230 83 33.5 14 32
6030693 83.5 32.5 14 32
6030740 83.5 33 14 32
6030787 83.5 33.5 14 32
6046250 84 32.5 14 32
6046297 84 33 14 32
6046344 84 33.5 14 32
6061807 84.5 32.5 14 32
6061854 84.5 33 14 32
6061901 84.5 33.5 14 32
6077364 85 32.5 14 32
6077411 85 33 14 32
6077458 85 33.5 14 32
6092921 85.5 32.5 14 32
6092968 85.5 33 14 32
6093015 85.5 33.5 14 32
6108478 86 32.5 14 32
6108525 86 33 14 32
6108572 86 33.5 14 32
6124035 86.5 32.5 14 32
6124082 86.5 33 14 32
6124129 86.5 33.5 14 32
6139592 87 32.5 14 32
6139639 87 33 14 32
6139686 87 33.5 14 32
6155149 87.5 32.5 14 32
6155196 87.5 33 14 32
6155243 87.5 33.5 14 32
6170706 88 32.5 14 32
6170753 88 33 14 32
6170800 88 33.5 14 32
6186263 88.5 32.5 14 32
6186310 88.5 33 14 32
6186357 88.5 33.5 14 32
6201820 89 32.5 14 32
6201867 89 33 14 32
6201914 89 33.5 14 32
6217377 89.5 32.5 14 32
6217424 89.5 33 14 32
6217471 89.5 33.5 14 32
6232934 90 32.5 14 32
6232981 90 33 14 32
6233028 90 33.5 14 32
6248491 90.5 32.5 14 32
6248538 90.5 33 14 32
6248585 90.5 33.5 14 32
6264048 91 32.5 14 32
6264095 91 33 14 32
6264142 91 33.5 14 32
6279605 91.5 32.5 14 32
6279652 91.5 33 14 32
6279699 91.5 33.5 14 32
6295162 92 32.5 14 32
6295209 92 33 14 32
6295256 92 33.5 14 32
6310719 92.5 32.5 14 32
6310766 92.5 33 14 32
6310813 92.5 33.5 14 32
6326276 93 32.5 14 32
6326323 93 33 14 32
6326370 93 33.5 14 32
6341833 93.5 32.5 14 32
6341880 93.5 33 14 32
6341927 93.5 33.5 14 32
6357390 94 32.5 14 32
6357437 94 33 14 32
6357484 94 33.5 14 32
6372947 94.5 32.5 14 32
6372994 94.5 33 14 32
6373041 94.5 33.5 14 32
6388504 95 32.5 14 32
6388551 95 33 14 32
6388598 95 33.5 14 32
6404061 95.5 32.5 14 32
6404108 95.5 33 14 32
6404155 95.5 33.5 14 32
6419618 96 32.5 14 32
6419665 96 33 14 32
6419712 96 33.5 14 32
6435175 96.5 32.5 14 32
6435222 96.5 33 14 32
6435269 96.5 33.5 14 32
6450732 97 32.5 14 32
6450779 97 33 14 32
6450826 97 33.5 14 32
6466289 97.5 32.5 14 32
6466336 97.5 33 14 32
6466383 97.5 33.5 14 32
6481846 98 32.5 14 32
6481893 98 33 14 32
6481940 98 33.5 14 32
6497403 98.5 32.5 14 32
6497450 98.5 33 14 32
6497497 98.5 33.5 14 32
6512960 99 32.5 14 32
6513007 99 33 14 32
6513054 99 33.5 14 32
6528517 99.5 32.5 14 32
6528564 99.5 33 14 32
6528611 99.5 33.5 14 32
6544074 100 32.5 14 32
6544121 100 33 14 32
6544168 100 33.5 14 32
6559631 100.5 32.5 14 32
6559678 100.5 33 14 32
6559725 100.5 33.5 14 32
6575188 101 32.5 14 32
6575235 101 33 14 32
6575282 101 33.5 14 32
6590745 101.5 32.5 14 32
6590792 101.5 33 14 32
6590839 101.5 33.5 14 32
6606302 102 32.5 14 32
6606349 102 33 14 32
6606396 102 33.5 14 32
6621859 102.5 32.5 14 32
6621906 102.5 33 14 32
6621953 102.5 33.5 14 32
6637416 103 32.5 14 32
6637463 103 33 14 32
6637510 103 33.5 14 32
6652973 103.5 32.5 14 32
6653020 103.5 33 14 32
6653067 103.5 33.5 14 32
6668530 104 32.5 14 32
6668577 104 33 14 32
6668624 104 33.5 14 32
6684087 104.5 32.5 14 32
6684134 104.5 33 14 32
6684181 104.5 33.5 14 32
6699644 105 32.5 14 32
6699691 105 33 14 32
6699738 105 33.5 14 32
6715201 105.5 32.5 14 32
6715248 105.5 33 14 32
6715295 105.5 33.5 14 32
6730758 106 32.5 14 32
6730805 106 33 14 32
6730852 106 33.5 14 32
6746315 106.5 32.5 14 32
6746362 106.5 33 14 32
6746409 106.5 33.5 14 32
6761872 107 32.5 14 32
6761919 107 33 14 32
6761966 107 33.5 14 32
6777429 107.5 32.5 14 32
6777476 107.5 33 14 32
6777523 107.5 33.5 14 32
6792986 108 32.5 14 32
6793033 108 33 14 32
6793080 108 33.5 14 32
6808543 108.5 32.5 14 32
6808590 108.5 33 14 32
6808637 108.5 33.5 14 32
6824100 109 32.5 14 32
6824147 109 33 14 32
6824194 109 33.5 14 32
6839657 109.5 32.5 14 32
6839704 109.5 33 14 32
6839751 109.5 33.5 14 32
6855214 110 32.5 14 32
6855261 110 33 14 32
6855308 110 33.5 14 32
6870771 110.5 32.5 14 32
6870818 110.5 33 14 32
6870865 110.5 33.5 14 32
6886328 111 32.5 14 32
6886375 111 33 14 32
6886422 111 33.5 14 32
6901885 111.5 32.5 14 32
6901932 111.5 33 14 32
6901979 111.5 33.5 14 32
6917442 112 32.5 14 32
6917489 112 33 14 32
6917536 112 33.5 14 32
6932999 112.5 32.5 14 32
6933046 112.5 33 14 32
6933093 112.5 33.5 14 32
6948556 113 32.5 14 32
6948603 113 33 14 32
6948650 113 33.5 14 32
6964113 113.5 32.5 14 32
6964160 113.5 33 14 32
6964207 113.5 33.5 14 32
6979670 114 32.5 14 32
6979717 114 33 14 32
6979764 114 33.5 14 32
6995227 114.5 32.5 14 32
6995274 114.5 33 14 32
6995321 114.5 33.5 14 32
7010784 115 32.5 14 32
7010831 115 33 14 32
7010878 115 33.5 14 32
7026341 115.5 32.5 14 32
7026388 115.5 33 14 32
7026435 115.5 33.5 14 32
7041898 116 32.5 14 32
7041945 116 33 14 32
7041992 116 33.5 14 32
7057455 116.5 32.5 14 32
7057502 116.5 33 14 32
7057549 116.5 33.5 14 32
7073012 117 32.5 14 32
7073059 117 33 14 32
7073106 117 33.5 14 32
7088569 117.5 32.5 14 32
7088616 117.5 33 14 32
7088663 117.5 33.5 14 32
7104126 118 32.5 14 32
7104173 118 33 14 32
7104220 118 33.5 14 32
7119683 118.5 32.5 14 32
7119730 118.5 33 14 32
7119777 118.5 33.5 14 32
7135240 119 32.5 14 32
7135287 119 33 14 32
7135334 119 33.5 14 32
7150797 119.5 32.5 14 32
7150844 119.5 33 14 32
7150891 119.5 33.5 14 32
7166354 120 32.5 14 32
7166401 120 33 14 32
7166448 120 33.5 14 32
7181911 120.5 32.5 14 32
7181958 120.5 33 14 32
7182005 120.5 33.5 14 32
7197468 121 32.5 14 32
7197515 121 33 14 32
7197562 121 33.5 14 32
7213025 121.5 32.5 14 32
7213072 121.5 33 14 32
7213119 121.5 33.5 14 32
7228582 122 32.5 14 32
7228629 122 33 14 32
7228676 122 33.5 14 32
7244139 122.5 32.5 14 32
7244186 122.5 33 14 32
7244233 122.5 33.5 14 32
7259696 123 32.5 14 32
7259743 123 33 14 32
7259790 123 33.5 14 32
7275253 123.5 32.5 14 32
7275300 123.5 33 14 32
7275347 123.5 33.5 14 32
7290810 124 32.5 14 32
7290857 124 33 14 32
7290904 124 33.5 14 32
7306367 124.5 32.5 14 32
7306414 124.5 33 14 32
7306461 124.5 33.5 14 32
7321924 125 32.5 14 32
7321971 125 33 14 32
7322018 125 33.5 14 32
7337481 125.5 32.5 14 32
7337528 125.5 33 14 32
7337575 125.5 33.5 14 32
7353038 126 32.5 14 32
7353085 126 33 14 32
7353132 126 33.5 14 32
7368595 126.5 32.5 14 32
7368642 126.5 33 14 32
7368689 126.5 33.5 14 32
7384152 127 32.5 14 32
7384199 127 33 14 32
7384246 127 33.5 14 32
7399709 127.5 32.5 14 32
7399756 127.5 33 14 32
7399803 127.5 33.5 14 32
7415266 128 32.5 14 32
7415313 128 33 14 32
7415360 128 33.5 14 32
7430823 128.5 32.5 14 32
7430870 128.5 33 14 32
7430917 128.5 33.5 14 32
7446380 129 32.5 14 32
7446427 129 33 14 32
7446474 129 33.5 14 32
7461937 129.5 32.5 14 32
7461984 129.5 33 14 32
7462031 129.5 33.5 14 32
7477494 130 32.5 14 32
7477541 130 33 14 32
7477588 130 33.5 14 32
7493051 130.5 32.5 14 32
7493098 130.5 33 14 32
7493145 130.5 33.5 14 32
7508608 131 32.5 14 32
7508655 131 33 14 32
7508702 131 33.5 14 32
7524165 131.5 32.5 14 32
7524212 131.5 33 14 32
7524259 131.5 33.5 14 32
7539722 132 32.5 14 32
7539769 132 33 14 32
7539816 132 33.5 14 32
7555279 132.5 32.5 14 32
7555326 132.5 33 14 32
7555373 132.5 33.5 14 32
7570836 133 32.5 14 32
7570883 133 33 14 32
7570930 133 33.5 14 32
7586393 133.5 32.5 14 32
7586440 133.5 33 14 32
7586487 133.5 33.5 14 32
7601950 134 32.5 14 32
7601997 134 33 14 32
7602044 134 33.5 14 32
7617507 134.5 32.5 14 32
7617554 134.5 33 14 32
7617601 134.5 33.5 14 32
7633064 135 32.5 14 32
7633111 135 33 14 32
7633158 135 33.5 14 32
7648621 135.5 32.5 14 32
7648668 135.5 33 14 32
7648715 135.5 33.5 14 32
7664178 136 32.5 14 32
7664225 136 33 14 32
7664272 136 33.5 14 32
7679735 136.5 32.5 14 32
7679782 136.5 33 14 32
7679829 136.5 33.5 14 32
7695292 137 32.5 14 32
7695339 137 33 14 32
7695386 137 33.5 14 32
7710849 137.5 32.5 14 32
7710896 137.5 33 14 32
7710943 137.5 33.5 14 32
7726406 138 32.5 14 32
7726453 138 33 14 32
7726500 138 33.5 14 32
7741963 138.5 32.5 14 32
7742010 138.5 33 14 32
7742057 138.5 33.5 14 32
7757520 139 32.5 14 32
7757567 139 33 14 32
7757614 139 33.5 14 32
7773077 139.5 32.5 14 32
7773124 139.5 33 14 32
7773171 139.5 33.5 14 32
7788634 140 32.5 14 32
7788681 140 33 14 32
7788728 140 33.5 14 32
7804191 140.5 32.5 14 32
7804238 140.5 33 14 32
7804285 140.5 33.5 14 32
7819748 141 32.5 14 32
7819795 141 33 14 32
7819842 141 33.5 14 32
7835305 141.5 32.5 14 32
7835352 141.5 33 14 32
7835399 141.5 33.5 14 32
7850862 142 32.5 14 32
7850909 142 33 14 32
7850956 142 33.5 14 32
7866419 142.5 32.5 14 32
7866466 142.5 33 14 32
7866513 142.5 33.5 14 32
7881976 143 32.5 14 32
7882023 143 33 14 32
7882070 143 33.5 14 32
7897533 143.5 32.5 14 32
7897580 143.5 33 14 32
7897627 143.5 33.5 14 32
7913090 144 32.5 14 32
7913137 144 33 14 32
7913184 144 33.5 14 32
7928647 144.5 32.5 14 32
7928694 144.5 33 14 32
7928741 144.5 33.5 14 32
7944204 145 32.5 14 32
7944251 145 33 14 32
7944298 145 33.5 14 32
7959761 145.5 32.5 14 32
7959808 145.5 33 14 32
7959855 145.5 33.5 14 32
7975318 146 32.5 14 32
7975365 146 33 14 32
7975412 146 33.5 14 32
7990875 146.5 32.5 14 32
7990922 146.5 33 14 32
7990969 146.5 33.5 14 32
8006432 147 32.5 14 32
8006479 147 33 14 32
8006526 147 33.5 14 32
8021989 147.5 32.5 14 32
8022036 147.5 33 14 32
8022083 147.5 33.5 14 32
8037546 148 32.5 14 32
8037593 148 33 14 32
8037640 148 33.5 14 32
8053103 148.5 32.5 14 32
8053150 148.5 33 14 32
8053197 148.5 33.5 14 32
8068660 149 32.5 14 32
8068707 149 33 14 32
8068754 149 33.5 14 32
8084217 149.5 32.5 14 32
8084264 149.5 33 14 32
8084311 149.5 33.5 14 32
8099774 150 32.5 14 32
8099821 150 33 14 32
8099868 150 33.5 14 32
8115331 150.5 32.5 14 32
8115378 150.5 33 14 32
8115425 150.5 33.5 14 32
8130888 151 32.5 14 32
8130935 151 33 14 32
8130982 151 33.5 14 32
8146445 151.5 32.5 14 32
8146492 151.5 33 14 32
8146539 151.5 33.5 14 32
8162002 152 32.5 14 32
8162049 152 33 14 32
8162096 152 33.5 14 32
8177559 152.5 32.5 14 32
8177606 152.5 33 14 32
8177653 152.5 33.5 14 32
8193116 153 32.5 14 32
8193163 153 33 14 32
8193210 153 33.5 14 32
8208673 153.5 32.5 14 32
8208720 153.5 33 14 32
8208767 153.5 33.5 14 32
8224230 154 32.5 14 32
8224277 154 33 14 32
8224324 154 33.5 14 32
8239787 154.5 32.5 14 32
8239834 154.5 33 14 32
8239881 154.5 33.5 14 32
8255344 155 32.5 14 32
8255391 155 33 14 32
8255438 155 33.5 14 32
8270901 155.5 32.5 14 32
8270948 155.5 33 14 32
8270995 155.5 33.5 14 32
8286458 156 32.5 14 32
8286505 156 33 14 32
8286552 156 33.5 14 32
8302015 156.5 32.5 14 32
8302062 156.5 33 14 32
8302109 156.5 33.5 14 32
8317572 157 32.5 14 32
8317619 157 33 14 32
8317666 157 33.5 14 32
8333129 157.5 32.5 14 32
8333176 157.5 33 14 32
8333223 157.5 33.5 14 32
8348686 158 32.5 14 32
8348733 158 33 14 32
8348780 158 33.5 14 32
8364243 158.5 32.5 14 32
8364290 158.5 33 14 32
8364337 158.5 33.5 14 32
8379800 159 32.5 14 32
8379847 159 33 14 32
8379894 159 33.5 14 32
8395357 159.5 32.5 14 32
8395404 159.5 33 14 32
8395451 159.5 33.5 14 32
8410914 160 32.5 14 32
8410961 160 33 14 32
8411008 160 33.5 14 32
8426471 160.5 32.5 14 32
8426518 160.5 33 14 32
8426565 160.5 33.5 14 32
8442028 161 32.5 14 32
8442075 161 33 14 32
8442122 161 33.5 14 32
8457585 161.5 32.5 14 32
8457632 161.5 33 14 32
8457679 161.5 33.5 14 32
8473142 162 32.5 14 32
8473189 162 33 14 32
8473236 162 33.5 14 32
8488699 162.5 32.5 14 32
8488746 162.5 33 14 32
8488793 162.5 33.5 14 32
8504256 163 32.5 14 32
8504303 163 33 14 32
8504350 163 33.5 14 32
8519813 163.5 32.5 14 32
8519860 163.5 33 14 32
8519907 163.5 33.5 14 32
8535370 164 32.5 14 32
8535417 164 33 14 32
8535464 164 33.5 14 32
8550927 164.5 32.5 14 32
8550974 164.5 33 14 32
8551021 164.5 33.5 14 32
8566484 165 32.5 14 32
8566531 165 33 14 32
8566578 165 33.5 14 32
8582041 165.5 32.5 14 32
8582088 165.5 33 14 32
8582135 165.5 33.5 14 32
8597598 166 32.5 14 32
8597645 166 33 14 32
8597692 166 33.5 14 32
8613155 166.5 32.5 14 32
8613202 166.5 33 14 32
8613249 166.5 33.5 14 32
8628712 167 32.5 14 32
8628759 167 33 14 32
8628806 167 33.5 14 32
8644269 167.5 32.5 14 32
8644316 167.5 33 14 32
8644363 167.5 33.5 14 32
8659826 168 32.5 14 32
8659873 168 33 14 32
8659920 168 33.5 14 32
8675383 168.5 32.5 14 32
8675430 168.5 33 14 32
8675477 168.5 33.5 14 32
8690940 169 32.5 14 32
8690987 169 33 14 32
8691034 169 33.5 14 32
8706497 169.5 32.5 14 32
8706544 169.5 33 14 32
8706591 169.5 33.5 14 32
8722054 170 32.5 14 32
8722101 170 33 14 32
8722148 170 33.5 14 32
8737611 170.5 32.5 14 32
8737658 170.5 33 14 32
8737705 170.5 33.5 14 32
8753168 171 32.5 14 32
8753215 171 33 14 32
8753262 171 33.5 14 32
8768725 171.5 32.5 14 32
8768772 171.5 33 14 32
8768819 171.5 33.5 14 32
8784282 172 32.5 14 32
8784329 172 33 14 32
8784376 172 33.5 14 32
8799839 172.5 32.5 14 32
8799886 172.5 33 14 32
8799933 172.5 33.5 14 32
8815396 173 32.5 14 32
8815443 173 33 14 32
8815490 173 33.5 14 32
8830953 173.5 32.5 14 32
8831000 173.5 33 14 32
8831047 173.5 33.5 14 32
8846510 174 32.5 14 32
8846557 174 33 14 32
8846604 174 33.5 14 32
8862067 174.5 32.5 14 32
8862114 174.5 33 14 32
8862161 174.5 33.5 14 32
8877624 175 32.5 14 32
8877671 175 33 14 32
8877718 175 33.5 14 32
8893181 175.5 32.5 14 32
8893228 175.5 33 14 32
8893275 175.5 33.5 14 32
8908738 176 32.5 14 32
8908785 176 33 14 32
8908832 176 33.5 14 32
8924295 176.5 32.5 14 32
8924342 176.5 33 14 32
8924389 176.5 33.5 14 32
8939852 177 32.5 14 32
8939899 177 33 14 32
8939946 177 33.5 14 32
8955409 177.5 32.5 14 32
8955456 177.5 33 14 32
8955503 177.5 33.5 14 32
8970966 178 32.5 14 32
8971013 178 33 14 32
8971060 178 33.5 14 32
8986523 178.5 32.5 14 32
8986570 178.5 33 14 32
8986617 178.5 33.5 14 32
9002080 179 32.5 14 32
9002127 179 33 14 32
9002174 179 33.5 14 32
9017637 179.5 32.5 14 32
9017684 179.5 33 14 32
9017731 179.5 33.5 14 32
9033194 180 32.5 14 32
9033241 180 33 14 32
9033288 180 33.5 14 32
9048751 180.5 32.5 14 32
9048798 180.5 33 14 32
9048845 180.5 33.5 14 32
9064308 181 32.5 14 32
9064355 181 33 14 32
9064402 181 33.5 14 32
9079865 181.5 32.5 14 32
9079912 181.5 33 14 32
9079959 181.5 33.5 14 32
9095422 182 32.5 14 32
9095469 182 33 14 32
9095516 182 33.5 14 32
9110979 182.5 32.5 14 32
9111026 182.5 33 14 32
9111073 182.5 33.5 14 32
9126536 183 32.5 14 32
9126583 183 33 14 32
9126630 183 33.5 14 32
9142093 183.5 32.5 14 32
9142140 183.5 33 14 32
9142187 183.5 33.5 14 32
9157650 184 32.5 14 32
9157697 184 33 14 32
9157744 184 33.5 14 32
9173207 184.5 32.5 14 32
9173254 184.5 33 14 32
9173301 184.5 33.5 14 32
9188764 185 32.5 14 32
9188811 185 33 14 32
9188858 185 33.5 14 32
9204321 185.5 32.5 14 32
9204368 185.5 33 14 32
9204415 185.5 33.5 14 32
9219878 186 32.5 14 32
9219925 186 33 14 32
9219972 186 33.5 14 32
9235435 186.5 32.5 14 32
9235482 186.5 33 14 32
9235529 186.5 33.5 14 32
9250992 187 32.5 14 32
9251039 187 33 14 32
9251086 187 33.5 14 32
9266549 187.5 32.5 14 32
9266596 187.5 33 14 32
9266643 187.5 33.5 14 32
9282106 188 32.5 14 32
9282153 188 33 14 32
9282200 188 33.5 14 32
9297663 188.5 32.5 14 32
9297710 188.5 33 14 32
9297757 188.5 33.5 14 32
9313220 189 32.5 14 32
9313267 189 33 14 32
9313314 189 33.5 14 32
9328777 189.5 32.5 14 32
9328824 189.5 33 14 32
9328871 189.5 33.5 14 32
9344334 190 32.5 14 32
9344381 190 33 14 32
9344428 190 33.5 14 32
9359891 190.5 32.5 14 32
9359938 190.5 33 14 32
9359985 190.5 33.5 14 32
9375448 191 32.5 14 32
9375495 191 33 14 32
9375542 191 33.5 14 32
9391005 191.5 32.5 14 32
9391052 191.5 33 14 32
9391099 191.5 33.5 14 32
9406562 192 32.5 14 32
9406609 192 33 14 32
9406656 192 33.5 14 32
9422119 192.5 32.5 14 32
9422166 192.5 33 14 32
9422213 192.5 33.5 14 32
9437676 193 32.5 14 32
9437723 193 33 14 32
9437770 193 33.5 14 32
9453233 193.5 32.5 14 32
9453280 193.5 33 14 32
9453327 193.5 33.5 14 32
9468790 194 32.5 14 32
9468837 194 33 14 32
9468884 194 33.5 14 32
9484347 194.5 32.5 14 32
9484394 194.5 33 14 32
9484441 194.5 33.5 14 32
9499904 195 32.5 14 32
9499951 195 33 14 32
9499998 195 33.5 14 32
9515461 195.5 32.5 14 32
9515508 195.5 33 14 32
9515555 195.5 33.5 14 32
9531018 196 32.5 14 32
9531065 196 33 14 32
9531112 196 33.5 14 32
9546575 196.5 32.5 14 32
9546622 196.5 33 14 32
9546669 196.5 33.5 14 32
9562132 197 32.5 14 32
9562179 197 33 14 32
9562226 197 33.5 14 32
9577689 197.5 32.5 14 32
9577736 197.5 33 14 32
9577783 197.5 33.5 14 32
9593246 198 32.5 14 32
9593293 198 33 14 32
9593340 198 33.5 14 32
9608803 198.5 32.5 14 32
9608850 198.5 33 14 32
9608897 198.5 33.5 14 32
9624360 199 32.5 14 32
9624407 199 33 14 32
9624454 199 33.5 14 32
9639917 199.5 32.5 14 32
9639964 199.5 33 14 32
9640011 199.5 33.5 14 32
9655474 200 32.5 14 32
9655521 200 33 14 32
9655568 200 33.5 14 32
9671031 200.5 32.5 14 32
9671078 200.5 33 14 32
9671125 200.5 33.5 14 32
9686588 201 32.5 14 32
9686635 201 33 14 32
9686682 201 33.5 14 32
9702145 201.5 32.5 14 32
9702192 201.5 33 14 32
9702239 201.5 33.5 14 32
9717702 202 32.5 14 32
9717749 202 33 14 32
9717796 202 33.5 14 32
9733259 202.5 32.5 14 32
