3599948 5.5 -8.5 14.5 27
3599995 5.5 -8 14.5 27
3615505 6 -8.5 14.5 27
3615552 6 -8 14.5 27
3631062 6.5 -8.5 14.5 27
3631109 6.5 -8 14.5 27
3646619 7 -8.5 14.5 27
3646666 7 -8 14.5 27
3662176 7.5 -8.5 14.5 27
3662223 7.5 -8 14.5 27
3677733 8 -8.5 14.5 27
3677780 8 -8 14.5 27
3693290 8.5 -8.5 14.5 27
3693337 8.5 -8 14.5 27
3708847 9 -8.5 14.5 27
3708894 9 -8 14.5 27
3724404 9.5 -8.5 14.5 27
3724451 9.5 -8 14.5 27
3739961 10 -8.5 14.5 27
3740008 10 -8 14.5 27
3755518 10.5 -8.5 14.5 27
3755565 10.5 -8 14.5 27
3771075 11 -8.5 14.5 27
3771122 11 -8 14.5 27
3786632 11.5 -8.5 14.5 27
3786679 11.5 -8 14.5 27
3802189 12 -8.5 14.5 27
3802236 12 -8 14.5 27
3817746 12.5 -8.5 14.5 27
3817793 12.5 -8 14.5 27
3833303 13 -8.5 14.5 27
3833350 13 -8 14.5 27
3848860 13.5 -8.5 14.5 27
3848907 13.5 -8 14.5 27
3864417 14 -8.5 14.5 27
3864464 14 -8 14.5 27
3879974 14.5 -8.5 14.5 27
3880021 14.5 -8 14.5 27
3895531 15 -8.5 14.5 27
3895578 15 -8 14.5 27
3911088 15.5 -8.5 14.5 27
3911135 15.5 -8 14.5 27
3926645 16 -8.5 14.5 27
3926692 16 -8 14.5 27
3942202 16.5 -8.5 14.5 27
3942249 16.5 -8 14.5 27
3957759 17 -8.5 14.5 27
3957806 17 -8 14.5 27
3973316 17.5 -8.5 14.5 27
3973363 17.5 -8 14.5 27
3988873 18 -8.5 14.5 27
3988920 18 -8 14.5 27
4004430 18.5 -8.5 14.5 27
4004477 18.5 -8 14.5 27
4019987 19 -8.5 14.5 27
4020034 19 -8 14.5 27
4035544 19.5 -8.5 14.5 27
4035591 19.5 -8 14.5 27
4051101 20 -8.5 14.5 27
4051148 20 -8 14.5 27
4066658 20.5 -8.5 14.5 27
4066705 20.5 -8 14.5 27
4082215 21 -8.5 14.5 27
4082262 21 -8 14.5 27
4097772 21.5 -8.5 14.5 27
4097819 21.5 -8 14.5 27
4113329 22 -8.5 14.5 27
4113376 22 -8 14.5 27
4128886 22.5 -8.5 14.5 27
4128933 22.5 -8 14.5 27
4144443 23 -8.5 14.5 27
4144490 23 -8 14.5 27
4160000 23.5 -8.5 14.5 27
4160047 23.5 -8 14.5 27
4175557 24 -8.5 14.5 27
4175604 24 -8 14.5 27
4191114 24.5 -8.5 14.5 27
4191161 24.5 -8 14.5 27
4206671 25 -8.5 14.5 27
4206718 25 -8 14.5 27
4222228 25.5 -8.5 14.5 27
4222275 25.5 -8 14.5 27
4237785 26 -8.5 14.5 27
4237832 26 -8 14.5 27
4253342 26.5 -8.5 14.5 27
4253389 26.5 -8 14.5 27
4268899 27 -8.5 14.5 27
4268946 27 -8 14.5 27
4284456 27.5 -8.5 14.5 27
4284503 27.5 -8 14.5 27
4300013 28 -8.5 14.5 27
4300060 28 -8 14.5 27
4315570 28.5 -8.5 14.5 27
4315617 28.5 -8 14.5 27
4331127 29 -8.5 14.5 27
4331174 29 -8 14.5 27
4346684 29.5 -8.5 14.5 27
4346731 29.5 -8 14.5 27
4362241 30 -8.5 14.5 27
4362288 30 -8 14.5 27
4377798 30.5 -8.5 14.5 27
4377845 30.5 -8 14.5 27
4393355 31 -8.5 14.5 27
4393402 31 -8 14.5 27
4408912 31.5 -8.5 14.5 27
4408959 31.5 -8 14.5 27
4424469 32 -8.5 14.5 27
4424516 32 -8 14.5 27
4440026 32.5 -8.5 14.5 27
4440073 32.5 -8 14.5 27
4455583 33 -8.5 14.5 27
4455630 33 -8 14.5 27
4471140 33.5 -8.5 14.5 27
4471187 33.5 -8 14.5 27
4486697 34 -8.5 14.5 27
4486744 34 -8 14.5 27
4502254 34.5 -8.5 14.5 27
4502301 34.5 -8 14.5 27
4517811 35 -8.5 14.5 27
4517858 35 -8 14.5 27
4533368 35.5 -8.5 14.5 27
4533415 35.5 -8 14.5 27
4548925 36 -8.5 14.5 27
4548972 36 -8 14.5 27
4564482 36.5 -8.5 14.5 27
4564529 36.5 -8 14.5 27
4580039 37 -8.5 14.5 27
4580086 37 -8 14.5 27
4595596 37.5 -8.5 14.5 27
4595643 37.5 -8 14.5 27
4611153 38 -8.5 14.5 27
4611200 38 -8 14.5 27
4626710 38.5 -8.5 14.5 27
4626757 38.5 -8 14.5 27
4642267 39 -8.5 14.5 27
4642314 39 -8 14.5 27
4657824 39.5 -8.5 14.5 27
4657871 39.5 -8 14.5 27
4673381 40 -8.5 14.5 27
4673428 40 -8 14.5 27
4688938 40.5 -8.5 14.5 27
4688985 40.5 -8 14.5 27
4704495 41 -8.5 14.5 27
4704542 41 -8 14.5 27
4720052 41.5 -8.5 14.5 27
4720099 41.5 -8 14.5 27
4735609 42 -8.5 14.5 27
4735656 42 -8 14.5 27
4751166 42.5 -8.5 14.5 27
4751213 42.5 -8 14.5 27
4766723 43 -8.5 14.5 27
4766770 43 -8 14.5 27
4782280 43.5 -8.5 14.5 27
4782327 43.5 -8 14.5 27
4797837 44 -8.5 14.5 27
4797884 44 -8 14.5 27
4813394 44.5 -8.5 14.5 27
4813441 44.5 -8 14.5 27
4828951 45 -8.5 14.5 27
4828998 45 -8 14.5 27
4844508 45.5 -8.5 14.5 27
4844555 45.5 -8 14.5 27
4860065 46 -8.5 14.5 27
4860112 46 -8 14.5 27
4875622 46.5 -8.5 14.5 27
4875669 46.5 -8 14.5 27
4891179 47 -8.5 14.5 27
4891226 47 -8 14.5 27
4906736 47.5 -8.5 14.5 27
4906783 47.5 -8 14.5 27
4922293 48 -8.5 14.5 27
4922340 48 -8 14.5 27
4937850 48.5 -8.5 14.5 27
4937897 48.5 -8 14.5 27
4953407 49 -8.5 14.5 27
4953454 49 -8 14.5 27
4968964 49.5 -8.5 14.5 27
4969011 49.5 -8 14.5 27
4984521 50 -8.5 14.5 27
4984568 50 -8 14.5 27
5000078 50.5 -8.5 14.5 27
5000125 50.5 -8 14.5 27
5015635 51 -8.5 14.5 27
5015682 51 -8 14.5 27
5031192 51.5 -8.5 14.5 27
5031239 51.5 -8 14.5 27
5046749 52 -8.5 14.5 27
5046796 52 -8 14.5 27
5062306 52.5 -8.5 14.5 27
5062353 52.5 -8 14.5 27
5077863 53 -8.5 14.5 27
5077910 53 -8 14.5 27
5093420 53.5 -8.5 14.5 27
5093467 53.5 -8 14.5 27
5108977 54 -8.5 14.5 27
5109024 54 -8 14.5 27
5124534 54.5 -8.5 14.5 27
5124581 54.5 -8 14.5 27
5140091 55 -8.5 14.5 27
5140138 55 -8 14.5 27
5155648 55.5 -8.5 14.5 27
5155695 55.5 -8 14.5 27
5171205 56 -8.5 14.5 27
5171252 56 -8 14.5 27
5186762 56.5 -8.5 14.5 27
5186809 56.5 -8 14.5 27
5202319 57 -8.5 14.5 27
5202366 57 -8 14.5 27
5217876 57.5 -8.5 14.5 27
5217923 57.5 -8 14.5 27
5233433 58 -8.5 14.5 27
5233480 58 -8 14.5 27
5248990 58.5 -8.5 14.5 27
5249037 58.5 -8 14.5 27
5264547 59 -8.5 14.5 27
5264594 59 -8 14.5 27
5280104 59.5 -8.5 14.5 27
5280151 59.5 -8 14.5 27
5295661 60 -8.5 14.5 27
5295708 60 -8 14.5 27
5311218 60.5 -8.5 14.5 27
5311265 60.5 -8 14.5 27
5326775 61 -8.5 14.5 27
5326822 61 -8 14.5 27
5342332 61.5 -8.5 14.5 27
5342379 61.5 -8 14.5 27
5357889 62 -8.5 14.5 27
5357936 62 -8 14.5 27
5373446 62.5 -8.5 14.5 27
5373493 62.5 -8 14.5 27
5389003 63 -8.5 14.5 27
5389050 63 -8 14.5 27
5404560 63.5 -8.5 14.5 27
5404607 63.5 -8 14.5 27
5420117 64 -8.5 14.5 27
5420164 64 -8 14.5 27
5435674 64.5 -8.5 14.5 27
5435721 64.5 -8 14.5 27
5451231 65 -8.5 14.5 27
5451278 65 -8 14.5 27
5466788 65.5 -8.5 14.5 27
5466835 65.5 -8 14.5 27
5482345 66 -8.5 14.5 27
5482392 66 -8 14.5 27
5497902 66.5 -8.5 14.5 27
5497949 66.5 -8 14.5 27
5513459 67 -8.5 14.5 27
5513506 67 -8 14.5 27
5529016 67.5 -8.5 14.5 27
5529063 67.5 -8 14.5 27
5544573 68 -8.5 14.5 27
5544620 68 -8 14.5 27
5560130 68.5 -8.5 14.5 27
5560177 68.5 -8 14.5 27
5575687 69 -8.5 14.5 27
5575734 69 -8 14.5 27
5591244 69.5 -8.5 14.5 27
5591291 69.5 -8 14.5 27
5606801 70 -8.5 14.5 27
5606848 70 -8 14.5 27
5622358 70.5 -8.5 14.5 27
5622405 70.5 -8 14.5 27
5637915 71 -8.5 14.5 27
5637962 71 -8 14.5 27
5653472 71.5 -8.5 14.5 27
5653519 71.5 -8 14.5 27
5669029 72 -8.5 14.5 27
5669076 72 -8 14.5 27
5684586 72.5 -8.5 14.5 27
5684633 72.5 -8 14.5 27
5700143 73 -8.5 14.5 27
5700190 73 -8 14.5 27
5715700 73.5 -8.5 14.5 27
5715747 73.5 -8 14.5 27
5731257 74 -8.5 14.5 27
5731304 74 -8 14.5 27
5746814 74.5 -8.5 14.5 27
5746861 74.5 -8 14.5 27
5762371 75 -8.5 14.5 27
5762418 75 -8 14.5 27
5777928 75.5 -8.5 14.5 27
5777975 75.5 -8 14.5 27
5793485 76 -8.5 14.5 27
5793532 76 -8 14.5 27
5809042 76.5 -8.5 14.5 27
5809089 76.5 -8 14.5 27
5824599 77 -8.5 14.5 27
5824646 77 -8 14.5 27
5840156 77.5 -8.5 14.5 27
5840203 77.5 -8 14.5 27
5855713 78 -8.5 14.5 27
5855760 78 -8 14.5 27
5871270 78.5 -8.5 14.5 27
5871317 78.5 -8 14.5 27
5886827 79 -8.5 14.5 27
5886874 79 -8 14.5 27
5902384 79.5 -8.5 14.5 27
5902431 79.5 -8 14.5 27
5917941 80 -8.5 14.5 27
5917988 80 -8 14.5 27
5933498 80.5 -8.5 14.5 27
5933545 80.5 -8 14.5 27
5949055 81 -8.5 14.5 27
5949102 81 -8 14.5 27
5964612 81.5 -8.5 14.5 27
5964659 81.5 -8 14.5 27
5980169 82 -8.5 14.5 27
5980216 82 -8 14.5 27
5995726 82.5 -8.5 14.5 27
5995773 82.5 -8 14.5 27
6011283 83 -8.5 14.5 27
6011330 83 -8 14.5 27
6026840 83.5 -8.5 14.5 27
6026887 83.5 -8 14.5 27
6042397 84 -8.5 14.5 27
6042444 84 -8 14.5 27
6057954 84.5 -8.5 14.5 27
6058001 84.5 -8 14.5 27
6073511 85 -8.5 14.5 27
6073558 85 -8 14.5 27
6089068 85.5 -8.5 14.5 27
6089115 85.5 -8 14.5 27
6104625 86 -8.5 14.5 27
6104672 86 -8 14.5 27
6120182 86.5 -8.5 14.5 27
6120229 86.5 -8 14.5 27
6135739 87 -8.5 14.5 27
6135786 87 -8 14.5 27
6151296 87.5 -8.5 14.5 27
6151343 87.5 -8 14.5 27
6166853 88 -8.5 14.5 27
6166900 88 -8 14.5 27
6182410 88.5 -8.5 14.5 27
6182457 88.5 -8 14.5 27
6197967 89 -8.5 14.5 27
6198014 89 -8 14.5 27
6213524 89.5 -8.5 14.5 27
6213571 89.5 -8 14.5 27
6229081 90 -8.5 14.5 27
6229128 90 -8 14.5 27
6244638 90.5 -8.5 14.5 27
6244685 90.5 -8 14.5 27
6260195 91 -8.5 14.5 27
6260242 91 -8 14.5 27
6275752 91.5 -8.5 14.5 27
6275799 91.5 -8 14.5 27
6291309 92 -8.5 14.5 27
6291356 92 -8 14.5 27
6306866 92.5 -8.5 14.5 27
6306913 92.5 -8 14.5 27
6322423 93 -8.5 14.5 27
6322470 93 -8 14.5 27
6337980 93.5 -8.5 14.5 27
6338027 93.5 -8 14.5 27
6353537 94 -8.5 14.5 27
6353584 94 -8 14.5 27
6369094 94.5 -8.5 14.5 27
6369141 94.5 -8 14.5 27
6384651 95 -8.5 14.5 27
6384698 95 -8 14.5 27
6400208 95.5 -8.5 14.5 27
6400255 95.5 -8 14.5 27
6415765 96 -8.5 14.5 27
6415812 96 -8 14.5 27
6431322 96.5 -8.5 14.5 27
6431369 96.5 -8 14.5 27
6446879 97 -8.5 14.5 27
6446926 97 -8 14.5 27
6462436 97.5 -8.5 14.5 27
6462483 97.5 -8 14.5 27
6477993 98 -8.5 14.5 27
6478040 98 -8 14.5 27
6493550 98.5 -8.5 14.5 27
6493597 98.5 -8 14.5 27
6509107 99 -8.5 14.5 27
6509154 99 -8 14.5 27
6524664 99.5 -8.5 14.5 27
6524711 99.5 -8 14.5 27
6540221 100 -8.5 14.5 27
6540268 100 -8 14.5 27
6555778 100.5 -8.5 14.5 27
6555825 100.5 -8 14.5 27
6571335 101 -8.5 14.5 27
6571382 101 -8 14.5 27
6586892 101.5 -8.5 14.5 27
6586939 101.5 -8 14.5 27
6602449 102 -8.5 14.5 27
6602496 102 -8 14.5 27
6618006 102.5 -8.5 14.5 27
6618053 102.5 -8 14.5 27
6633563 103 -8.5 14.5 27
6633610 103 -8 14.5 27
6649120 103.5 -8.5 14.5 27
6649167 103.5 -8 14.5 27
6664677 104 -8.5 14.5 27
6664724 104 -8 14.5 27
6680234 104.5 -8.5 14.5 27
6680281 104.5 -8 14.5 27
6695791 105 -8.5 14.5 27
6695838 105 -8 14.5 27
6711348 105.5 -8.5 14.5 27
6711395 105.5 -8 14.5 27
6726905 106 -8.5 14.5 27
6726952 106 -8 14.5 27
6742462 106.5 -8.5 14.5 27
6742509 106.5 -8 14.5 27
6758019 107 -8.5 14.5 27
6758066 107 -8 14.5 27
6773576 107.5 -8.5 14.5 27
6773623 107.5 -8 14.5 27
6789133 108 -8.5 14.5 27
6789180 108 -8 14.5 27
6804690 108.5 -8.5 14.5 27
6804737 108.5 -8 14.5 27
6820247 109 -8.5 14.5 27
6820294 109 -8 14.5 27
6835804 109.5 -8.5 14.5 27
6835851 109.5 -8 14.5 27
6851361 110 -8.5 14.5 27
6851408 110 -8 14.5 27
6866918 110.5 -8.5 14.5 27
6866965 110.5 -8 14.5 27
6882475 111 -8.5 14.5 27
6882522 111 -8 14.5 27
6898032 111.5 -8.5 14.5 27
6898079 111.5 -8 14.5 27
6913589 112 -8.5 14.5 27
6913636 112 -8 14.5 27
6929146 112.5 -8.5 14.5 27
6929193 112.5 -8 14.5 27
6944703 113 -8.5 14.5 27
6944750 113 -8 14.5 27
6960260 113.5 -8.5 14.5 27
6960307 113.5 -8 14.5 27
6975817 114 -8.5 14.5 27
6975864 114 -8 14.5 27
6991374 114.5 -8.5 14.5 27
6991421 114.5 -8 14.5 27
7006931 115 -8.5 14.5 27
7006978 115 -8 14.5 27
7022488 115.5 -8.5 14.5 27
7022535 115.5 -8 14.5 27
7038045 116 -8.5 14.5 27
7038092 116 -8 14.5 27
7053602 116.5 -8.5 14.5 27
7053649 116.5 -8 14.5 27
7069159 117 -8.5 14.5 27
7069206 117 -8 14.5 27
7084716 117.5 -8.5 14.5 27
7084763 117.5 -8 14.5 27
7100273 118 -8.5 14.5 27
7100320 118 -8 14.5 27
7115830 118.5 -8.5 14.5 27
7115877 118.5 -8 14.5 27
7131387 119 -8.5 14.5 27
7131434 119 -8 14.5 27
7146944 119.5 -8.5 14.5 27
7146991 119.5 -8 14.5 27
7162501 120 -8.5 14.5 27
7162548 120 -8 14.5 27
7178058 120.5 -8.5 14.5 27
7178105 120.5 -8 14.5 27
7193615 121 -8.5 14.5 27
7193662 121 -8 14.5 27
7209172 121.5 -8.5 14.5 27
7209219 121.5 -8 14.5 27
7224729 122 -8.5 14.5 27
7224776 122 -8 14.5 27
7240286 122.5 -8.5 14.5 27
7240333 122.5 -8 14.5 27
7255843 123 -8.5 14.5 27
7255890 123 -8 14.5 27
7271400 123.5 -8.5 14.5 27
7271447 123.5 -8 14.5 27
7286957 124 -8.5 14.5 27
7287004 124 -8 14.5 27
7302514 124.5 -8.5 14.5 27
7302561 124.5 -8 14.5 27
7318071 125 -8.5 14.5 27
7318118 125 -8 14.5 27
7333628 125.5 -8.5 14.5 27
7333675 125.5 -8 14.5 27
7349185 126 -8.5 14.5 27
7349232 126 -8 14.5 27
7364742 126.5 -8.5 14.5 27
7364789 126.5 -8 14.5 27
7380299 127 -8.5 14.5 27
7380346 127 -8 14.5 27
7395856 127.5 -8.5 14.5 27
7395903 127.5 -8 14.5 27
7411413 128 -8.5 14.5 27
7411460 128 -8 14.5 27
7426970 128.5 -8.5 14.5 27
7427017 128.5 -8 14.5 27
7442527 129 -8.5 14.5 27
7442574 129 -8 14.5 27
7458084 129.5 -8.5 14.5 27
7458131 129.5 -8 14.5 27
7473641 130 -8.5 14.5 27
7473688 130 -8 14.5 27
7489198 130.5 -8.5 14.5 27
7489245 130.5 -8 14.5 27
7504755 131 -8.5 14.5 27
7504802 131 -8 14.5 27
7520312 131.5 -8.5 14.5 27
7520359 131.5 -8 14.5 27
7535869 132 -8.5 14.5 27
7535916 132 -8 14.5 27
7551426 132.5 -8.5 14.5 27
7551473 132.5 -8 14.5 27
7566983 133 -8.5 14.5 27
7567030 133 -8 14.5 27
7582540 133.5 -8.5 14.5 27
7582587 133.5 -8 14.5 27
7598097 134 -8.5 14.5 27
7598144 134 -8 14.5 27
7613654 134.5 -8.5 14.5 27
7613701 134.5 -8 14.5 27
7629211 135 -8.5 14.5 27
7629258 135 -8 14.5 27
7644768 135.5 -8.5 14.5 27
7644815 135.5 -8 14.5 27
7660325 136 -8.5 14.5 27
7660372 136 -8 14.5 27
7675882 136.5 -8.5 14.5 27
7675929 136.5 -8 14.5 27
7691439 137 -8.5 14.5 27
7691486 137 -8 14.5 27
7706996 137.5 -8.5 14.5 27
7707043 137.5 -8 14.5 27
7722553 138 -8.5 14.5 27
7722600 138 -8 14.5 27
7738110 138.5 -8.5 14.5 27
7738157 138.5 -8 14.5 27
7753667 139 -8.5 14.5 27
7753714 139 -8 14.5 27
7769224 139.5 -8.5 14.5 27
7769271 139.5 -8 14.5 27
7784781 140 -8.5 14.5 27
7784828 140 -8 14.5 27
7800338 140.5 -8.5 14.5 27
7800385 140.5 -8 14.5 27
7815895 141 -8.5 14.5 27
7815942 141 -8 14.5 27
7831452 141.5 -8.5 14.5 27
7831499 141.5 -8 14.5 27
7847009 142 -8.5 14.5 27
7847056 142 -8 14.5 27
7862566 142.5 -8.5 14.5 27
7862613 142.5 -8 14.5 27
7878123 143 -8.5 14.5 27
7878170 143 -8 14.5 27
7893680 143.5 -8.5 14.5 27
7893727 143.5 -8 14.5 27
7909237 144 -8.5 14.5 27
7909284 144 -8 14.5 27
7924794 144.5 -8.5 14.5 27
7924841 144.5 -8 14.5 27
7940351 145 -8.5 14.5 27
7940398 145 -8 14.5 27
7955908 145.5 -8.5 14.5 27
7955955 145.5 -8 14.5 27
7971465 146 -8.5 14.5 27
7971512 146 -8 14.5 27
7987022 146.5 -8.5 14.5 27
7987069 146.5 -8 14.5 27
8002579 147 -8.5 14.5 27
8002626 147 -8 14.5 27
8018136 147.5 -8.5 14.5 27
8018183 147.5 -8 14.5 27
8033693 148 -8.5 14.5 27
8033740 148 -8 14.5 27
8049250 148.5 -8.5 14.5 27
8049297 148.5 -8 14.5 27
8064807 149 -8.5 14.5 27
8064854 149 -8 14.5 27
8080364 149.5 -8.5 14.5 27
8080411 149.5 -8 14.5 27
8095921 150 -8.5 14.5 27
8095968 150 -8 14.5 27
8111478 150.5 -8.5 14.5 27
8111525 150.5 -8 14.5 27
8127035 151 -8.5 14.5 27
8127082 151 -8 14.5 27
8142592 151.5 -8.5 14.5 27
8142639 151.5 -8 14.5 27
8158149 152 -8.5 14.5 27
8158196 152 -8 14.5 27
8173706 152.5 -8.5 14.5 27
8173753 152.5 -8 14.5 27
8189263 153 -8.5 14.5 27
8189310 153 -8 14.5 27
8204820 153.5 -8.5 14.5 27
8204867 153.5 -8 14.5 27
8220377 154 -8.5 14.5 27
8220424 154 -8 14.5 27
8235934 154.5 -8.5 14.5 27
8235981 154.5 -8 14.5 27
8251491 155 -8.5 14.5 27
8251538 155 -8 14.5 27
8267048 155.5 -8.5 14.5 27
8267095 155.5 -8 14.5 27
8282605 156 -8.5 14.5 27
8282652 156 -8 14.5 27
8298162 156.5 -8.5 14.5 27
8298209 156.5 -8 14.5 27
8313719 157 -8.5 14.5 27
8313766 157 -8 14.5 27
8329276 157.5 -8.5 14.5 27
8329323 157.5 -8 14.5 27
8344833 158 -8.5 14.5 27
8344880 158 -8 14.5 27
8360390 158.5 -8.5 14.5 27
8360437 158.5 -8 14.5 27
8375947 159 -8.5 14.5 27
8375994 159 -8 14.5 27
8391504 159.5 -8.5 14.5 27
8391551 159.5 -8 14.5 27
8407061 160 -8.5 14.5 27
8407108 160 -8 14.5 27
8422618 160.5 -8.5 14.5 27
8422665 160.5 -8 14.5 27
8438175 161 -8.5 14.5 27
8438222 161 -8 14.5 27
8453732 161.5 -8.5 14.5 27
8453779 161.5 -8 14.5 27
8469289 162 -8.5 14.5 27
8469336 162 -8 14.5 27
8484846 162.5 -8.5 14.5 27
8484893 162.5 -8 14.5 27
8500403 163 -8.5 14.5 27
8500450 163 -8 14.5 27
8515960 163.5 -8.5 14.5 27
8516007 163.5 -8 14.5 27
8531517 164 -8.5 14.5 27
8531564 164 -8 14.5 27
8547074 164.5 -8.5 14.5 27
8547121 164.5 -8 14.5 27
8562631 165 -8.5 14.5 27
8562678 165 -8 14.5 27
8578188 165.5 -8.5 14.5 27
8578235 165.5 -8 14.5 27
8593745 166 -8.5 14.5 27
8593792 166 -8 14.5 27
8609302 166.5 -8.5 14.5 27
8609349 166.5 -8 14.5 27
8624859 167 -8.5 14.5 27
8624906 167 -8 14.5 27
8640416 167.5 -8.5 14.5 27
8640463 167.5 -8 14.5 27
8655973 168 -8.5 14.5 27
8656020 168 -8 14.5 27
8671530 168.5 -8.5 14.5 27
8671577 168.5 -8 14.5 27
8687087 169 -8.5 14.5 27
8687134 169 -8 14.5 27
8702644 169.5 -8.5 14.5 27
8702691 169.5 -8 14.5 27
8718201 170 -8.5 14.5 27
8718248 170 -8 14.5 27
8733758 170.5 -8.5 14.5 27
8733805 170.5 -8 14.5 27
8749315 171 -8.5 14.5 27
8749362 171 -8 14.5 27
8764872 171.5 -8.5 14.5 27
8764919 171.5 -8 14.5 27
8780429 172 -8.5 14.5 27
8780476 172 -8 14.5 27
8795986 172.5 -8.5 14.5 27
8796033 172.5 -8 14.5 27
8811543 173 -8.5 14.5 27
8811590 173 -8 14.5 27
8827100 173.5 -8.5 14.5 27
8827147 173.5 -8 14.5 27
8842657 174 -8.5 14.5 27
8842704 174 -8 14.5 27
8858214 174.5 -8.5 14.5 27
8858261 174.5 -8 14.5 27
8873771 175 -8.5 14.5 27
8873818 175 -8 14.5 27
8889328 175.5 -8.5 14.5 27
8889375 175.5 -8 14.5 27
8904885 176 -8.5 14.5 27
8904932 176 -8 14.5 27
8920442 176.5 -8.5 14.5 27
8920489 176.5 -8 14.5 27
8935999 177 -8.5 14.5 27
8936046 177 -8 14.5 27
8951556 177.5 -8.5 14.5 27
8951603 177.5 -8 14.5 27
8967113 178 -8.5 14.5 27
8967160 178 -8 14.5 27
8982670 178.5 -8.5 14.5 27
8982717 178.5 -8 14.5 27
8998227 179 -8.5 14.5 27
8998274 179 -8 14.5 27
9013784 179.5 -8.5 14.5 27
9013831 179.5 -8 14.5 27
9029341 180 -8.5 14.5 27
9029388 180 -8 14.5 27
9044898 180.5 -8.5 14.5 27
9044945 180.5 -8 14.5 27
9060455 181 -8.5 14.5 27
9060502 181 -8 14.5 27
9076012 181.5 -8.5 14.5 27
9076059 181.5 -8 14.5 27
9091569 182 -8.5 14.5 27
9091616 182 -8 14.5 27
9107126 182.5 -8.5 14.5 27
9107173 182.5 -8 14.5 27
9122683 183 -8.5 14.5 27
9122730 183 -8 14.5 27
9138240 183.5 -8.5 14.5 27
9138287 183.5 -8 14.5 27
9153797 184 -8.5 14.5 27
9153844 184 -8 14.5 27
9169354 184.5 -8.5 14.5 27
9169401 184.5 -8 14.5 27
9184911 185 -8.5 14.5 27
9184958 185 -8 14.5 27
9200468 185.5 -8.5 14.5 27
9200515 185.5 -8 14.5 27
9216025 186 -8.5 14.5 27
9216072 186 -8 14.5 27
9231582 186.5 -8.5 14.5 27
9231629 186.5 -8 14.5 27
9247139 187 -8.5 14.5 27
9247186 187 -8 14.5 27
9262696 187.5 -8.5 14.5 27
9262743 187.5 -8 14.5 27
9278253 188 -8.5 14.5 27
9278300 188 -8 14.5 27
9293810 188.5 -8.5 14.5 27
9293857 188.5 -8 14.5 27
9309367 189 -8.5 14.5 27
9309414 189 -8 14.5 27
9324924 189.5 -8.5 14.5 27
9324971 189.5 -8 14.5 27
9340481 190 -8.5 14.5 27
9340528 190 -8 14.5 27
9356038 190.5 -8.5 14.5 27
9356085 190.5 -8 14.5 27
9371595 191 -8.5 14.5 27
9371642 191 -8 14.5 27
9387152 191.5 -8.5 14.5 27
9387199 191.5 -8 14.5 27
9402709 192 -8.5 14.5 27
9402756 192 -8 14.5 27
9418266 192.5 -8.5 14.5 27
9418313 192.5 -8 14.5 27
9433823 193 -8.5 14.5 27
9433870 193 -8 14.5 27
9449380 193.5 -8.5 14.5 27
9449427 193.5 -8 14.5 27
9464937 194 -8.5 14.5 27
9464984 194 -8 14.5 27
9480494 194.5 -8.5 14.5 27
9480541 194.5 -8 14.5 27
9496051 195 -8.5 14.5 27
9496098 195 -8 14.5 27
9511608 195.5 -8.5 14.5 27
9511655 195.5 -8 14.5 27
9527165 196 -8.5 14.5 27
9527212 196 -8 14.5 27
9542722 196.5 -8.5 14.5 27
9542769 196.5 -8 14.5 27
9558279 197 -8.5 14.5 27
9558326 197 -8 14.5 27
9573836 197.5 -8.5 14.5 27
9573883 197.5 -8 14.5 27
9589393 198 -8.5 14.5 27
9589440 198 -8 14.5 27
9604950 198.5 -8.5 14.5 27
9604997 198.5 -8 14.5 27
9620507 199 -8.5 14.5 27
9620554 199 -8 14.5 27
9636064 199.5 -8.5 14.5 27
9636111 199.5 -8 14.5 27
9651621 200 -8.5 14.5 27
9651668 200 -8 14.5 27
9667178 200.5 -8.5 14.5 27
9667225 200.5 -8 14.5 27
9682735 201 -8.5 14.5 27
9682782 201 -8 14.5 27
9698292 201.5 -8.5 14.5 27
9698339 201.5 -8 14.5 27
9713849 202 -8.5 14.5 27
9713896 202 -8 14.5 27
9729406 202.5 -8.5 14.5 27
9729453 202.5 -8 14.5 27
9744963 203 -8.5 14.5 27
9745010 203 -8 14.5 27
9760520 203.5 -8.5 14.5 27
9760567 203.5 -8 14.5 27
9776077 204 -8.5 14.5 27
9776124 204 -8 14.5 27
9791634 204.5 -8.5 14.5 27
9791681 204.5 -8 14.5 27
9807191 205 -8.5 14.5 27
9807238 205 -8 14.5 27
9822748 205.5 -8.5 14.5 27
9822795 205.5 -8 14.5 27
9838305 206 -8.5 14.5 27
9838352 206 -8 14.5 27
9853862 206.5 -8.5 14.5 27
9853909 206.5 -8 14.5 27
9869419 207 -8.5 14.5 27
9869466 207 -8 14.5 27
9884976 207.5 -8.5 14.5 27
9885023 207.5 -8 14.5 27
9900533 208 -8.5 14.5 27
9900580 208 -8 14.5 27
9916090 208.5 -8.5 14.5 27
9916137 208.5 -8 14.5 27
9931647 209 -8.5 14.5 27
9931694 209 -8 14.5 27
9947204 209.5 -8.5 14.5 27
9947251 209.5 -8 14.5 27
9962761 210 -8.5 14.5 27
9962808 210 -8 14.5 27
9978318 210.5 -8.5 14.5 27
9978365 210.5 -8 14.5 27
9993875 211 -8.5 14.5 27
9993922 211 -8 14.5 27
10009432 211.5 -8.5 14.5 27
10009479 211.5 -8 14.5 27
10024989 212 -8.5 14.5 27
10025036 212 -8 14.5 27
10040546 212.5 -8.5 14.5 27
10040593 212.5 -8 14.5 27
10056103 213 -8.5 14.5 27
10056150 213 -8 14.5 27
10071660 213.5 -8.5 14.5 27
10071707 213.5 -8 14.5 27
10087217 214 -8.5 14.5 27
10087264 214 -8 14.5 27
10102774 214.5 -8.5 14.5 27
10102821 214.5 -8 14.5 27
10118331 215 -8.5 14.5 27
10118378 215 -8 14.5 27
10133888 215.5 -8.5 14.5 27
10133935 215.5 -8 14.5 27
10149445 216 -8.5 14.5 27
10149492 216 -8 14.5 27
10165002 216.5 -8.5 14.5 27
10165049 216.5 -8 14.5 27
10180559 217 -8.5 14.5 27
10180606 217 -8 14.5 27
10196116 217.5 -8.5 14.5 27
10196163 217.5 -8 14.5 27
10211673 218 -8.5 14.5 27
10211720 218 -8 14.5 27
10227230 218.5 -8.5 14.5 27
10227277 218.5 -8 14.5 27
10242787 219 -8.5 14.5 27
10242834 219 -8 14.5 27
10258344 219.5 -8.5 14.5 27
10258391 219.5 -8 14.5 27
10273901 220 -8.5 14.5 27
10273948 220 -8 14.5 27
10289458 220.5 -8.5 14.5 27
10289505 220.5 -8 14.5 27
10305015 221 -8.5 14.5 27
10305062 221 -8 14.5 27
10320572 221.5 -8.5 14.5 27
10320619 221.5 -8 14.5 27
10336129 222 -8.5 14.5 27
10336176 222 -8 14.5 27
10351686 222.5 -8.5 14.5 27
10351733 222.5 -8 14.5 27
10367243 223 -8.5 14.5 27
10367290 223 -8 14.5 27
10382800 223.5 -8.5 14.5 27
10382847 223.5 -8 14.5 27
10398357 224 -8.5 14.5 27
10398404 224 -8 14.5 27
10413914 224.5 -8.5 14.5 27
10413961 224.5 -8 14.5 27
10429471 225 -8.5 14.5 27
10429518 225 -8 14.5 27
10445028 225.5 -8.5 14.5 27
10445075 225.5 -8 14.5 27
10460585 226 -8.5 14.5 27
10460632 226 -8 14.5 27
10476142 226.5 -8.5 14.5 27
10476189 226.5 -8 14.5 27
10491699 227 -8.5 14.5 27
10491746 227 -8 14.5 27
10507256 227.5 -8.5 14.5 27
10507303 227.5 -8 14.5 27
10522813 228 -8.5 14.5 27
10522860 228 -8 14.5 27
10538370 228.5 -8.5 14.5 27
10538417 228.5 -8 14.5 27
10553927 229 -8.5 14.5 27
