3429667 0 0.5 14.5 28
3445130 0.5 -0.5 14.5 28
3445177 0.5 0 14.5 28
3445224 0.5 0.5 14.5 28
3460687 1 -0.5 14.5 28
3460734 1 0 14.5 28
3460781 1 0.5 14.5 28
3476244 1.5 -0.5 14.5 28
3476291 1.5 0 14.5 28
3476338 1.5 0.5 14.5 28
3491801 2 -0.5 14.5 28
3491848 2 0 14.5 28
3491895 2 0.5 14.5 28
3507358 2.5 -0.5 14.5 28
3507405 2.5 0 14.5 28
3507452 2.5 0.5 14.5 28
3522915 3 -0.5 14.5 28
3522962 3 0 14.5 28
3523009 3 0.5 14.5 28
3538472 3.5 -0.5 14.5 28
3538519 3.5 0 14.5 28
3538566 3.5 0.5 14.5 28
3554029 4 -0.5 14.5 28
3554076 4 0 14.5 28
3554123 4 0.5 14.5 28
3569586 4.5 -0.5 14.5 28
3569633 4.5 0 14.5 28
3569680 4.5 0.5 14.5 28
3585143 5 -0.5 14.5 28
3585190 5 0 14.5 28
3585237 5 0.5 14.5 28
3600700 5.5 -0.5 14.5 28
3600747 5.5 0 14.5 28
3600794 5.5 0.5 14.5 28
3616257 6 -0.5 14.5 28
3616304 6 0 14.5 28
3616351 6 0.5 14.5 28
3631814 6.5 -0.5 14.5 28
3631861 6.5 0 14.5 28
3631908 6.5 0.5 14.5 28
3647371 7 -0.5 14.5 28
3647418 7 0 14.5 28
3647465 7 0.5 14.5 28
3662928 7.5 -0.5 14.5 28
3662975 7.5 0 14.5 28
3663022 7.5 0.5 14.5 28
3678485 8 -0.5 14.5 28
3678532 8 0 14.5 28
3678579 8 0.5 14.5 28
3694042 8.5 -0.5 14.5 28
3694089 8.5 0 14.5 28
3694136 8.5 0.5 14.5 28
3709599 9 -0.5 14.5 28
3709646 9 0 14.5 28
3709693 9 0.5 14.5 28
3725156 9.5 -0.5 14.5 28
3725203 9.5 0 14.5 28
3725250 9.5 0.5 14.5 28
3740713 10 -0.5 14.5 28
3740760 10 0 14.5 28
3740807 10 0.5 14.5 28
3756270 10.5 -0.5 14.5 28
3756317 10.5 0 14.5 28
3756364 10.5 0.5 14.5 28
3771827 11 -0.5 14.5 28
3771874 11 0 14.5 28
3771921 11 0.5 14.5 28
3787384 11.5 -0.5 14.5 28
3787431 11.5 0 14.5 28
3787478 11.5 0.5 14.5 28
3802941 12 -0.5 14.5 28
3802988 12 0 14.5 28
3803035 12 0.5 14.5 28
3818498 12.5 -0.5 14.5 28
3818545 12.5 0 14.5 28
3818592 12.5 0.5 14.5 28
3834055 13 -0.5 14.5 28
3834102 13 0 14.5 28
3834149 13 0.5 14.5 28
3849612 13.5 -0.5 14.5 28
3849659 13.5 0 14.5 28
3849706 13.5 0.5 14.5 28
3865169 14 -0.5 14.5 28
3865216 14 0 14.5 28
3865263 14 0.5 14.5 28
3880726 14.5 -0.5 14.5 28
3880773 14.5 0 14.5 28
3880820 14.5 0.5 14.5 28
3896283 15 -0.5 14.5 28
3896330 15 0 14.5 28
3896377 15 0.5 14.5 28
3911840 15.5 -0.5 14.5 28
3911887 15.5 0 14.5 28
3911934 15.5 0.5 14.5 28
3927397 16 -0.5 14.5 28
3927444 16 0 14.5 28
3927491 16 0.5 14.5 28
3942954 16.5 -0.5 14.5 28
3943001 16.5 0 14.5 28
3943048 16.5 0.5 14.5 28
3958511 17 -0.5 14.5 28
3958558 17 0 14.5 28
3958605 17 0.5 14.5 28
3974068 17.5 -0.5 14.5 28
3974115 17.5 0 14.5 28
3974162 17.5 0.5 14.5 28
3989625 18 -0.5 14.5 28
3989672 18 0 14.5 28
3989719 18 0.5 14.5 28
4005182 18.5 -0.5 14.5 28
4005229 18.5 0 14.5 28
4005276 18.5 0.5 14.5 28
4020739 19 -0.5 14.5 28
4020786 19 0 14.5 28
4020833 19 0.5 14.5 28
4036296 19.5 -0.5 14.5 28
4036343 19.5 0 14.5 28
4036390 19.5 0.5 14.5 28
4051853 20 -0.5 14.5 28
4051900 20 0 14.5 28
4051947 20 0.5 14.5 28
4067410 20.5 -0.5 14.5 28
4067457 20.5 0 14.5 28
4067504 20.5 0.5 14.5 28
4082967 21 -0.5 14.5 28
4083014 21 0 14.5 28
4083061 21 0.5 14.5 28
4098524 21.5 -0.5 14.5 28
4098571 21.5 0 14.5 28
4098618 21.5 0.5 14.5 28
4114081 22 -0.5 14.5 28
4114128 22 0 14.5 28
4114175 22 0.5 14.5 28
4129638 22.5 -0.5 14.5 28
4129685 22.5 0 14.5 28
4129732 22.5 0.5 14.5 28
4145195 23 -0.5 14.5 28
4145242 23 0 14.5 28
4145289 23 0.5 14.5 28
4160752 23.5 -0.5 14.5 28
4160799 23.5 0 14.5 28
4160846 23.5 0.5 14.5 28
4176309 24 -0.5 14.5 28
4176356 24 0 14.5 28
4176403 24 0.5 14.5 28
4191866 24.5 -0.5 14.5 28
4191913 24.5 0 14.5 28
4191960 24.5 0.5 14.5 28
4207423 25 -0.5 14.5 28
4207470 25 0 14.5 28
4207517 25 0.5 14.5 28
4222980 25.5 -0.5 14.5 28
4223027 25.5 0 14.5 28
4223074 25.5 0.5 14.5 28
4238537 26 -0.5 14.5 28
4238584 26 0 14.5 28
4238631 26 0.5 14.5 28
4254094 26.5 -0.5 14.5 28
4254141 26.5 0 14.5 28
4254188 26.5 0.5 14.5 28
4269651 27 -0.5 14.5 28
4269698 27 0 14.5 28
4269745 27 0.5 14.5 28
4285208 27.5 -0.5 14.5 28
4285255 27.5 0 14.5 28
4285302 27.5 0.5 14.5 28
4300765 28 -0.5 14.5 28
4300812 28 0 14.5 28
4300859 28 0.5 14.5 28
4316322 28.5 -0.5 14.5 28
4316369 28.5 0 14.5 28
4316416 28.5 0.5 14.5 28
4331879 29 -0.5 14.5 28
4331926 29 0 14.5 28
4331973 29 0.5 14.5 28
4347436 29.5 -0.5 14.5 28
4347483 29.5 0 14.5 28
4347530 29.5 0.5 14.5 28
4362993 30 -0.5 14.5 28
4363040 30 0 14.5 28
4363087 30 0.5 14.5 28
4378550 30.5 -0.5 14.5 28
4378597 30.5 0 14.5 28
4378644 30.5 0.5 14.5 28
4394107 31 -0.5 14.5 28
4394154 31 0 14.5 28
4394201 31 0.5 14.5 28
4409664 31.5 -0.5 14.5 28
4409711 31.5 0 14.5 28
4409758 31.5 0.5 14.5 28
4425221 32 -0.5 14.5 28
4425268 32 0 14.5 28
4425315 32 0.5 14.5 28
4440778 32.5 -0.5 14.5 28
4440825 32.5 0 14.5 28
4440872 32.5 0.5 14.5 28
4456335 33 -0.5 14.5 28
4456382 33 0 14.5 28
4456429 33 0.5 14.5 28
4471892 33.5 -0.5 14.5 28
4471939 33.5 0 14.5 28
4471986 33.5 0.5 14.5 28
4487449 34 -0.5 14.5 28
4487496 34 0 14.5 28
4487543 34 0.5 14.5 28
4503006 34.5 -0.5 14.5 28
4503053 34.5 0 14.5 28
4503100 34.5 0.5 14.5 28
4518563 35 -0.5 14.5 28
4518610 35 0 14.5 28
4518657 35 0.5 14.5 28
4534120 35.5 -0.5 14.5 28
4534167 35.5 0 14.5 28
4534214 35.5 0.5 14.5 28
4549677 36 -0.5 14.5 28
4549724 36 0 14.5 28
4549771 36 0.5 14.5 28
4565234 36.5 -0.5 14.5 28
4565281 36.5 0 14.5 28
4565328 36.5 0.5 14.5 28
4580791 37 -0.5 14.5 28
4580838 37 0 14.5 28
4580885 37 0.5 14.5 28
4596348 37.5 -0.5 14.5 28
4596395 37.5 0 14.5 28
4596442 37.5 0.5 14.5 28
4611905 38 -0.5 14.5 28
4611952 38 0 14.5 28
4611999 38 0.5 14.5 28
4627462 38.5 -0.5 14.5 28
4627509 38.5 0 14.5 28
4627556 38.5 0.5 14.5 28
4643019 39 -0.5 14.5 28
4643066 39 0 14.5 28
4643113 39 0.5 14.5 28
4658576 39.5 -0.5 14.5 28
4658623 39.5 0 14.5 28
4658670 39.5 0.5 14.5 28
4674133 40 -0.5 14.5 28
4674180 40 0 14.5 28
4674227 40 0.5 14.5 28
4689690 40.5 -0.5 14.5 28
4689737 40.5 0 14.5 28
4689784 40.5 0.5 14.5 28
4705247 41 -0.5 14.5 28
4705294 41 0 14.5 28
4705341 41 0.5 14.5 28
4720804 41.5 -0.5 14.5 28
4720851 41.5 0 14.5 28
4720898 41.5 0.5 14.5 28
4736361 42 -0.5 14.5 28
4736408 42 0 14.5 28
4736455 42 0.5 14.5 28
4751918 42.5 -0.5 14.5 28
4751965 42.5 0 14.5 28
4752012 42.5 0.5 14.5 28
4767475 43 -0.5 14.5 28
4767522 43 0 14.5 28
4767569 43 0.5 14.5 28
4783032 43.5 -0.5 14.5 28
4783079 43.5 0 14.5 28
4783126 43.5 0.5 14.5 28
4798589 44 -0.5 14.5 28
4798636 44 0 14.5 28
4798683 44 0.5 14.5 28
4814146 44.5 -0.5 14.5 28
4814193 44.5 0 14.5 28
4814240 44.5 0.5 14.5 28
4829703 45 -0.5 14.5 28
4829750 45 0 14.5 28
4829797 45 0.5 14.5 28
4845260 45.5 -0.5 14.5 28
4845307 45.5 0 14.5 28
4845354 45.5 0.5 14.5 28
4860817 46 -0.5 14.5 28
4860864 46 0 14.5 28
4860911 46 0.5 14.5 28
4876374 46.5 -0.5 14.5 28
4876421 46.5 0 14.5 28
4876468 46.5 0.5 14.5 28
4891931 47 -0.5 14.5 28
4891978 47 0 14.5 28
4892025 47 0.5 14.5 28
4907488 47.5 -0.5 14.5 28
4907535 47.5 0 14.5 28
4907582 47.5 0.5 14.5 28
4923045 48 -0.5 14.5 28
4923092 48 0 14.5 28
4923139 48 0.5 14.5 28
4938602 48.5 -0.5 14.5 28
4938649 48.5 0 14.5 28
4938696 48.5 0.5 14.5 28
4954159 49 -0.5 14.5 28
4954206 49 0 14.5 28
4954253 49 0.5 14.5 28
4969716 49.5 -0.5 14.5 28
4969763 49.5 0 14.5 28
4969810 49.5 0.5 14.5 28
4985273 50 -0.5 14.5 28
4985320 50 0 14.5 28
4985367 50 0.5 14.5 28
5000830 50.5 -0.5 14.5 28
5000877 50.5 0 14.5 28
5000924 50.5 0.5 14.5 28
5016387 51 -0.5 14.5 28
5016434 51 0 14.5 28
5016481 51 0.5 14.5 28
5031944 51.5 -0.5 14.5 28
5031991 51.5 0 14.5 28
5032038 51.5 0.5 14.5 28
5047501 52 -0.5 14.5 28
5047548 52 0 14.5 28
5047595 52 0.5 14.5 28
5063058 52.5 -0.5 14.5 28
5063105 52.5 0 14.5 28
5063152 52.5 0.5 14.5 28
5078615 53 -0.5 14.5 28
5078662 53 0 14.5 28
5078709 53 0.5 14.5 28
5094172 53.5 -0.5 14.5 28
5094219 53.5 0 14.5 28
5094266 53.5 0.5 14.5 28
5109729 54 -0.5 14.5 28
5109776 54 0 14.5 28
5109823 54 0.5 14.5 28
5125286 54.5 -0.5 14.5 28
5125333 54.5 0 14.5 28
5125380 54.5 0.5 14.5 28
5140843 55 -0.5 14.5 28
5140890 55 0 14.5 28
5140937 55 0.5 14.5 28
5156400 55.5 -0.5 14.5 28
5156447 55.5 0 14.5 28
5156494 55.5 0.5 14.5 28
5171957 56 -0.5 14.5 28
5172004 56 0 14.5 28
5172051 56 0.5 14.5 28
5187514 56.5 -0.5 14.5 28
5187561 56.5 0 14.5 28
5187608 56.5 0.5 14.5 28
5203071 57 -0.5 14.5 28
5203118 57 0 14.5 28
5203165 57 0.5 14.5 28
5218628 57.5 -0.5 14.5 28
5218675 57.5 0 14.5 28
5218722 57.5 0.5 14.5 28
5234185 58 -0.5 14.5 28
5234232 58 0 14.5 28
5234279 58 0.5 14.5 28
5249742 58.5 -0.5 14.5 28
5249789 58.5 0 14.5 28
5249836 58.5 0.5 14.5 28
5265299 59 -0.5 14.5 28
5265346 59 0 14.5 28
5265393 59 0.5 14.5 28
5280856 59.5 -0.5 14.5 28
5280903 59.5 0 14.5 28
5280950 59.5 0.5 14.5 28
5296413 60 -0.5 14.5 28
5296460 60 0 14.5 28
5296507 60 0.5 14.5 28
5311970 60.5 -0.5 14.5 28
5312017 60.5 0 14.5 28
5312064 60.5 0.5 14.5 28
5327527 61 -0.5 14.5 28
5327574 61 0 14.5 28
5327621 61 0.5 14.5 28
5343084 61.5 -0.5 14.5 28
5343131 61.5 0 14.5 28
5343178 61.5 0.5 14.5 28
5358641 62 -0.5 14.5 28
5358688 62 0 14.5 28
5358735 62 0.5 14.5 28
5374198 62.5 -0.5 14.5 28
5374245 62.5 0 14.5 28
5374292 62.5 0.5 14.5 28
5389755 63 -0.5 14.5 28
5389802 63 0 14.5 28
5389849 63 0.5 14.5 28
5405312 63.5 -0.5 14.5 28
5405359 63.5 0 14.5 28
5405406 63.5 0.5 14.5 28
5420869 64 -0.5 14.5 28
5420916 64 0 14.5 28
5420963 64 0.5 14.5 28
5436426 64.5 -0.5 14.5 28
5436473 64.5 0 14.5 28
5436520 64.5 0.5 14.5 28
5451983 65 -0.5 14.5 28
5452030 65 0 14.5 28
5452077 65 0.5 14.5 28
5467540 65.5 -0.5 14.5 28
5467587 65.5 0 14.5 28
5467634 65.5 0.5 14.5 28
5483097 66 -0.5 14.5 28
5483144 66 0 14.5 28
5483191 66 0.5 14.5 28
5498654 66.5 -0.5 14.5 28
5498701 66.5 0 14.5 28
5498748 66.5 0.5 14.5 28
5514211 67 -0.5 14.5 28
5514258 67 0 14.5 28
5514305 67 0.5 14.5 28
5529768 67.5 -0.5 14.5 28
5529815 67.5 0 14.5 28
5529862 67.5 0.5 14.5 28
5545325 68 -0.5 14.5 28
5545372 68 0 14.5 28
5545419 68 0.5 14.5 28
5560882 68.5 -0.5 14.5 28
5560929 68.5 0 14.5 28
5560976 68.5 0.5 14.5 28
5576439 69 -0.5 14.5 28
5576486 69 0 14.5 28
5576533 69 0.5 14.5 28
5591996 69.5 -0.5 14.5 28
5592043 69.5 0 14.5 28
5592090 69.5 0.5 14.5 28
5607553 70 -0.5 14.5 28
5607600 70 0 14.5 28
5607647 70 0.5 14.5 28
5623110 70.5 -0.5 14.5 28
5623157 70.5 0 14.5 28
5623204 70.5 0.5 14.5 28
5638667 71 -0.5 14.5 28
5638714 71 0 14.5 28
5638761 71 0.5 14.5 28
5654224 71.5 -0.5 14.5 28
5654271 71.5 0 14.5 28
5654318 71.5 0.5 14.5 28
5669781 72 -0.5 14.5 28
5669828 72 0 14.5 28
5669875 72 0.5 14.5 28
5685338 72.5 -0.5 14.5 28
5685385 72.5 0 14.5 28
5685432 72.5 0.5 14.5 28
5700895 73 -0.5 14.5 28
5700942 73 0 14.5 28
5700989 73 0.5 14.5 28
5716452 73.5 -0.5 14.5 28
5716499 73.5 0 14.5 28
5716546 73.5 0.5 14.5 28
5732009 74 -0.5 14.5 28
5732056 74 0 14.5 28
5732103 74 0.5 14.5 28
5747566 74.5 -0.5 14.5 28
5747613 74.5 0 14.5 28
5747660 74.5 0.5 14.5 28
5763123 75 -0.5 14.5 28
5763170 75 0 14.5 28
5763217 75 0.5 14.5 28
5778680 75.5 -0.5 14.5 28
5778727 75.5 0 14.5 28
5778774 75.5 0.5 14.5 28
5794237 76 -0.5 14.5 28
5794284 76 0 14.5 28
5794331 76 0.5 14.5 28
5809794 76.5 -0.5 14.5 28
5809841 76.5 0 14.5 28
5809888 76.5 0.5 14.5 28
5825351 77 -0.5 14.5 28
5825398 77 0 14.5 28
5825445 77 0.5 14.5 28
5840908 77.5 -0.5 14.5 28
5840955 77.5 0 14.5 28
5841002 77.5 0.5 14.5 28
5856465 78 -0.5 14.5 28
5856512 78 0 14.5 28
5856559 78 0.5 14.5 28
5872022 78.5 -0.5 14.5 28
5872069 78.5 0 14.5 28
5872116 78.5 0.5 14.5 28
5887579 79 -0.5 14.5 28
5887626 79 0 14.5 28
5887673 79 0.5 14.5 28
5903136 79.5 -0.5 14.5 28
5903183 79.5 0 14.5 28
5903230 79.5 0.5 14.5 28
5918693 80 -0.5 14.5 28
5918740 80 0 14.5 28
5918787 80 0.5 14.5 28
5934250 80.5 -0.5 14.5 28
5934297 80.5 0 14.5 28
5934344 80.5 0.5 14.5 28
5949807 81 -0.5 14.5 28
5949854 81 0 14.5 28
5949901 81 0.5 14.5 28
5965364 81.5 -0.5 14.5 28
5965411 81.5 0 14.5 28
5965458 81.5 0.5 14.5 28
5980921 82 -0.5 14.5 28
5980968 82 0 14.5 28
5981015 82 0.5 14.5 28
5996478 82.5 -0.5 14.5 28
5996525 82.5 0 14.5 28
5996572 82.5 0.5 14.5 28
6012035 83 -0.5 14.5 28
6012082 83 0 14.5 28
6012129 83 0.5 14.5 28
6027592 83.5 -0.5 14.5 28
6027639 83.5 0 14.5 28
6027686 83.5 0.5 14.5 28
6043149 84 -0.5 14.5 28
6043196 84 0 14.5 28
6043243 84 0.5 14.5 28
6058706 84.5 -0.5 14.5 28
6058753 84.5 0 14.5 28
6058800 84.5 0.5 14.5 28
6074263 85 -0.5 14.5 28
6074310 85 0 14.5 28
6074357 85 0.5 14.5 28
6089820 85.5 -0.5 14.5 28
6089867 85.5 0 14.5 28
6089914 85.5 0.5 14.5 28
6105377 86 -0.5 14.5 28
6105424 86 0 14.5 28
6105471 86 0.5 14.5 28
6120934 86.5 -0.5 14.5 28
6120981 86.5 0 14.5 28
6121028 86.5 0.5 14.5 28
6136491 87 -0.5 14.5 28
6136538 87 0 14.5 28
6136585 87 0.5 14.5 28
6152048 87.5 -0.5 14.5 28
6152095 87.5 0 14.5 28
6152142 87.5 0.5 14.5 28
6167605 88 -0.5 14.5 28
6167652 88 0 14.5 28
6167699 88 0.5 14.5 28
6183162 88.5 -0.5 14.5 28
6183209 88.5 0 14.5 28
6183256 88.5 0.5 14.5 28
6198719 89 -0.5 14.5 28
6198766 89 0 14.5 28
6198813 89 0.5 14.5 28
6214276 89.5 -0.5 14.5 28
6214323 89.5 0 14.5 28
6214370 89.5 0.5 14.5 28
6229833 90 -0.5 14.5 28
6229880 90 0 14.5 28
6229927 90 0.5 14.5 28
6245390 90.5 -0.5 14.5 28
6245437 90.5 0 14.5 28
6245484 90.5 0.5 14.5 28
6260947 91 -0.5 14.5 28
6260994 91 0 14.5 28
6261041 91 0.5 14.5 28
6276504 91.5 -0.5 14.5 28
6276551 91.5 0 14.5 28
6276598 91.5 0.5 14.5 28
6292061 92 -0.5 14.5 28
6292108 92 0 14.5 28
6292155 92 0.5 14.5 28
6307618 92.5 -0.5 14.5 28
6307665 92.5 0 14.5 28
6307712 92.5 0.5 14.5 28
6323175 93 -0.5 14.5 28
6323222 93 0 14.5 28
6323269 93 0.5 14.5 28
6338732 93.5 -0.5 14.5 28
6338779 93.5 0 14.5 28
6338826 93.5 0.5 14.5 28
6354289 94 -0.5 14.5 28
6354336 94 0 14.5 28
6354383 94 0.5 14.5 28
6369846 94.5 -0.5 14.5 28
6369893 94.5 0 14.5 28
6369940 94.5 0.5 14.5 28
6385403 95 -0.5 14.5 28
6385450 95 0 14.5 28
6385497 95 0.5 14.5 28
6400960 95.5 -0.5 14.5 28
6401007 95.5 0 14.5 28
6401054 95.5 0.5 14.5 28
6416517 96 -0.5 14.5 28
6416564 96 0 14.5 28
6416611 96 0.5 14.5 28
6432074 96.5 -0.5 14.5 28
6432121 96.5 0 14.5 28
6432168 96.5 0.5 14.5 28
6447631 97 -0.5 14.5 28
6447678 97 0 14.5 28
6447725 97 0.5 14.5 28
6463188 97.5 -0.5 14.5 28
6463235 97.5 0 14.5 28
6463282 97.5 0.5 14.5 28
6478745 98 -0.5 14.5 28
6478792 98 0 14.5 28
6478839 98 0.5 14.5 28
6494302 98.5 -0.5 14.5 28
6494349 98.5 0 14.5 28
6494396 98.5 0.5 14.5 28
6509859 99 -0.5 14.5 28
6509906 99 0 14.5 28
6509953 99 0.5 14.5 28
6525416 99.5 -0.5 14.5 28
6525463 99.5 0 14.5 28
6525510 99.5 0.5 14.5 28
6540973 100 -0.5 14.5 28
6541020 100 0 14.5 28
6541067 100 0.5 14.5 28
6556530 100.5 -0.5 14.5 28
6556577 100.5 0 14.5 28
6556624 100.5 0.5 14.5 28
6572087 101 -0.5 14.5 28
6572134 101 0 14.5 28
6572181 101 0.5 14.5 28
6587644 101.5 -0.5 14.5 28
6587691 101.5 0 14.5 28
6587738 101.5 0.5 14.5 28
6603201 102 -0.5 14.5 28
6603248 102 0 14.5 28
6603295 102 0.5 14.5 28
6618758 102.5 -0.5 14.5 28
6618805 102.5 0 14.5 28
6618852 102.5 0.5 14.5 28
6634315 103 -0.5 14.5 28
6634362 103 0 14.5 28
6634409 103 0.5 14.5 28
6649872 103.5 -0.5 14.5 28
6649919 103.5 0 14.5 28
6649966 103.5 0.5 14.5 28
6665429 104 -0.5 14.5 28
6665476 104 0 14.5 28
6665523 104 0.5 14.5 28
6680986 104.5 -0.5 14.5 28
6681033 104.5 0 14.5 28
6681080 104.5 0.5 14.5 28
6696543 105 -0.5 14.5 28
6696590 105 0 14.5 28
6696637 105 0.5 14.5 28
6712100 105.5 -0.5 14.5 28
6712147 105.5 0 14.5 28
6712194 105.5 0.5 14.5 28
6727657 106 -0.5 14.5 28
6727704 106 0 14.5 28
6727751 106 0.5 14.5 28
6743214 106.5 -0.5 14.5 28
6743261 106.5 0 14.5 28
6743308 106.5 0.5 14.5 28
6758771 107 -0.5 14.5 28
6758818 107 0 14.5 28
6758865 107 0.5 14.5 28
6774328 107.5 -0.5 14.5 28
6774375 107.5 0 14.5 28
6774422 107.5 0.5 14.5 28
6789885 108 -0.5 14.5 28
6789932 108 0 14.5 28
6789979 108 0.5 14.5 28
6805442 108.5 -0.5 14.5 28
6805489 108.5 0 14.5 28
6805536 108.5 0.5 14.5 28
6820999 109 -0.5 14.5 28
6821046 109 0 14.5 28
6821093 109 0.5 14.5 28
6836556 109.5 -0.5 14.5 28
6836603 109.5 0 14.5 28
6836650 109.5 0.5 14.5 28
6852113 110 -0.5 14.5 28
6852160 110 0 14.5 28
6852207 110 0.5 14.5 28
6867670 110.5 -0.5 14.5 28
6867717 110.5 0 14.5 28
6867764 110.5 0.5 14.5 28
6883227 111 -0.5 14.5 28
6883274 111 0 14.5 28
6883321 111 0.5 14.5 28
6898784 111.5 -0.5 14.5 28
6898831 111.5 0 14.5 28
6898878 111.5 0.5 14.5 28
6914341 112 -0.5 14.5 28
6914388 112 0 14.5 28
6914435 112 0.5 14.5 28
6929898 112.5 -0.5 14.5 28
6929945 112.5 0 14.5 28
6929992 112.5 0.5 14.5 28
6945455 113 -0.5 14.5 28
6945502 113 0 14.5 28
6945549 113 0.5 14.5 28
6961012 113.5 -0.5 14.5 28
6961059 113.5 0 14.5 28
6961106 113.5 0.5 14.5 28
6976569 114 -0.5 14.5 28
6976616 114 0 14.5 28
6976663 114 0.5 14.5 28
6992126 114.5 -0.5 14.5 28
6992173 114.5 0 14.5 28
6992220 114.5 0.5 14.5 28
7007683 115 -0.5 14.5 28
7007730 115 0 14.5 28
7007777 115 0.5 14.5 28
7023240 115.5 -0.5 14.5 28
7023287 115.5 0 14.5 28
7023334 115.5 0.5 14.5 28
7038797 116 -0.5 14.5 28
7038844 116 0 14.5 28
7038891 116 0.5 14.5 28
7054354 116.5 -0.5 14.5 28
7054401 116.5 0 14.5 28
7054448 116.5 0.5 14.5 28
7069911 117 -0.5 14.5 28
7069958 117 0 14.5 28
7070005 117 0.5 14.5 28
7085468 117.5 -0.5 14.5 28
7085515 117.5 0 14.5 28
7085562 117.5 0.5 14.5 28
7101025 118 -0.5 14.5 28
7101072 118 0 14.5 28
7101119 118 0.5 14.5 28
7116582 118.5 -0.5 14.5 28
7116629 118.5 0 14.5 28
7116676 118.5 0.5 14.5 28
7132139 119 -0.5 14.5 28
7132186 119 0 14.5 28
7132233 119 0.5 14.5 28
7147696 119.5 -0.5 14.5 28
7147743 119.5 0 14.5 28
7147790 119.5 0.5 14.5 28
7163253 120 -0.5 14.5 28
7163300 120 0 14.5 28
7163347 120 0.5 14.5 28
7178810 120.5 -0.5 14.5 28
7178857 120.5 0 14.5 28
7178904 120.5 0.5 14.5 28
7194367 121 -0.5 14.5 28
7194414 121 0 14.5 28
7194461 121 0.5 14.5 28
7209924 121.5 -0.5 14.5 28
7209971 121.5 0 14.5 28
7210018 121.5 0.5 14.5 28
7225481 122 -0.5 14.5 28
7225528 122 0 14.5 28
7225575 122 0.5 14.5 28
7241038 122.5 -0.5 14.5 28
7241085 122.5 0 14.5 28
7241132 122.5 0.5 14.5 28
7256595 123 -0.5 14.5 28
7256642 123 0 14.5 28
7256689 123 0.5 14.5 28
7272152 123.5 -0.5 14.5 28
7272199 123.5 0 14.5 28
7272246 123.5 0.5 14.5 28
7287709 124 -0.5 14.5 28
7287756 124 0 14.5 28
7287803 124 0.5 14.5 28
7303266 124.5 -0.5 14.5 28
7303313 124.5 0 14.5 28
7303360 124.5 0.5 14.5 28
7318823 125 -0.5 14.5 28
7318870 125 0 14.5 28
7318917 125 0.5 14.5 28
7334380 125.5 -0.5 14.5 28
7334427 125.5 0 14.5 28
7334474 125.5 0.5 14.5 28
7349937 126 -0.5 14.5 28
7349984 126 0 14.5 28
7350031 126 0.5 14.5 28
7365494 126.5 -0.5 14.5 28
7365541 126.5 0 14.5 28
7365588 126.5 0.5 14.5 28
7381051 127 -0.5 14.5 28
7381098 127 0 14.5 28
7381145 127 0.5 14.5 28
7396608 127.5 -0.5 14.5 28
7396655 127.5 0 14.5 28
7396702 127.5 0.5 14.5 28
7412165 128 -0.5 14.5 28
7412212 128 0 14.5 28
7412259 128 0.5 14.5 28
7427722 128.5 -0.5 14.5 28
7427769 128.5 0 14.5 28
7427816 128.5 0.5 14.5 28
7443279 129 -0.5 14.5 28
7443326 129 0 14.5 28
7443373 129 0.5 14.5 28
7458836 129.5 -0.5 14.5 28
7458883 129.5 0 14.5 28
7458930 129.5 0.5 14.5 28
7474393 130 -0.5 14.5 28
7474440 130 0 14.5 28
7474487 130 0.5 14.5 28
7489950 130.5 -0.5 14.5 28
7489997 130.5 0 14.5 28
7490044 130.5 0.5 14.5 28
7505507 131 -0.5 14.5 28
7505554 131 0 14.5 28
7505601 131 0.5 14.5 28
7521064 131.5 -0.5 14.5 28
7521111 131.5 0 14.5 28
7521158 131.5 0.5 14.5 28
7536621 132 -0.5 14.5 28
7536668 132 0 14.5 28
7536715 132 0.5 14.5 28
7552178 132.5 -0.5 14.5 28
7552225 132.5 0 14.5 28
7552272 132.5 0.5 14.5 28
7567735 133 -0.5 14.5 28
7567782 133 0 14.5 28
7567829 133 0.5 14.5 28
7583292 133.5 -0.5 14.5 28
7583339 133.5 0 14.5 28
7583386 133.5 0.5 14.5 28
7598849 134 -0.5 14.5 28
7598896 134 0 14.5 28
7598943 134 0.5 14.5 28
7614406 134.5 -0.5 14.5 28
7614453 134.5 0 14.5 28
7614500 134.5 0.5 14.5 28
7629963 135 -0.5 14.5 28
7630010 135 0 14.5 28
7630057 135 0.5 14.5 28
7645520 135.5 -0.5 14.5 28
7645567 135.5 0 14.5 28
7645614 135.5 0.5 14.5 28
7661077 136 -0.5 14.5 28
7661124 136 0 14.5 28
7661171 136 0.5 14.5 28
7676634 136.5 -0.5 14.5 28
7676681 136.5 0 14.5 28
7676728 136.5 0.5 14.5 28
7692191 137 -0.5 14.5 28
7692238 137 0 14.5 28
7692285 137 0.5 14.5 28
7707748 137.5 -0.5 14.5 28
7707795 137.5 0 14.5 28
7707842 137.5 0.5 14.5 28
7723305 138 -0.5 14.5 28
7723352 138 0 14.5 28
7723399 138 0.5 14.5 28
7738862 138.5 -0.5 14.5 28
7738909 138.5 0 14.5 28
7738956 138.5 0.5 14.5 28
7754419 139 -0.5 14.5 28
7754466 139 0 14.5 28
7754513 139 0.5 14.5 28
7769976 139.5 -0.5 14.5 28
7770023 139.5 0 14.5 28
7770070 139.5 0.5 14.5 28
7785533 140 -0.5 14.5 28
7785580 140 0 14.5 28
7785627 140 0.5 14.5 28
7801090 140.5 -0.5 14.5 28
7801137 140.5 0 14.5 28
7801184 140.5 0.5 14.5 28
7816647 141 -0.5 14.5 28
7816694 141 0 14.5 28
7816741 141 0.5 14.5 28
7832204 141.5 -0.5 14.5 28
7832251 141.5 0 14.5 28
7832298 141.5 0.5 14.5 28
7847761 142 -0.5 14.5 28
7847808 142 0 14.5 28
7847855 142 0.5 14.5 28
7863318 142.5 -0.5 14.5 28
7863365 142.5 0 14.5 28
7863412 142.5 0.5 14.5 28
7878875 143 -0.5 14.5 28
7878922 143 0 14.5 28
7878969 143 0.5 14.5 28
7894432 143.5 -0.5 14.5 28
7894479 143.5 0 14.5 28
7894526 143.5 0.5 14.5 28
7909989 144 -0.5 14.5 28
7910036 144 0 14.5 28
7910083 144 0.5 14.5 28
7925546 144.5 -0.5 14.5 28
7925593 144.5 0 14.5 28
7925640 144.5 0.5 14.5 28
7941103 145 -0.5 14.5 28
7941150 145 0 14.5 28
7941197 145 0.5 14.5 28
7956660 145.5 -0.5 14.5 28
7956707 145.5 0 14.5 28
7956754 145.5 0.5 14.5 28
7972217 146 -0.5 14.5 28
7972264 146 0 14.5 28
7972311 146 0.5 14.5 28
7987774 146.5 -0.5 14.5 28
7987821 146.5 0 14.5 28
7987868 146.5 0.5 14.5 28
8003331 147 -0.5 14.5 28
8003378 147 0 14.5 28
8003425 147 0.5 14.5 28
8018888 147.5 -0.5 14.5 28
8018935 147.5 0 14.5 28
8018982 147.5 0.5 14.5 28
8034445 148 -0.5 14.5 28
8034492 148 0 14.5 28
8034539 148 0.5 14.5 28
8050002 148.5 -0.5 14.5 28
8050049 148.5 0 14.5 28
8050096 148.5 0.5 14.5 28
8065559 149 -0.5 14.5 28
8065606 149 0 14.5 28
8065653 149 0.5 14.5 28
8081116 149.5 -0.5 14.5 28
8081163 149.5 0 14.5 28
8081210 149.5 0.5 14.5 28
8096673 150 -0.5 14.5 28
8096720 150 0 14.5 28
8096767 150 0.5 14.5 28
8112230 150.5 -0.5 14.5 28
8112277 150.5 0 14.5 28
8112324 150.5 0.5 14.5 28
8127787 151 -0.5 14.5 28
8127834 151 0 14.5 28
8127881 151 0.5 14.5 28
8143344 151.5 -0.5 14.5 28
8143391 151.5 0 14.5 28
8143438 151.5 0.5 14.5 28
8158901 152 -0.5 14.5 28
8158948 152 0 14.5 28
8158995 152 0.5 14.5 28
8174458 152.5 -0.5 14.5 28
8174505 152.5 0 14.5 28
8174552 152.5 0.5 14.5 28
8190015 153 -0.5 14.5 28
8190062 153 0 14.5 28
8190109 153 0.5 14.5 28
8205572 153.5 -0.5 14.5 28
8205619 153.5 0 14.5 28
8205666 153.5 0.5 14.5 28
8221129 154 -0.5 14.5 28
8221176 154 0 14.5 28
8221223 154 0.5 14.5 28
8236686 154.5 -0.5 14.5 28
8236733 154.5 0 14.5 28
8236780 154.5 0.5 14.5 28
8252243 155 -0.5 14.5 28
8252290 155 0 14.5 28
8252337 155 0.5 14.5 28
8267800 155.5 -0.5 14.5 28
8267847 155.5 0 14.5 28
8267894 155.5 0.5 14.5 28
8283357 156 -0.5 14.5 28
8283404 156 0 14.5 28
8283451 156 0.5 14.5 28
8298914 156.5 -0.5 14.5 28
8298961 156.5 0 14.5 28
8299008 156.5 0.5 14.5 28
8314471 157 -0.5 14.5 28
8314518 157 0 14.5 28
8314565 157 0.5 14.5 28
8330028 157.5 -0.5 14.5 28
8330075 157.5 0 14.5 28
8330122 157.5 0.5 14.5 28
8345585 158 -0.5 14.5 28
8345632 158 0 14.5 28
8345679 158 0.5 14.5 28
8361142 158.5 -0.5 14.5 28
8361189 158.5 0 14.5 28
8361236 158.5 0.5 14.5 28
8376699 159 -0.5 14.5 28
8376746 159 0 14.5 28
8376793 159 0.5 14.5 28
8392256 159.5 -0.5 14.5 28
8392303 159.5 0 14.5 28
8392350 159.5 0.5 14.5 28
8407813 160 -0.5 14.5 28
8407860 160 0 14.5 28
8407907 160 0.5 14.5 28
8423370 160.5 -0.5 14.5 28
8423417 160.5 0 14.5 28
8423464 160.5 0.5 14.5 28
8438927 161 -0.5 14.5 28
8438974 161 0 14.5 28
8439021 161 0.5 14.5 28
8454484 161.5 -0.5 14.5 28
8454531 161.5 0 14.5 28
8454578 161.5 0.5 14.5 28
8470041 162 -0.5 14.5 28
8470088 162 0 14.5 28
8470135 162 0.5 14.5 28
8485598 162.5 -0.5 14.5 28
8485645 162.5 0 14.5 28
8485692 162.5 0.5 14.5 28
8501155 163 -0.5 14.5 28
8501202 163 0 14.5 28
8501249 163 0.5 14.5 28
8516712 163.5 -0.5 14.5 28
8516759 163.5 0 14.5 28
8516806 163.5 0.5 14.5 28
8532269 164 -0.5 14.5 28
8532316 164 0 14.5 28
8532363 164 0.5 14.5 28
8547826 164.5 -0.5 14.5 28
8547873 164.5 0 14.5 28
8547920 164.5 0.5 14.5 28
8563383 165 -0.5 14.5 28
8563430 165 0 14.5 28
8563477 165 0.5 14.5 28
8578940 165.5 -0.5 14.5 28
8578987 165.5 0 14.5 28
8579034 165.5 0.5 14.5 28
8594497 166 -0.5 14.5 28
8594544 166 0 14.5 28
8594591 166 0.5 14.5 28
8610054 166.5 -0.5 14.5 28
8610101 166.5 0 14.5 28
8610148 166.5 0.5 14.5 28
8625611 167 -0.5 14.5 28
8625658 167 0 14.5 28
8625705 167 0.5 14.5 28
8641168 167.5 -0.5 14.5 28
8641215 167.5 0 14.5 28
8641262 167.5 0.5 14.5 28
8656725 168 -0.5 14.5 28
8656772 168 0 14.5 28
8656819 168 0.5 14.5 28
8672282 168.5 -0.5 14.5 28
8672329 168.5 0 14.5 28
8672376 168.5 0.5 14.5 28
8687839 169 -0.5 14.5 28
8687886 169 0 14.5 28
8687933 169 0.5 14.5 28
8703396 169.5 -0.5 14.5 28
8703443 169.5 0 14.5 28
8703490 169.5 0.5 14.5 28
8718953 170 -0.5 14.5 28
8719000 170 0 14.5 28
8719047 170 0.5 14.5 28
8734510 170.5 -0.5 14.5 28
8734557 170.5 0 14.5 28
8734604 170.5 0.5 14.5 28
8750067 171 -0.5 14.5 28
8750114 171 0 14.5 28
8750161 171 0.5 14.5 28
8765624 171.5 -0.5 14.5 28
8765671 171.5 0 14.5 28
8765718 171.5 0.5 14.5 28
8781181 172 -0.5 14.5 28
8781228 172 0 14.5 28
8781275 172 0.5 14.5 28
8796738 172.5 -0.5 14.5 28
8796785 172.5 0 14.5 28
8796832 172.5 0.5 14.5 28
8812295 173 -0.5 14.5 28
8812342 173 0 14.5 28
8812389 173 0.5 14.5 28
8827852 173.5 -0.5 14.5 28
8827899 173.5 0 14.5 28
8827946 173.5 0.5 14.5 28
8843409 174 -0.5 14.5 28
8843456 174 0 14.5 28
8843503 174 0.5 14.5 28
8858966 174.5 -0.5 14.5 28
8859013 174.5 0 14.5 28
8859060 174.5 0.5 14.5 28
8874523 175 -0.5 14.5 28
8874570 175 0 14.5 28
8874617 175 0.5 14.5 28
8890080 175.5 -0.5 14.5 28
8890127 175.5 0 14.5 28
8890174 175.5 0.5 14.5 28
8905637 176 -0.5 14.5 28
8905684 176 0 14.5 28
8905731 176 0.5 14.5 28
8921194 176.5 -0.5 14.5 28
8921241 176.5 0 14.5 28
8921288 176.5 0.5 14.5 28
8936751 177 -0.5 14.5 28
8936798 177 0 14.5 28
8936845 177 0.5 14.5 28
8952308 177.5 -0.5 14.5 28
8952355 177.5 0 14.5 28
8952402 177.5 0.5 14.5 28
8967865 178 -0.5 14.5 28
8967912 178 0 14.5 28
8967959 178 0.5 14.5 28
8983422 178.5 -0.5 14.5 28
8983469 178.5 0 14.5 28
8983516 178.5 0.5 14.5 28
8998979 179 -0.5 14.5 28
8999026 179 0 14.5 28
8999073 179 0.5 14.5 28
9014536 179.5 -0.5 14.5 28
9014583 179.5 0 14.5 28
9014630 179.5 0.5 14.5 28
9030093 180 -0.5 14.5 28
9030140 180 0 14.5 28
9030187 180 0.5 14.5 28
9045650 180.5 -0.5 14.5 28
9045697 180.5 0 14.5 28
9045744 180.5 0.5 14.5 28
9061207 181 -0.5 14.5 28
9061254 181 0 14.5 28
9061301 181 0.5 14.5 28
9076764 181.5 -0.5 14.5 28
9076811 181.5 0 14.5 28
9076858 181.5 0.5 14.5 28
9092321 182 -0.5 14.5 28
9092368 182 0 14.5 28
9092415 182 0.5 14.5 28
9107878 182.5 -0.5 14.5 28
9107925 182.5 0 14.5 28
9107972 182.5 0.5 14.5 28
9123435 183 -0.5 14.5 28
9123482 183 0 14.5 28
9123529 183 0.5 14.5 28
9138992 183.5 -0.5 14.5 28
9139039 183.5 0 14.5 28
9139086 183.5 0.5 14.5 28
9154549 184 -0.5 14.5 28
9154596 184 0 14.5 28
9154643 184 0.5 14.5 28
9170106 184.5 -0.5 14.5 28
9170153 184.5 0 14.5 28
9170200 184.5 0.5 14.5 28
9185663 185 -0.5 14.5 28
9185710 185 0 14.5 28
9185757 185 0.5 14.5 28
9201220 185.5 -0.5 14.5 28
9201267 185.5 0 14.5 28
9201314 185.5 0.5 14.5 28
9216777 186 -0.5 14.5 28
9216824 186 0 14.5 28
9216871 186 0.5 14.5 28
9232334 186.5 -0.5 14.5 28
9232381 186.5 0 14.5 28
9232428 186.5 0.5 14.5 28
9247891 187 -0.5 14.5 28
9247938 187 0 14.5 28
9247985 187 0.5 14.5 28
9263448 187.5 -0.5 14.5 28
9263495 187.5 0 14.5 28
9263542 187.5 0.5 14.5 28
9279005 188 -0.5 14.5 28
9279052 188 0 14.5 28
9279099 188 0.5 14.5 28
9294562 188.5 -0.5 14.5 28
9294609 188.5 0 14.5 28
9294656 188.5 0.5 14.5 28
9310119 189 -0.5 14.5 28
9310166 189 0 14.5 28
9310213 189 0.5 14.5 28
9325676 189.5 -0.5 14.5 28
9325723 189.5 0 14.5 28
9325770 189.5 0.5 14.5 28
9341233 190 -0.5 14.5 28
9341280 190 0 14.5 28
9341327 190 0.5 14.5 28
9356790 190.5 -0.5 14.5 28
9356837 190.5 0 14.5 28
9356884 190.5 0.5 14.5 28
9372347 191 -0.5 14.5 28
9372394 191 0 14.5 28
9372441 191 0.5 14.5 28
9387904 191.5 -0.5 14.5 28
9387951 191.5 0 14.5 28
9387998 191.5 0.5 14.5 28
9403461 192 -0.5 14.5 28
9403508 192 0 14.5 28
9403555 192 0.5 14.5 28
9419018 192.5 -0.5 14.5 28
9419065 192.5 0 14.5 28
9419112 192.5 0.5 14.5 28
9434575 193 -0.5 14.5 28
9434622 193 0 14.5 28
9434669 193 0.5 14.5 28
9450132 193.5 -0.5 14.5 28
9450179 193.5 0 14.5 28
9450226 193.5 0.5 14.5 28
9465689 194 -0.5 14.5 28
9465736 194 0 14.5 28
9465783 194 0.5 14.5 28
9481246 194.5 -0.5 14.5 28
9481293 194.5 0 14.5 28
9481340 194.5 0.5 14.5 28
9496803 195 -0.5 14.5 28
9496850 195 0 14.5 28
9496897 195 0.5 14.5 28
9512360 195.5 -0.5 14.5 28
9512407 195.5 0 14.5 28
9512454 195.5 0.5 14.5 28
9527917 196 -0.5 14.5 28
9527964 196 0 14.5 28
9528011 196 0.5 14.5 28
9543474 196.5 -0.5 14.5 28
9543521 196.5 0 14.5 28
9543568 196.5 0.5 14.5 28
9559031 197 -0.5 14.5 28
9559078 197 0 14.5 28
9559125 197 0.5 14.5 28
9574588 197.5 -0.5 14.5 28
9574635 197.5 0 14.5 28
9574682 197.5 0.5 14.5 28
9590145 198 -0.5 14.5 28
9590192 198 0 14.5 28
9590239 198 0.5 14.5 28
9605702 198.5 -0.5 14.5 28
9605749 198.5 0 14.5 28
9605796 198.5 0.5 14.5 28
9621259 199 -0.5 14.5 28
9621306 199 0 14.5 28
9621353 199 0.5 14.5 28
9636816 199.5 -0.5 14.5 28
9636863 199.5 0 14.5 28
9636910 199.5 0.5 14.5 28
9652373 200 -0.5 14.5 28
9652420 200 0 14.5 28
9652467 200 0.5 14.5 28
9667930 200.5 -0.5 14.5 28
9667977 200.5 0 14.5 28
9668024 200.5 0.5 14.5 28
9683487 201 -0.5 14.5 28
9683534 201 0 14.5 28
9683581 201 0.5 14.5 28
9699044 201.5 -0.5 14.5 28
9699091 201.5 0 14.5 28
9699138 201.5 0.5 14.5 28
9714601 202 -0.5 14.5 28
9714648 202 0 14.5 28
9714695 202 0.5 14.5 28
9730158 202.5 -0.5 14.5 28
9730205 202.5 0 14.5 28
9730252 202.5 0.5 14.5 28
9745715 203 -0.5 14.5 28
9745762 203 0 14.5 28
9745809 203 0.5 14.5 28
9761272 203.5 -0.5 14.5 28
9761319 203.5 0 14.5 28
9761366 203.5 0.5 14.5 28
9776829 204 -0.5 14.5 28
9776876 204 0 14.5 28
9776923 204 0.5 14.5 28
9792386 204.5 -0.5 14.5 28
9792433 204.5 0 14.5 28
9792480 204.5 0.5 14.5 28
9807943 205 -0.5 14.5 28
9807990 205 0 14.5 28
9808037 205 0.5 14.5 28
9823500 205.5 -0.5 14.5 28
9823547 205.5 0 14.5 28
9823594 205.5 0.5 14.5 28
9839057 206 -0.5 14.5 28
9839104 206 0 14.5 28
9839151 206 0.5 14.5 28
9854614 206.5 -0.5 14.5 28
9854661 206.5 0 14.5 28
9854708 206.5 0.5 14.5 28
9870171 207 -0.5 14.5 28
9870218 207 0 14.5 28
9870265 207 0.5 14.5 28
9885728 207.5 -0.5 14.5 28
9885775 207.5 0 14.5 28
9885822 207.5 0.5 14.5 28
9901285 208 -0.5 14.5 28
9901332 208 0 14.5 28
9901379 208 0.5 14.5 28
9916842 208.5 -0.5 14.5 28
9916889 208.5 0 14.5 28
9916936 208.5 0.5 14.5 28
9932399 209 -0.5 14.5 28
9932446 209 0 14.5 28
9932493 209 0.5 14.5 28
9947956 209.5 -0.5 14.5 28
9948003 209.5 0 14.5 28
9948050 209.5 0.5 14.5 28
9963513 210 -0.5 14.5 28
9963560 210 0 14.5 28
9963607 210 0.5 14.5 28
9979070 210.5 -0.5 14.5 28
9979117 210.5 0 14.5 28
9979164 210.5 0.5 14.5 28
9994627 211 -0.5 14.5 28
9994674 211 0 14.5 28
9994721 211 0.5 14.5 28
10010184 211.5 -0.5 14.5 28
10010231 211.5 0 14.5 28
10010278 211.5 0.5 14.5 28
10025741 212 -0.5 14.5 28
10025788 212 0 14.5 28
10025835 212 0.5 14.5 28
10041298 212.5 -0.5 14.5 28
10041345 212.5 0 14.5 28
10041392 212.5 0.5 14.5 28
10056855 213 -0.5 14.5 28
10056902 213 0 14.5 28
10056949 213 0.5 14.5 28
10072412 213.5 -0.5 14.5 28
10072459 213.5 0 14.5 28
10072506 213.5 0.5 14.5 28
10087969 214 -0.5 14.5 28
10088016 214 0 14.5 28
10088063 214 0.5 14.5 28
10103526 214.5 -0.5 14.5 28
10103573 214.5 0 14.5 28
10103620 214.5 0.5 14.5 28
10119083 215 -0.5 14.5 28
10119130 215 0 14.5 28
10119177 215 0.5 14.5 28
10134640 215.5 -0.5 14.5 28
10134687 215.5 0 14.5 28
10134734 215.5 0.5 14.5 28
10150197 216 -0.5 14.5 28
10150244 216 0 14.5 28
10150291 216 0.5 14.5 28
10165754 216.5 -0.5 14.5 28
10165801 216.5 0 14.5 28
10165848 216.5 0.5 14.5 28
10181311 217 -0.5 14.5 28
10181358 217 0 14.5 28
10181405 217 0.5 14.5 28
10196868 217.5 -0.5 14.5 28
10196915 217.5 0 14.5 28
10196962 217.5 0.5 14.5 28
10212425 218 -0.5 14.5 28
10212472 218 0 14.5 28
10212519 218 0.5 14.5 28
10227982 218.5 -0.5 14.5 28
10228029 218.5 0 14.5 28
10228076 218.5 0.5 14.5 28
10243539 219 -0.5 14.5 28
10243586 219 0 14.5 28
10243633 219 0.5 14.5 28
10259096 219.5 -0.5 14.5 28
10259143 219.5 0 14.5 28
10259190 219.5 0.5 14.5 28
10274653 220 -0.5 14.5 28
10274700 220 0 14.5 28
10274747 220 0.5 14.5 28
10290210 220.5 -0.5 14.5 28
10290257 220.5 0 14.5 28
10290304 220.5 0.5 14.5 28
10305767 221 -0.5 14.5 28
10305814 221 0 14.5 28
10305861 221 0.5 14.5 28
10321324 221.5 -0.5 14.5 28
10321371 221.5 0 14.5 28
10321418 221.5 0.5 14.5 28
10336881 222 -0.5 14.5 28
10336928 222 0 14.5 28
10336975 222 0.5 14.5 28
10352438 222.5 -0.5 14.5 28
10352485 222.5 0 14.5 28
10352532 222.5 0.5 14.5 28
10367995 223 -0.5 14.5 28
10368042 223 0 14.5 28
10368089 223 0.5 14.5 28
10383552 223.5 -0.5 14.5 28
10383599 223.5 0 14.5 28
