4210726 25 34.5 21 24
4210727 25 34.5 21.5 24
4226189 25.5 33.5 21 24
4226190 25.5 33.5 21.5 24
4226236 25.5 34 21 24
4226237 25.5 34 21.5 24
4226283 25.5 34.5 21 24
4226284 25.5 34.5 21.5 24
4241652 26 32.5 21 24
4241653 26 32.5 21.5 24
4241699 26 33 21 24
4241700 26 33 21.5 24
4241746 26 33.5 21 24
4241747 26 33.5 21.5 24
4241793 26 34 21 24
4241794 26 34 21.5 24
4241840 26 34.5 21 24
4241841 26 34.5 21.5 24
4257162 26.5 32 21 24
4257163 26.5 32 21.5 24
4257209 26.5 32.5 21 24
4257210 26.5 32.5 21.5 24
4257256 26.5 33 21 24
4257257 26.5 33 21.5 24
4257303 26.5 33.5 21 24
4257304 26.5 33.5 21.5 24
4257350 26.5 34 21 24
4257351 26.5 34 21.5 24
4257397 26.5 34.5 21 24
4257398 26.5 34.5 21.5 24
4272625 27 31 21 24
4272626 27 31 21.5 24
4272672 27 31.5 21 24
4272673 27 31.5 21.5 24
4272719 27 32 21 24
4272720 27 32 21.5 24
4272766 27 32.5 21 24
4272767 27 32.5 21.5 24
4272813 27 33 21 24
4272814 27 33 21.5 24
4272860 27 33.5 21 24
4272861 27 33.5 21.5 24
4272907 27 34 21 24
4272908 27 34 21.5 24
4288135 27.5 30.5 21 24
4288136 27.5 30.5 21.5 24
4288182 27.5 31 21 24
4288183 27.5 31 21.5 24
4288229 27.5 31.5 21 24
4288230 27.5 31.5 21.5 24
4288276 27.5 32 21 24
4288277 27.5 32 21.5 24
4288323 27.5 32.5 21 24
4288324 27.5 32.5 21.5 24
4288370 27.5 33 21 24
4288371 27.5 33 21.5 24
4303598 28 29.5 21 24
4303599 28 29.5 21.5 24
4303645 28 30 21 24
4303646 28 30 21.5 24
4303692 28 30.5 21 24
4303693 28 30.5 21.5 24
4303739 28 31 21 24
4303740 28 31 21.5 24
4303786 28 31.5 21 24
4303787 28 31.5 21.5 24
4303833 28 32 21 24
4303834 28 32 21.5 24
4319108 28.5 29 21 24
4319109 28.5 29 21.5 24
4319155 28.5 29.5 21 24
4319156 28.5 29.5 21.5 24
4319202 28.5 30 21 24
4319203 28.5 30 21.5 24
4319249 28.5 30.5 21 24
4319250 28.5 30.5 21.5 24
4319296 28.5 31 21 24
4319297 28.5 31 21.5 24
4319343 28.5 31.5 21 24
4319344 28.5 31.5 21.5 24
4334571 29 28 21 24
4334572 29 28 21.5 24
4334618 29 28.5 21 24
4334619 29 28.5 21.5 24
4334665 29 29 21 24
4334666 29 29 21.5 24
4334712 29 29.5 21 24
4334713 29 29.5 21.5 24
4334759 29 30 21 24
4334760 29 30 21.5 24
4334806 29 30.5 21 24
4334807 29 30.5 21.5 24
4350081 29.5 27.5 21 24
4350082 29.5 27.5 21.5 24
4350128 29.5 28 21 24
4350129 29.5 28 21.5 24
4350175 29.5 28.5 21 24
4350176 29.5 28.5 21.5 24
4350222 29.5 29 21 24
4350223 29.5 29 21.5 24
4350269 29.5 29.5 21 24
4350270 29.5 29.5 21.5 24
4350316 29.5 30 21 24
4350317 29.5 30 21.5 24
4365544 30 26.5 21 24
4365545 30 26.5 21.5 24
4365591 30 27 21 24
4365592 30 27 21.5 24
4365638 30 27.5 21 24
4365639 30 27.5 21.5 24
4365685 30 28 21 24
4365686 30 28 21.5 24
4365732 30 28.5 21 24
4365733 30 28.5 21.5 24
4365779 30 29 21 24
4365780 30 29 21.5 24
4381054 30.5 26 21 24
4381055 30.5 26 21.5 24
4381101 30.5 26.5 21 24
4381102 30.5 26.5 21.5 24
4381148 30.5 27 21 24
4381149 30.5 27 21.5 24
4381195 30.5 27.5 21 24
4381196 30.5 27.5 21.5 24
4381242 30.5 28 21 24
4381243 30.5 28 21.5 24
4381289 30.5 28.5 21 24
4381290 30.5 28.5 21.5 24
4396517 31 25 21 24
4396518 31 25 21.5 24
4396564 31 25.5 21 24
4396565 31 25.5 21.5 24
4396611 31 26 21 24
4396612 31 26 21.5 24
4396658 31 26.5 21 24
4396659 31 26.5 21.5 24
4396705 31 27 21 24
4396706 31 27 21.5 24
4396752 31 27.5 21 24
4396753 31 27.5 21.5 24
4411980 31.5 24 21 24
4411981 31.5 24 21.5 24
4412027 31.5 24.5 21 24
4412028 31.5 24.5 21.5 24
4412074 31.5 25 21 24
4412075 31.5 25 21.5 24
4412121 31.5 25.5 21 24
4412122 31.5 25.5 21.5 24
4412168 31.5 26 21 24
4412169 31.5 26 21.5 24
4412215 31.5 26.5 21 24
4412216 31.5 26.5 21.5 24
4412262 31.5 27 21 24
4412263 31.5 27 21.5 24
4427490 32 23.5 21 24
4427491 32 23.5 21.5 24
4427537 32 24 21 24
4427538 32 24 21.5 24
4427584 32 24.5 21 24
4427585 32 24.5 21.5 24
4427631 32 25 21 24
4427632 32 25 21.5 24
4427678 32 25.5 21 24
4427679 32 25.5 21.5 24
4427725 32 26 21 24
4427726 32 26 21.5 24
4442953 32.5 22.5 21 24
4442954 32.5 22.5 21.5 24
4443000 32.5 23 21 24
4443001 32.5 23 21.5 24
4443047 32.5 23.5 21 24
4443048 32.5 23.5 21.5 24
4443094 32.5 24 21 24
4443095 32.5 24 21.5 24
4443141 32.5 24.5 21 24
4443142 32.5 24.5 21.5 24
4443188 32.5 25 21 24
4443189 32.5 25 21.5 24
4443235 32.5 25.5 21 24
4443236 32.5 25.5 21.5 24
4458463 33 22 21 24
4458464 33 22 21.5 24
4458510 33 22.5 21 24
4458511 33 22.5 21.5 24
4458557 33 23 21 24
4458558 33 23 21.5 24
4458604 33 23.5 21 24
4458605 33 23.5 21.5 24
4458651 33 24 21 24
4458652 33 24 21.5 24
4458698 33 24.5 21 24
4458699 33 24.5 21.5 24
4473926 33.5 21 21 24
4473927 33.5 21 21.5 24
4473973 33.5 21.5 21 24
4473974 33.5 21.5 21.5 24
4474020 33.5 22 21 24
4474021 33.5 22 21.5 24
4474067 33.5 22.5 21 24
4474068 33.5 22.5 21.5 24
4474114 33.5 23 21 24
4474115 33.5 23 21.5 24
4474161 33.5 23.5 21 24
4474162 33.5 23.5 21.5 24
4489436 34 20.5 21 24
4489437 34 20.5 21.5 24
4489483 34 21 21 24
4489484 34 21 21.5 24
4489530 34 21.5 21 24
4489531 34 21.5 21.5 24
4489577 34 22 21 24
4489578 34 22 21.5 24
4489624 34 22.5 21 24
4489625 34 22.5 21.5 24
4489671 34 23 21 24
4489672 34 23 21.5 24
4504899 34.5 19.5 21 24
4504900 34.5 19.5 21.5 24
4504946 34.5 20 21 24
4504947 34.5 20 21.5 24
4504993 34.5 20.5 21 24
4504994 34.5 20.5 21.5 24
4505040 34.5 21 21 24
4505041 34.5 21 21.5 24
4505087 34.5 21.5 21 24
4505088 34.5 21.5 21.5 24
4505134 34.5 22 21 24
4505135 34.5 22 21.5 24
4520409 35 19 21 24
4520410 35 19 21.5 24
4520456 35 19.5 21 24
4520457 35 19.5 21.5 24
4520503 35 20 21 24
4520504 35 20 21.5 24
4520550 35 20.5 21 24
4520551 35 20.5 21.5 24
4520597 35 21 21 24
4520598 35 21 21.5 24
4520644 35 21.5 21 24
4520645 35 21.5 21.5 24
4535872 35.5 18 21 24
4535873 35.5 18 21.5 24
4535919 35.5 18.5 21 24
4535920 35.5 18.5 21.5 24
4535966 35.5 19 21 24
4535967 35.5 19 21.5 24
4536013 35.5 19.5 21 24
4536014 35.5 19.5 21.5 24
4536060 35.5 20 21 24
4536061 35.5 20 21.5 24
4536107 35.5 20.5 21 24
4536108 35.5 20.5 21.5 24
4551382 36 17.5 21 24
4551383 36 17.5 21.5 24
4551429 36 18 21 24
4551430 36 18 21.5 24
4551476 36 18.5 21 24
4551477 36 18.5 21.5 24
4551523 36 19 21 24
4551524 36 19 21.5 24
4551570 36 19.5 21 24
4551571 36 19.5 21.5 24
4551617 36 20 21 24
4551618 36 20 21.5 24
4566845 36.5 16.5 21 24
4566846 36.5 16.5 21.5 24
4566892 36.5 17 21 24
4566893 36.5 17 21.5 24
4566939 36.5 17.5 21 24
4566940 36.5 17.5 21.5 24
4566986 36.5 18 21 24
4566987 36.5 18 21.5 24
4567033 36.5 18.5 21 24
4567034 36.5 18.5 21.5 24
4567080 36.5 19 21 24
4567081 36.5 19 21.5 24
4582308 37 15.5 21 24
4582309 37 15.5 21.5 24
4582355 37 16 21 24
4582356 37 16 21.5 24
4582402 37 16.5 21 24
4582403 37 16.5 21.5 24
4582449 37 17 21 24
4582450 37 17 21.5 24
4582496 37 17.5 21 24
4582497 37 17.5 21.5 24
4582543 37 18 21 24
4582544 37 18 21.5 24
4582590 37 18.5 21 24
4582591 37 18.5 21.5 24
4597818 37.5 15 21 24
4597819 37.5 15 21.5 24
4597865 37.5 15.5 21 24
4597866 37.5 15.5 21.5 24
4597912 37.5 16 21 24
4597913 37.5 16 21.5 24
4597959 37.5 16.5 21 24
4597960 37.5 16.5 21.5 24
4598006 37.5 17 21 24
4598007 37.5 17 21.5 24
4598053 37.5 17.5 21 24
4598054 37.5 17.5 21.5 24
4613281 38 14 21 24
4613282 38 14 21.5 24
4613328 38 14.5 21 24
4613329 38 14.5 21.5 24
4613375 38 15 21 24
4613376 38 15 21.5 24
4613422 38 15.5 21 24
4613423 38 15.5 21.5 24
4613469 38 16 21 24
4613470 38 16 21.5 24
4613516 38 16.5 21 24
4613517 38 16.5 21.5 24
4613563 38 17 21 24
4613564 38 17 21.5 24
4628791 38.5 13.5 21 24
4628792 38.5 13.5 21.5 24
4628838 38.5 14 21 24
4628839 38.5 14 21.5 24
4628885 38.5 14.5 21 24
4628886 38.5 14.5 21.5 24
4628932 38.5 15 21 24
4628933 38.5 15 21.5 24
4628979 38.5 15.5 21 24
4628980 38.5 15.5 21.5 24
4629026 38.5 16 21 24
4629027 38.5 16 21.5 24
4644254 39 12.5 21 24
4644255 39 12.5 21.5 24
4644301 39 13 21 24
4644302 39 13 21.5 24
4644348 39 13.5 21 24
4644349 39 13.5 21.5 24
4644395 39 14 21 24
4644396 39 14 21.5 24
4644442 39 14.5 21 24
4644443 39 14.5 21.5 24
4644489 39 15 21 24
4644490 39 15 21.5 24
4659764 39.5 12 21 24
4659765 39.5 12 21.5 24
4659811 39.5 12.5 21 24
4659812 39.5 12.5 21.5 24
4659858 39.5 13 21 24
4659859 39.5 13 21.5 24
4659905 39.5 13.5 21 24
4659906 39.5 13.5 21.5 24
4659952 39.5 14 21 24
4659953 39.5 14 21.5 24
4659999 39.5 14.5 21 24
4660000 39.5 14.5 21.5 24
4675227 40 11 21 24
4675228 40 11 21.5 24
4675274 40 11.5 21 24
4675275 40 11.5 21.5 24
4675321 40 12 21 24
4675322 40 12 21.5 24
4675368 40 12.5 21 24
4675369 40 12.5 21.5 24
4675415 40 13 21 24
4675416 40 13 21.5 24
4675462 40 13.5 21 24
4675463 40 13.5 21.5 24
4690737 40.5 10.5 21 24
4690738 40.5 10.5 21.5 24
4690784 40.5 11 21 24
4690785 40.5 11 21.5 24
4690831 40.5 11.5 21 24
4690832 40.5 11.5 21.5 24
4690878 40.5 12 21 24
4690879 40.5 12 21.5 24
4690925 40.5 12.5 21 24
4690926 40.5 12.5 21.5 24
4690972 40.5 13 21 24
4690973 40.5 13 21.5 24
4706200 41 9.5 21 24
4706201 41 9.5 21.5 24
4706247 41 10 21 24
4706248 41 10 21.5 24
4706294 41 10.5 21 24
4706295 41 10.5 21.5 24
4706341 41 11 21 24
4706342 41 11 21.5 24
4706388 41 11.5 21 24
4706389 41 11.5 21.5 24
4706435 41 12 21 24
4706436 41 12 21.5 24
4721710 41.5 9 21 24
4721711 41.5 9 21.5 24
4721757 41.5 9.5 21 24
4721758 41.5 9.5 21.5 24
4721804 41.5 10 21 24
4721805 41.5 10 21.5 24
4721851 41.5 10.5 21 24
4721852 41.5 10.5 21.5 24
4721898 41.5 11 21 24
4721899 41.5 11 21.5 24
4721945 41.5 11.5 21 24
4721946 41.5 11.5 21.5 24
4737173 42 8 21 24
4737174 42 8 21.5 24
4737220 42 8.5 21 24
4737221 42 8.5 21.5 24
4737267 42 9 21 24
4737268 42 9 21.5 24
4737314 42 9.5 21 24
4737315 42 9.5 21.5 24
4737361 42 10 21 24
4737362 42 10 21.5 24
4737408 42 10.5 21 24
4737409 42 10.5 21.5 24
4752636 42.5 7 21 24
4752637 42.5 7 21.5 24
4752683 42.5 7.5 21 24
4752684 42.5 7.5 21.5 24
4752730 42.5 8 21 24
4752731 42.5 8 21.5 24
4752777 42.5 8.5 21 24
4752778 42.5 8.5 21.5 24
4752824 42.5 9 21 24
4752825 42.5 9 21.5 24
4752871 42.5 9.5 21 24
4752872 42.5 9.5 21.5 24
4752918 42.5 10 21 24
4752919 42.5 10 21.5 24
4768146 43 6.5 21 24
4768147 43 6.5 21.5 24
4768193 43 7 21 24
4768194 43 7 21.5 24
4768240 43 7.5 21 24
4768241 43 7.5 21.5 24
4768287 43 8 21 24
4768288 43 8 21.5 24
4768334 43 8.5 21 24
4768335 43 8.5 21.5 24
4768381 43 9 21 24
4768382 43 9 21.5 24
4783609 43.5 5.5 21 24
4783610 43.5 5.5 21.5 24
4783656 43.5 6 21 24
4783657 43.5 6 21.5 24
4783703 43.5 6.5 21 24
4783704 43.5 6.5 21.5 24
4783750 43.5 7 21 24
4783751 43.5 7 21.5 24
4783797 43.5 7.5 21 24
4783798 43.5 7.5 21.5 24
4783844 43.5 8 21 24
4783845 43.5 8 21.5 24
4783891 43.5 8.5 21 24
4783892 43.5 8.5 21.5 24
4799119 44 5 21 24
4799120 44 5 21.5 24
4799166 44 5.5 21 24
4799167 44 5.5 21.5 24
4799213 44 6 21 24
4799214 44 6 21.5 24
4799260 44 6.5 21 24
4799261 44 6.5 21.5 24
4799307 44 7 21 24
4799308 44 7 21.5 24
4799354 44 7.5 21 24
4799355 44 7.5 21.5 24
4814582 44.5 4 21 24
4814583 44.5 4 21.5 24
4814629 44.5 4.5 21 24
4814630 44.5 4.5 21.5 24
4814676 44.5 5 21 24
4814677 44.5 5 21.5 24
4814723 44.5 5.5 21 24
4814724 44.5 5.5 21.5 24
4814770 44.5 6 21 24
4814771 44.5 6 21.5 24
4814817 44.5 6.5 21 24
4814818 44.5 6.5 21.5 24
4830092 45 3.5 21 24
4830093 45 3.5 21.5 24
4830139 45 4 21 24
4830140 45 4 21.5 24
4830186 45 4.5 21 24
4830187 45 4.5 21.5 24
4830233 45 5 21 24
4830234 45 5 21.5 24
4830280 45 5.5 21 24
4830281 45 5.5 21.5 24
4830327 45 6 21 24
4830328 45 6 21.5 24
4845555 45.5 2.5 21 24
4845556 45.5 2.5 21.5 24
4845602 45.5 3 21 24
4845603 45.5 3 21.5 24
4845649 45.5 3.5 21 24
4845650 45.5 3.5 21.5 24
4845696 45.5 4 21 24
4845697 45.5 4 21.5 24
4845743 45.5 4.5 21 24
4845744 45.5 4.5 21.5 24
4845790 45.5 5 21 24
4845791 45.5 5 21.5 24
4861065 46 2 21 24
4861066 46 2 21.5 24
4861112 46 2.5 21 24
4861113 46 2.5 21.5 24
4861159 46 3 21 24
4861160 46 3 21.5 24
4861206 46 3.5 21 24
4861207 46 3.5 21.5 24
4861253 46 4 21 24
4861254 46 4 21.5 24
4861300 46 4.5 21 24
4861301 46 4.5 21.5 24
4876528 46.5 1 21 24
4876529 46.5 1 21.5 24
4876575 46.5 1.5 21 24
4876576 46.5 1.5 21.5 24
4876622 46.5 2 21 24
4876623 46.5 2 21.5 24
4876669 46.5 2.5 21 24
4876670 46.5 2.5 21.5 24
4876716 46.5 3 21 24
4876717 46.5 3 21.5 24
4876763 46.5 3.5 21 24
4876764 46.5 3.5 21.5 24
4891991 47 0 21 24
4891992 47 0 21.5 24
4892038 47 0.5 21 24
4892039 47 0.5 21.5 24
4892085 47 1 21 24
4892086 47 1 21.5 24
4892132 47 1.5 21 24
4892133 47 1.5 21.5 24
4892179 47 2 21 24
4892180 47 2 21.5 24
4892226 47 2.5 21 24
4892227 47 2.5 21.5 24
4892273 47 3 21 24
4892274 47 3 21.5 24
4907501 47.5 -0.5 21 24
4907502 47.5 -0.5 21.5 24
4907548 47.5 0 21 24
4907549 47.5 0 21.5 24
4907595 47.5 0.5 21 24
4907596 47.5 0.5 21.5 24
4907642 47.5 1 21 24
4907643 47.5 1 21.5 24
4907689 47.5 1.5 21 24
4907690 47.5 1.5 21.5 24
4907736 47.5 2 21 24
4907737 47.5 2 21.5 24
4922964 48 -1.5 21 24
4922965 48 -1.5 21.5 24
4923011 48 -1 21 24
4923012 48 -1 21.5 24
4923058 48 -0.5 21 24
4923059 48 -0.5 21.5 24
4923105 48 0 21 24
4923106 48 0 21.5 24
4923152 48 0.5 21 24
4923153 48 0.5 21.5 24
4923199 48 1 21 24
4923200 48 1 21.5 24
4923246 48 1.5 21 24
4923247 48 1.5 21.5 24
4938474 48.5 -2 21 24
4938475 48.5 -2 21.5 24
4938521 48.5 -1.5 21 24
4938522 48.5 -1.5 21.5 24
4938568 48.5 -1 21 24
4938569 48.5 -1 21.5 24
4938615 48.5 -0.5 21 24
4938616 48.5 -0.5 21.5 24
4938662 48.5 0 21 24
4938663 48.5 0 21.5 24
4938709 48.5 0.5 21 24
4938710 48.5 0.5 21.5 24
4953937 49 -3 21 24
4953938 49 -3 21.5 24
4953984 49 -2.5 21 24
4953985 49 -2.5 21.5 24
4954031 49 -2 21 24
4954032 49 -2 21.5 24
4954078 49 -1.5 21 24
4954079 49 -1.5 21.5 24
4954125 49 -1 21 24
4954126 49 -1 21.5 24
4954172 49 -0.5 21 24
4954173 49 -0.5 21.5 24
4969447 49.5 -3.5 21 24
4969448 49.5 -3.5 21.5 24
4969494 49.5 -3 21 24
4969495 49.5 -3 21.5 24
4969541 49.5 -2.5 21 24
4969542 49.5 -2.5 21.5 24
4969588 49.5 -2 21 24
4969589 49.5 -2 21.5 24
4969635 49.5 -1.5 21 24
4969636 49.5 -1.5 21.5 24
4969682 49.5 -1 21 24
4969683 49.5 -1 21.5 24
4984910 50 -4.5 21 24
4984911 50 -4.5 21.5 24
4984957 50 -4 21 24
4984958 50 -4 21.5 24
4985004 50 -3.5 21 24
4985005 50 -3.5 21.5 24
4985051 50 -3 21 24
4985052 50 -3 21.5 24
4985098 50 -2.5 21 24
4985099 50 -2.5 21.5 24
4985145 50 -2 21 24
4985146 50 -2 21.5 24
5000420 50.5 -5 21 24
5000421 50.5 -5 21.5 24
5000467 50.5 -4.5 21 24
5000468 50.5 -4.5 21.5 24
5000514 50.5 -4 21 24
5000515 50.5 -4 21.5 24
5000561 50.5 -3.5 21 24
5000562 50.5 -3.5 21.5 24
5000608 50.5 -3 21 24
5000609 50.5 -3 21.5 24
5000655 50.5 -2.5 21 24
5000656 50.5 -2.5 21.5 24
5015883 51 -6 21 24
5015884 51 -6 21.5 24
5015930 51 -5.5 21 24
5015931 51 -5.5 21.5 24
5015977 51 -5 21 24
5015978 51 -5 21.5 24
5016024 51 -4.5 21 24
5016025 51 -4.5 21.5 24
5016071 51 -4 21 24
5016072 51 -4 21.5 24
5016118 51 -3.5 21 24
5016119 51 -3.5 21.5 24
5031393 51.5 -6.5 21 24
5031394 51.5 -6.5 21.5 24
5031440 51.5 -6 21 24
5031441 51.5 -6 21.5 24
5031487 51.5 -5.5 21 24
5031488 51.5 -5.5 21.5 24
5031534 51.5 -5 21 24
5031535 51.5 -5 21.5 24
5031581 51.5 -4.5 21 24
5031582 51.5 -4.5 21.5 24
5031628 51.5 -4 21 24
5031629 51.5 -4 21.5 24
5046856 52 -7.5 21 24
5046857 52 -7.5 21.5 24
5046903 52 -7 21 24
5046904 52 -7 21.5 24
5046950 52 -6.5 21 24
5046951 52 -6.5 21.5 24
5046997 52 -6 21 24
5046998 52 -6 21.5 24
5047044 52 -5.5 21 24
5047045 52 -5.5 21.5 24
5047091 52 -5 21 24
5047092 52 -5 21.5 24
5062319 52.5 -8.5 21 24
5062320 52.5 -8.5 21.5 24
5062366 52.5 -8 21 24
5062367 52.5 -8 21.5 24
5062413 52.5 -7.5 21 24
5062414 52.5 -7.5 21.5 24
5062460 52.5 -7 21 24
5062461 52.5 -7 21.5 24
5062507 52.5 -6.5 21 24
5062508 52.5 -6.5 21.5 24
5062554 52.5 -6 21 24
5062555 52.5 -6 21.5 24
5062601 52.5 -5.5 21 24
5062602 52.5 -5.5 21.5 24
5077829 53 -9 21 24
5077830 53 -9 21.5 24
5077876 53 -8.5 21 24
5077877 53 -8.5 21.5 24
5077923 53 -8 21 24
5077924 53 -8 21.5 24
5077970 53 -7.5 21 24
5077971 53 -7.5 21.5 24
5078017 53 -7 21 24
5078018 53 -7 21.5 24
5078064 53 -6.5 21 24
5078065 53 -6.5 21.5 24
5093292 53.5 -10 21 24
5093293 53.5 -10 21.5 24
5093339 53.5 -9.5 21 24
5093340 53.5 -9.5 21.5 24
5093386 53.5 -9 21 24
5093387 53.5 -9 21.5 24
5093433 53.5 -8.5 21 24
5093434 53.5 -8.5 21.5 24
5093480 53.5 -8 21 24
5093481 53.5 -8 21.5 24
5093527 53.5 -7.5 21 24
5093528 53.5 -7.5 21.5 24
5093574 53.5 -7 21 24
5093575 53.5 -7 21.5 24
5108802 54 -10.5 21 24
5108803 54 -10.5 21.5 24
5108849 54 -10 21 24
5108850 54 -10 21.5 24
5108896 54 -9.5 21 24
5108897 54 -9.5 21.5 24
5108943 54 -9 21 24
5108944 54 -9 21.5 24
5108990 54 -8.5 21 24
5108991 54 -8.5 21.5 24
5109037 54 -8 21 24
5109038 54 -8 21.5 24
5124265 54.5 -11.5 21 24
5124266 54.5 -11.5 21.5 24
5124312 54.5 -11 21 24
5124313 54.5 -11 21.5 24
5124359 54.5 -10.5 21 24
5124360 54.5 -10.5 21.5 24
5124406 54.5 -10 21 24
5124407 54.5 -10 21.5 24
5124453 54.5 -9.5 21 24
5124454 54.5 -9.5 21.5 24
5124500 54.5 -9 21 24
5124501 54.5 -9 21.5 24
5139775 55 -12 21 24
5139776 55 -12 21.5 24
5139822 55 -11.5 21 24
5139823 55 -11.5 21.5 24
5139869 55 -11 21 24
5139870 55 -11 21.5 24
5139916 55 -10.5 21 24
5139917 55 -10.5 21.5 24
5139963 55 -10 21 24
5139964 55 -10 21.5 24
5140010 55 -9.5 21 24
5140011 55 -9.5 21.5 24
5155238 55.5 -13 21 24
5155239 55.5 -13 21.5 24
5155285 55.5 -12.5 21 24
5155286 55.5 -12.5 21.5 24
5155332 55.5 -12 21 24
5155333 55.5 -12 21.5 24
5155379 55.5 -11.5 21 24
5155380 55.5 -11.5 21.5 24
5155426 55.5 -11 21 24
5155427 55.5 -11 21.5 24
5155473 55.5 -10.5 21 24
5155474 55.5 -10.5 21.5 24
5170748 56 -13.5 21 24
5170749 56 -13.5 21.5 24
5170795 56 -13 21 24
5170796 56 -13 21.5 24
5170842 56 -12.5 21 24
5170843 56 -12.5 21.5 24
5170889 56 -12 21 24
5170890 56 -12 21.5 24
5170936 56 -11.5 21 24
5170937 56 -11.5 21.5 24
5170983 56 -11 21 24
5170984 56 -11 21.5 24
5186211 56.5 -14.5 21 24
5186212 56.5 -14.5 21.5 24
5186258 56.5 -14 21 24
5186259 56.5 -14 21.5 24
5186305 56.5 -13.5 21 24
5186306 56.5 -13.5 21.5 24
5186352 56.5 -13 21 24
5186353 56.5 -13 21.5 24
5186399 56.5 -12.5 21 24
5186400 56.5 -12.5 21.5 24
5186446 56.5 -12 21 24
5186447 56.5 -12 21.5 24
5201721 57 -15 21 24
5201722 57 -15 21.5 24
5201768 57 -14.5 21 24
5201769 57 -14.5 21.5 24
5201815 57 -14 21 24
5201816 57 -14 21.5 24
5201862 57 -13.5 21 24
5201863 57 -13.5 21.5 24
5201909 57 -13 21 24
5201910 57 -13 21.5 24
5201956 57 -12.5 21 24
5201957 57 -12.5 21.5 24
5217184 57.5 -16 21 24
5217185 57.5 -16 21.5 24
5217231 57.5 -15.5 21 24
5217232 57.5 -15.5 21.5 24
5217278 57.5 -15 21 24
5217279 57.5 -15 21.5 24
5217325 57.5 -14.5 21 24
5217326 57.5 -14.5 21.5 24
5217372 57.5 -14 21 24
5217373 57.5 -14 21.5 24
5217419 57.5 -13.5 21 24
5217420 57.5 -13.5 21.5 24
5232647 58 -17 21 24
5232648 58 -17 21.5 24
5232694 58 -16.5 21 24
5232695 58 -16.5 21.5 24
5232741 58 -16 21 24
5232742 58 -16 21.5 24
5232788 58 -15.5 21 24
5232789 58 -15.5 21.5 24
5232835 58 -15 21 24
5232836 58 -15 21.5 24
5232882 58 -14.5 21 24
5232883 58 -14.5 21.5 24
5232929 58 -14 21 24
5232930 58 -14 21.5 24
5248157 58.5 -17.5 21 24
5248158 58.5 -17.5 21.5 24
5248204 58.5 -17 21 24
5248205 58.5 -17 21.5 24
5248251 58.5 -16.5 21 24
5248252 58.5 -16.5 21.5 24
5248298 58.5 -16 21 24
5248299 58.5 -16 21.5 24
5248345 58.5 -15.5 21 24
5248346 58.5 -15.5 21.5 24
5248392 58.5 -15 21 24
5248393 58.5 -15 21.5 24
5263667 59 -18 21 24
5263668 59 -18 21.5 24
5263714 59 -17.5 21 24
5263715 59 -17.5 21.5 24
5263761 59 -17 21 24
5263762 59 -17 21.5 24
5263808 59 -16.5 21 24
5263809 59 -16.5 21.5 24
5263855 59 -16 21 24
5263856 59 -16 21.5 24
5263902 59 -15.5 21 24
5263903 59 -15.5 21.5 24
5279224 59.5 -18 21 24
5279225 59.5 -18 21.5 24
5279271 59.5 -17.5 21 24
5279272 59.5 -17.5 21.5 24
5279318 59.5 -17 21 24
5279319 59.5 -17 21.5 24
5279365 59.5 -16.5 21 24
5279366 59.5 -16.5 21.5 24
5294781 60 -18 21 24
5294782 60 -18 21.5 24
5294828 60 -17.5 21 24
5294829 60 -17.5 21.5 24
5310338 60.5 -18 21 24
5310339 60.5 -18 21.5 24
