4364515 30 16 0 61
4364516 30 16 0.5 61
4364517 30 16 1 61
4364518 30 16 1.5 61
4364519 30 16 2 61
4364520 30 16 2.5 61
4364521 30 16 3 61
4364522 30 16 3.5 61
4364523 30 16 4 61
4364524 30 16 4.5 61
4364525 30 16 5 61
4364526 30 16 5.5 61
4364527 30 16 6 61
4364528 30 16 6.5 61
4364529 30 16 7 61
4364530 30 16 7.5 61
4364531 30 16 8 61
4364562 30 16.5 0 61
4364563 30 16.5 0.5 61
4364564 30 16.5 1 61
4364565 30 16.5 1.5 61
4364566 30 16.5 2 61
4364567 30 16.5 2.5 61
4364568 30 16.5 3 61
4364569 30 16.5 3.5 61
4364570 30 16.5 4 61
4364571 30 16.5 4.5 61
4364572 30 16.5 5 61
4364573 30 16.5 5.5 61
4364574 30 16.5 6 61
4364575 30 16.5 6.5 61
4364576 30 16.5 7 61
4364577 30 16.5 7.5 61
4364578 30 16.5 8 61
4364609 30 17 0 61
4364610 30 17 0.5 61
4364611 30 17 1 61
4364612 30 17 1.5 61
4364613 30 17 2 61
4364614 30 17 2.5 61
4364615 30 17 3 61
4364616 30 17 3.5 61
4364617 30 17 4 61
4364618 30 17 4.5 61
4364619 30 17 5 61
4364620 30 17 5.5 61
4364621 30 17 6 61
4364622 30 17 6.5 61
4364623 30 17 7 61
4364624 30 17 7.5 61
4364625 30 17 8 61
4364656 30 17.5 0 61
4364657 30 17.5 0.5 61
4364658 30 17.5 1 61
4364659 30 17.5 1.5 61
4364660 30 17.5 2 61
4364661 30 17.5 2.5 61
4364662 30 17.5 3 61
4364663 30 17.5 3.5 61
4364664 30 17.5 4 61
4364665 30 17.5 4.5 61
4364666 30 17.5 5 61
4364667 30 17.5 5.5 61
4364668 30 17.5 6 61
4364669 30 17.5 6.5 61
4364670 30 17.5 7 61
4364671 30 17.5 7.5 61
4364672 30 17.5 8 61
4380025 30.5 15.5 0 61
4380026 30.5 15.5 0.5 61
4380027 30.5 15.5 1 61
4380028 30.5 15.5 1.5 61
4380029 30.5 15.5 2 61
4380030 30.5 15.5 2.5 61
4380031 30.5 15.5 3 61
4380032 30.5 15.5 3.5 61
4380033 30.5 15.5 4 61
4380034 30.5 15.5 4.5 61
4380035 30.5 15.5 5 61
4380036 30.5 15.5 5.5 61
4380037 30.5 15.5 6 61
4380038 30.5 15.5 6.5 61
4380039 30.5 15.5 7 61
4380040 30.5 15.5 7.5 61
4380041 30.5 15.5 8 61
4380213 30.5 17.5 0 61
4380214 30.5 17.5 0.5 61
4380215 30.5 17.5 1 61
4380216 30.5 17.5 1.5 61
4380217 30.5 17.5 2 61
4380218 30.5 17.5 2.5 61
4380219 30.5 17.5 3 61
4380220 30.5 17.5 3.5 61
4380221 30.5 17.5 4 61
4380222 30.5 17.5 4.5 61
4380223 30.5 17.5 5 61
4380224 30.5 17.5 5.5 61
4380225 30.5 17.5 6 61
4380226 30.5 17.5 6.5 61
4380227 30.5 17.5 7 61
4380228 30.5 17.5 7.5 61
4380229 30.5 17.5 8 61
4395582 31 15.5 0 61
4395583 31 15.5 0.5 61
4395584 31 15.5 1 61
4395585 31 15.5 1.5 61
4395586 31 15.5 2 61
4395587 31 15.5 2.5 61
4395588 31 15.5 3 61
4395589 31 15.5 3.5 61
4395590 31 15.5 4 61
4395591 31 15.5 4.5 61
4395592 31 15.5 5 61
4395593 31 15.5 5.5 61
4395594 31 15.5 6 61
4395595 31 15.5 6.5 61
4395596 31 15.5 7 61
4395597 31 15.5 7.5 61
4395598 31 15.5 8 61
4395817 31 18 0 61
4395818 31 18 0.5 61
4395819 31 18 1 61
4395820 31 18 1.5 61
4395821 31 18 2 61
4395822 31 18 2.5 61
4395823 31 18 3 61
4395824 31 18 3.5 61
4395825 31 18 4 61
4395826 31 18 4.5 61
4395827 31 18 5 61
4395828 31 18 5.5 61
4395829 31 18 6 61
4395830 31 18 6.5 61
4395831 31 18 7 61
4395832 31 18 7.5 61
4395833 31 18 8 61
4411139 31.5 15.5 0 61
4411140 31.5 15.5 0.5 61
4411141 31.5 15.5 1 61
4411142 31.5 15.5 1.5 61
4411143 31.5 15.5 2 61
4411144 31.5 15.5 2.5 61
4411145 31.5 15.5 3 61
4411146 31.5 15.5 3.5 61
4411147 31.5 15.5 4 61
4411148 31.5 15.5 4.5 61
4411149 31.5 15.5 5 61
4411150 31.5 15.5 5.5 61
4411151 31.5 15.5 6 61
4411152 31.5 15.5 6.5 61
4411153 31.5 15.5 7 61
4411154 31.5 15.5 7.5 61
4411155 31.5 15.5 8 61
4411374 31.5 18 0 61
4411375 31.5 18 0.5 61
4411376 31.5 18 1 61
4411377 31.5 18 1.5 61
4411378 31.5 18 2 61
4411379 31.5 18 2.5 61
4411380 31.5 18 3 61
4411381 31.5 18 3.5 61
4411382 31.5 18 4 61
4411383 31.5 18 4.5 61
4411384 31.5 18 5 61
4411385 31.5 18 5.5 61
4411386 31.5 18 6 61
4411387 31.5 18 6.5 61
4411388 31.5 18 7 61
4411389 31.5 18 7.5 61
4411390 31.5 18 8 61
4426696 32 15.5 0 61
4426697 32 15.5 0.5 61
4426698 32 15.5 1 61
4426699 32 15.5 1.5 61
4426700 32 15.5 2 61
4426701 32 15.5 2.5 61
4426702 32 15.5 3 61
4426703 32 15.5 3.5 61
4426704 32 15.5 4 61
4426705 32 15.5 4.5 61
4426706 32 15.5 5 61
4426707 32 15.5 5.5 61
4426708 32 15.5 6 61
4426709 32 15.5 6.5 61
4426710 32 15.5 7 61
4426711 32 15.5 7.5 61
4426712 32 15.5 8 61
4426743 32 16 0 61
4426744 32 16 0.5 61
4426745 32 16 1 61
4426746 32 16 1.5 61
4426747 32 16 2 61
4426748 32 16 2.5 61
4426749 32 16 3 61
4426750 32 16 3.5 61
4426751 32 16 4 61
4426752 32 16 4.5 61
4426753 32 16 5 61
4426754 32 16 5.5 61
4426755 32 16 6 61
4426756 32 16 6.5 61
4426757 32 16 7 61
4426758 32 16 7.5 61
4426759 32 16 8 61
4426884 32 17.5 0 61
4426885 32 17.5 0.5 61
4426886 32 17.5 1 61
4426887 32 17.5 1.5 61
4426888 32 17.5 2 61
4426889 32 17.5 2.5 61
4426890 32 17.5 3 61
4426891 32 17.5 3.5 61
4426892 32 17.5 4 61
4426893 32 17.5 4.5 61
4426894 32 17.5 5 61
4426895 32 17.5 5.5 61
4426896 32 17.5 6 61
4426897 32 17.5 6.5 61
4426898 32 17.5 7 61
4426899 32 17.5 7.5 61
4426900 32 17.5 8 61
4442300 32.5 16 0 61
4442301 32.5 16 0.5 61
4442302 32.5 16 1 61
4442303 32.5 16 1.5 61
4442304 32.5 16 2 61
4442305 32.5 16 2.5 61
4442306 32.5 16 3 61
4442307 32.5 16 3.5 61
4442308 32.5 16 4 61
4442309 32.5 16 4.5 61
4442310 32.5 16 5 61
4442311 32.5 16 5.5 61
4442312 32.5 16 6 61
4442313 32.5 16 6.5 61
4442314 32.5 16 7 61
4442315 32.5 16 7.5 61
4442316 32.5 16 8 61
4442347 32.5 16.5 0 61
4442348 32.5 16.5 0.5 61
4442349 32.5 16.5 1 61
4442350 32.5 16.5 1.5 61
4442351 32.5 16.5 2 61
4442352 32.5 16.5 2.5 61
4442353 32.5 16.5 3 61
4442354 32.5 16.5 3.5 61
4442355 32.5 16.5 4 61
4442356 32.5 16.5 4.5 61
4442357 32.5 16.5 5 61
4442358 32.5 16.5 5.5 61
4442359 32.5 16.5 6 61
4442360 32.5 16.5 6.5 61
4442361 32.5 16.5 7 61
4442362 32.5 16.5 7.5 61
4442363 32.5 16.5 8 61
4442394 32.5 17 0 61
4442395 32.5 17 0.5 61
4442396 32.5 17 1 61
4442397 32.5 17 1.5 61
4442398 32.5 17 2 61
4442399 32.5 17 2.5 61
4442400 32.5 17 3 61
4442401 32.5 17 3.5 61
4442402 32.5 17 4 61
4442403 32.5 17 4.5 61
4442404 32.5 17 5 61
4442405 32.5 17 5.5 61
4442406 32.5 17 6 61
4442407 32.5 17 6.5 61
4442408 32.5 17 7 61
4442409 32.5 17 7.5 61
4442410 32.5 17 8 61
