4039369 19.5 32.5 0 62
4039370 19.5 32.5 0.5 62
4039371 19.5 32.5 1 62
4039372 19.5 32.5 1.5 62
4039373 19.5 32.5 2 62
4039374 19.5 32.5 2.5 62
4039375 19.5 32.5 3 62
4039376 19.5 32.5 3.5 62
4039377 19.5 32.5 4 62
4039378 19.5 32.5 4.5 62
4039379 19.5 32.5 5 62
4039380 19.5 32.5 5.5 62
4039381 19.5 32.5 6 62
4039382 19.5 32.5 6.5 62
4039383 19.5 32.5 7 62
4039384 19.5 32.5 7.5 62
4039385 19.5 32.5 8 62
4039416 19.5 33 0 62
4039417 19.5 33 0.5 62
4039418 19.5 33 1 62
4039419 19.5 33 1.5 62
4039420 19.5 33 2 62
4039421 19.5 33 2.5 62
4039422 19.5 33 3 62
4039423 19.5 33 3.5 62
4039424 19.5 33 4 62
4039425 19.5 33 4.5 62
4039426 19.5 33 5 62
4039427 19.5 33 5.5 62
4039428 19.5 33 6 62
4039429 19.5 33 6.5 62
4039430 19.5 33 7 62
4039431 19.5 33 7.5 62
4039432 19.5 33 8 62
4039463 19.5 33.5 0 62
4039464 19.5 33.5 0.5 62
4039465 19.5 33.5 1 62
4039466 19.5 33.5 1.5 62
4039467 19.5 33.5 2 62
4039468 19.5 33.5 2.5 62
4039469 19.5 33.5 3 62
4039470 19.5 33.5 3.5 62
4039471 19.5 33.5 4 62
4039472 19.5 33.5 4.5 62
4039473 19.5 33.5 5 62
4039474 19.5 33.5 5.5 62
4039475 19.5 33.5 6 62
4039476 19.5 33.5 6.5 62
4039477 19.5 33.5 7 62
4039478 19.5 33.5 7.5 62
4039479 19.5 33.5 8 62
4039510 19.5 34 0 62
4039511 19.5 34 0.5 62
4039512 19.5 34 1 62
4039513 19.5 34 1.5 62
4039514 19.5 34 2 62
4039515 19.5 34 2.5 62
4039516 19.5 34 3 62
4039517 19.5 34 3.5 62
4039518 19.5 34 4 62
4039519 19.5 34 4.5 62
4039520 19.5 34 5 62
4039521 19.5 34 5.5 62
4039522 19.5 34 6 62
4039523 19.5 34 6.5 62
4039524 19.5 34 7 62
4039525 19.5 34 7.5 62
4039526 19.5 34 8 62
4054879 20 32 0 62
4054880 20 32 0.5 62
4054881 20 32 1 62
4054882 20 32 1.5 62
4054883 20 32 2 62
4054884 20 32 2.5 62
4054885 20 32 3 62
4054886 20 32 3.5 62
4054887 20 32 4 62
4054888 20 32 4.5 62
4054889 20 32 5 62
4054890 20 32 5.5 62
4054891 20 32 6 62
4054892 20 32 6.5 62
4054893 20 32 7 62
4054894 20 32 7.5 62
4054895 20 32 8 62
4055114 20 34.5 0 62
4055115 20 34.5 0.5 62
4055116 20 34.5 1 62
4055117 20 34.5 1.5 62
4055118 20 34.5 2 62
4055119 20 34.5 2.5 62
4055120 20 34.5 3 62
4055121 20 34.5 3.5 62
4055122 20 34.5 4 62
4055123 20 34.5 4.5 62
4055124 20 34.5 5 62
4055125 20 34.5 5.5 62
4055126 20 34.5 6 62
4055127 20 34.5 6.5 62
4055128 20 34.5 7 62
4055129 20 34.5 7.5 62
4055130 20 34.5 8 62
4070436 20.5 32 0 62
4070437 20.5 32 0.5 62
4070438 20.5 32 1 62
4070439 20.5 32 1.5 62
4070440 20.5 32 2 62
4070441 20.5 32 2.5 62
4070442 20.5 32 3 62
4070443 20.5 32 3.5 62
4070444 20.5 32 4 62
4070445 20.5 32 4.5 62
4070446 20.5 32 5 62
4070447 20.5 32 5.5 62
4070448 20.5 32 6 62
4070449 20.5 32 6.5 62
4070450 20.5 32 7 62
4070451 20.5 32 7.5 62
4070452 20.5 32 8 62
4070671 20.5 34.5 0 62
4070672 20.5 34.5 0.5 62
4070673 20.5 34.5 1 62
4070674 20.5 34.5 1.5 62
4070675 20.5 34.5 2 62
4070676 20.5 34.5 2.5 62
4070677 20.5 34.5 3 62
4070678 20.5 34.5 3.5 62
4070679 20.5 34.5 4 62
4070680 20.5 34.5 4.5 62
4070681 20.5 34.5 5 62
4070682 20.5 34.5 5.5 62
4070683 20.5 34.5 6 62
4070684 20.5 34.5 6.5 62
4070685 20.5 34.5 7 62
4070686 20.5 34.5 7.5 62
4070687 20.5 34.5 8 62
4085993 21 32 0 62
4085994 21 32 0.5 62
4085995 21 32 1 62
4085996 21 32 1.5 62
4085997 21 32 2 62
4085998 21 32 2.5 62
4085999 21 32 3 62
4086000 21 32 3.5 62
4086001 21 32 4 62
4086002 21 32 4.5 62
4086003 21 32 5 62
4086004 21 32 5.5 62
4086005 21 32 6 62
4086006 21 32 6.5 62
4086007 21 32 7 62
4086008 21 32 7.5 62
4086009 21 32 8 62
4086228 21 34.5 0 62
4086229 21 34.5 0.5 62
4086230 21 34.5 1 62
4086231 21 34.5 1.5 62
4086232 21 34.5 2 62
4086233 21 34.5 2.5 62
4086234 21 34.5 3 62
4086235 21 34.5 3.5 62
4086236 21 34.5 4 62
4086237 21 34.5 4.5 62
4086238 21 34.5 5 62
4086239 21 34.5 5.5 62
4086240 21 34.5 6 62
4086241 21 34.5 6.5 62
4086242 21 34.5 7 62
4086243 21 34.5 7.5 62
4086244 21 34.5 8 62
4101597 21.5 32.5 0 62
4101598 21.5 32.5 0.5 62
4101599 21.5 32.5 1 62
4101600 21.5 32.5 1.5 62
4101601 21.5 32.5 2 62
4101602 21.5 32.5 2.5 62
4101603 21.5 32.5 3 62
4101604 21.5 32.5 3.5 62
4101605 21.5 32.5 4 62
4101606 21.5 32.5 4.5 62
4101607 21.5 32.5 5 62
4101608 21.5 32.5 5.5 62
4101609 21.5 32.5 6 62
4101610 21.5 32.5 6.5 62
4101611 21.5 32.5 7 62
4101612 21.5 32.5 7.5 62
4101613 21.5 32.5 8 62
4101691 21.5 33.5 0 62
4101692 21.5 33.5 0.5 62
4101693 21.5 33.5 1 62
4101694 21.5 33.5 1.5 62
4101695 21.5 33.5 2 62
4101696 21.5 33.5 2.5 62
4101697 21.5 33.5 3 62
4101698 21.5 33.5 3.5 62
4101699 21.5 33.5 4 62
4101700 21.5 33.5 4.5 62
4101701 21.5 33.5 5 62
4101702 21.5 33.5 5.5 62
4101703 21.5 33.5 6 62
4101704 21.5 33.5 6.5 62
4101705 21.5 33.5 7 62
4101706 21.5 33.5 7.5 62
4101707 21.5 33.5 8 62
4101738 21.5 34 0 62
4101739 21.5 34 0.5 62
4101740 21.5 34 1 62
4101741 21.5 34 1.5 62
4101742 21.5 34 2 62
4101743 21.5 34 2.5 62
4101744 21.5 34 3 62
4101745 21.5 34 3.5 62
4101746 21.5 34 4 62
4101747 21.5 34 4.5 62
4101748 21.5 34 5 62
4101749 21.5 34 5.5 62
4101750 21.5 34 6 62
4101751 21.5 34 6.5 62
4101752 21.5 34 7 62
4101753 21.5 34 7.5 62
4101754 21.5 34 8 62
4117201 22 33 0 62
4117202 22 33 0.5 62
4117203 22 33 1 62
4117204 22 33 1.5 62
4117205 22 33 2 62
4117206 22 33 2.5 62
4117207 22 33 3 62
4117208 22 33 3.5 62
4117209 22 33 4 62
4117210 22 33 4.5 62
4117211 22 33 5 62
4117212 22 33 5.5 62
4117213 22 33 6 62
4117214 22 33 6.5 62
4117215 22 33 7 62
4117216 22 33 7.5 62
4117217 22 33 8 62
4117248 22 33.5 0 62
4117249 22 33.5 0.5 62
4117250 22 33.5 1 62
4117251 22 33.5 1.5 62
4117252 22 33.5 2 62
4117253 22 33.5 2.5 62
4117254 22 33.5 3 62
4117255 22 33.5 3.5 62
4117256 22 33.5 4 62
4117257 22 33.5 4.5 62
4117258 22 33.5 5 62
4117259 22 33.5 5.5 62
4117260 22 33.5 6 62
4117261 22 33.5 6.5 62
4117262 22 33.5 7 62
4117263 22 33.5 7.5 62
4117264 22 33.5 8 62
