4705171 41 -1 0 60
4705172 41 -1 0.5 60
4705173 41 -1 1 60
4705174 41 -1 1.5 60
4705175 41 -1 2 60
4705176 41 -1 2.5 60
4705177 41 -1 3 60
4705178 41 -1 3.5 60
4705179 41 -1 4 60
4705180 41 -1 4.5 60
4705181 41 -1 5 60
4705182 41 -1 5.5 60
4705183 41 -1 6 60
4705184 41 -1 6.5 60
4705185 41 -1 7 60
4705186 41 -1 7.5 60
4705187 41 -1 8 60
4705218 41 -0.5 0 60
4705219 41 -0.5 0.5 60
4705220 41 -0.5 1 60
4705221 41 -0.5 1.5 60
4705222 41 -0.5 2 60
4705223 41 -0.5 2.5 60
4705224 41 -0.5 3 60
4705225 41 -0.5 3.5 60
4705226 41 -0.5 4 60
4705227 41 -0.5 4.5 60
4705228 41 -0.5 5 60
4705229 41 -0.5 5.5 60
4705230 41 -0.5 6 60
4705231 41 -0.5 6.5 60
4705232 41 -0.5 7 60
4705233 41 -0.5 7.5 60
4705234 41 -0.5 8 60
4705265 41 0 0 60
4705266 41 0 0.5 60
4705267 41 0 1 60
4705268 41 0 1.5 60
4705269 41 0 2 60
4705270 41 0 2.5 60
4705271 41 0 3 60
4705272 41 0 3.5 60
4705273 41 0 4 60
4705274 41 0 4.5 60
4705275 41 0 5 60
4705276 41 0 5.5 60
4705277 41 0 6 60
4705278 41 0 6.5 60
4705279 41 0 7 60
4705280 41 0 7.5 60
4705281 41 0 8 60
4705312 41 0.5 0 60
4705313 41 0.5 0.5 60
4705314 41 0.5 1 60
4705315 41 0.5 1.5 60
4705316 41 0.5 2 60
4705317 41 0.5 2.5 60
4705318 41 0.5 3 60
4705319 41 0.5 3.5 60
4705320 41 0.5 4 60
4705321 41 0.5 4.5 60
4705322 41 0.5 5 60
4705323 41 0.5 5.5 60
4705324 41 0.5 6 60
4705325 41 0.5 6.5 60
4705326 41 0.5 7 60
4705327 41 0.5 7.5 60
4705328 41 0.5 8 60
4705359 41 1 0 60
4705360 41 1 0.5 60
4705361 41 1 1 60
4705362 41 1 1.5 60
4705363 41 1 2 60
4705364 41 1 2.5 60
4705365 41 1 3 60
4705366 41 1 3.5 60
4705367 41 1 4 60
4705368 41 1 4.5 60
4705369 41 1 5 60
4705370 41 1 5.5 60
4705371 41 1 6 60
4705372 41 1 6.5 60
4705373 41 1 7 60
4705374 41 1 7.5 60
4705375 41 1 8 60
4720728 41.5 -1 0 60
4720729 41.5 -1 0.5 60
4720730 41.5 -1 1 60
4720731 41.5 -1 1.5 60
4720732 41.5 -1 2 60
4720733 41.5 -1 2.5 60
4720734 41.5 -1 3 60
4720735 41.5 -1 3.5 60
4720736 41.5 -1 4 60
4720737 41.5 -1 4.5 60
4720738 41.5 -1 5 60
4720739 41.5 -1 5.5 60
4720740 41.5 -1 6 60
4720741 41.5 -1 6.5 60
4720742 41.5 -1 7 60
4720743 41.5 -1 7.5 60
4720744 41.5 -1 8 60
4720916 41.5 1 0 60
4720917 41.5 1 0.5 60
4720918 41.5 1 1 60
4720919 41.5 1 1.5 60
4720920 41.5 1 2 60
4720921 41.5 1 2.5 60
4720922 41.5 1 3 60
4720923 41.5 1 3.5 60
4720924 41.5 1 4 60
4720925 41.5 1 4.5 60
4720926 41.5 1 5 60
4720927 41.5 1 5.5 60
4720928 41.5 1 6 60
4720929 41.5 1 6.5 60
4720930 41.5 1 7 60
4720931 41.5 1 7.5 60
4720932 41.5 1 8 60
4736285 42 -1 0 60
4736286 42 -1 0.5 60
4736287 42 -1 1 60
4736288 42 -1 1.5 60
4736289 42 -1 2 60
4736290 42 -1 2.5 60
4736291 42 -1 3 60
4736292 42 -1 3.5 60
4736293 42 -1 4 60
4736294 42 -1 4.5 60
4736295 42 -1 5 60
4736296 42 -1 5.5 60
4736297 42 -1 6 60
4736298 42 -1 6.5 60
4736299 42 -1 7 60
4736300 42 -1 7.5 60
4736301 42 -1 8 60
4736473 42 1 0 60
4736474 42 1 0.5 60
4736475 42 1 1 60
4736476 42 1 1.5 60
4736477 42 1 2 60
4736478 42 1 2.5 60
4736479 42 1 3 60
4736480 42 1 3.5 60
4736481 42 1 4 60
4736482 42 1 4.5 60
4736483 42 1 5 60
4736484 42 1 5.5 60
4736485 42 1 6 60
4736486 42 1 6.5 60
4736487 42 1 7 60
4736488 42 1 7.5 60
4736489 42 1 8 60
4751842 42.5 -1 0 60
4751843 42.5 -1 0.5 60
4751844 42.5 -1 1 60
4751845 42.5 -1 1.5 60
4751846 42.5 -1 2 60
4751847 42.5 -1 2.5 60
4751848 42.5 -1 3 60
4751849 42.5 -1 3.5 60
4751850 42.5 -1 4 60
4751851 42.5 -1 4.5 60
4751852 42.5 -1 5 60
4751853 42.5 -1 5.5 60
4751854 42.5 -1 6 60
4751855 42.5 -1 6.5 60
4751856 42.5 -1 7 60
4751857 42.5 -1 7.5 60
4751858 42.5 -1 8 60
4752030 42.5 1 0 60
4752031 42.5 1 0.5 60
4752032 42.5 1 1 60
4752033 42.5 1 1.5 60
4752034 42.5 1 2 60
4752035 42.5 1 2.5 60
4752036 42.5 1 3 60
4752037 42.5 1 3.5 60
4752038 42.5 1 4 60
4752039 42.5 1 4.5 60
4752040 42.5 1 5 60
4752041 42.5 1 5.5 60
4752042 42.5 1 6 60
4752043 42.5 1 6.5 60
4752044 42.5 1 7 60
4752045 42.5 1 7.5 60
4752046 42.5 1 8 60
4767399 43 -1 0 60
4767400 43 -1 0.5 60
4767401 43 -1 1 60
4767402 43 -1 1.5 60
4767403 43 -1 2 60
4767404 43 -1 2.5 60
4767405 43 -1 3 60
4767406 43 -1 3.5 60
4767407 43 -1 4 60
4767408 43 -1 4.5 60
4767409 43 -1 5 60
4767410 43 -1 5.5 60
4767411 43 -1 6 60
4767412 43 -1 6.5 60
4767413 43 -1 7 60
4767414 43 -1 7.5 60
4767415 43 -1 8 60
4767446 43 -0.5 0 60
4767447 43 -0.5 0.5 60
4767448 43 -0.5 1 60
4767449 43 -0.5 1.5 60
4767450 43 -0.5 2 60
4767451 43 -0.5 2.5 60
4767452 43 -0.5 3 60
4767453 43 -0.5 3.5 60
4767454 43 -0.5 4 60
4767455 43 -0.5 4.5 60
4767456 43 -0.5 5 60
4767457 43 -0.5 5.5 60
4767458 43 -0.5 6 60
4767459 43 -0.5 6.5 60
4767460 43 -0.5 7 60
4767461 43 -0.5 7.5 60
4767462 43 -0.5 8 60
4767540 43 0.5 0 60
4767541 43 0.5 0.5 60
4767542 43 0.5 1 60
4767543 43 0.5 1.5 60
4767544 43 0.5 2 60
4767545 43 0.5 2.5 60
4767546 43 0.5 3 60
4767547 43 0.5 3.5 60
4767548 43 0.5 4 60
4767549 43 0.5 4.5 60
4767550 43 0.5 5 60
4767551 43 0.5 5.5 60
4767552 43 0.5 6 60
4767553 43 0.5 6.5 60
4767554 43 0.5 7 60
4767555 43 0.5 7.5 60
4767556 43 0.5 8 60
4767587 43 1 0 60
4767588 43 1 0.5 60
4767589 43 1 1 60
4767590 43 1 1.5 60
4767591 43 1 2 60
4767592 43 1 2.5 60
4767593 43 1 3 60
4767594 43 1 3.5 60
4767595 43 1 4 60
4767596 43 1 4.5 60
4767597 43 1 5 60
4767598 43 1 5.5 60
4767599 43 1 6 60
4767600 43 1 6.5 60
4767601 43 1 7 60
4767602 43 1 7.5 60
4767603 43 1 8 60
4783050 43.5 0 0 60
4783051 43.5 0 0.5 60
4783052 43.5 0 1 60
4783053 43.5 0 1.5 60
4783054 43.5 0 2 60
4783055 43.5 0 2.5 60
4783056 43.5 0 3 60
4783057 43.5 0 3.5 60
4783058 43.5 0 4 60
4783059 43.5 0 4.5 60
4783060 43.5 0 5 60
4783061 43.5 0 5.5 60
4783062 43.5 0 6 60
4783063 43.5 0 6.5 60
4783064 43.5 0 7 60
4783065 43.5 0 7.5 60
4783066 43.5 0 8 60
