9401928 192 -16.5 0 55
9401929 192 -16.5 0.5 55
9401930 192 -16.5 1 55
9401931 192 -16.5 1.5 55
9401932 192 -16.5 2 55
9401933 192 -16.5 2.5 55
9401934 192 -16.5 3 55
9401935 192 -16.5 3.5 55
9401936 192 -16.5 4 55
9401937 192 -16.5 4.5 55
9401938 192 -16.5 5 55
9401939 192 -16.5 5.5 55
9401940 192 -16.5 6 55
9401941 192 -16.5 6.5 55
9401942 192 -16.5 7 55
9401943 192 -16.5 7.5 55
9401944 192 -16.5 8 55
9417391 192.5 -17.5 0 55
9417392 192.5 -17.5 0.5 55
9417393 192.5 -17.5 1 55
9417394 192.5 -17.5 1.5 55
9417395 192.5 -17.5 2 55
9417396 192.5 -17.5 2.5 55
9417397 192.5 -17.5 3 55
9417398 192.5 -17.5 3.5 55
9417399 192.5 -17.5 4 55
9417400 192.5 -17.5 4.5 55
9417401 192.5 -17.5 5 55
9417402 192.5 -17.5 5.5 55
9417403 192.5 -17.5 6 55
9417404 192.5 -17.5 6.5 55
9417405 192.5 -17.5 7 55
9417406 192.5 -17.5 7.5 55
9417407 192.5 -17.5 8 55
9417438 192.5 -17 0 55
9417439 192.5 -17 0.5 55
9417440 192.5 -17 1 55
9417441 192.5 -17 1.5 55
9417442 192.5 -17 2 55
9417443 192.5 -17 2.5 55
9417444 192.5 -17 3 55
9417445 192.5 -17 3.5 55
9417446 192.5 -17 4 55
9417447 192.5 -17 4.5 55
9417448 192.5 -17 5 55
9417449 192.5 -17 5.5 55
9417450 192.5 -17 6 55
9417451 192.5 -17 6.5 55
9417452 192.5 -17 7 55
9417453 192.5 -17 7.5 55
9417454 192.5 -17 8 55
9417532 192.5 -16 0 55
9417533 192.5 -16 0.5 55
9417534 192.5 -16 1 55
9417535 192.5 -16 1.5 55
9417536 192.5 -16 2 55
9417537 192.5 -16 2.5 55
9417538 192.5 -16 3 55
9417539 192.5 -16 3.5 55
9417540 192.5 -16 4 55
9417541 192.5 -16 4.5 55
9417542 192.5 -16 5 55
9417543 192.5 -16 5.5 55
9417544 192.5 -16 6 55
9417545 192.5 -16 6.5 55
9417546 192.5 -16 7 55
9417547 192.5 -16 7.5 55
9417548 192.5 -16 8 55
9432901 193 -18 0 55
9432902 193 -18 0.5 55
9432903 193 -18 1 55
9432904 193 -18 1.5 55
9432905 193 -18 2 55
9432906 193 -18 2.5 55
9432907 193 -18 3 55
9432908 193 -18 3.5 55
9432909 193 -18 4 55
9432910 193 -18 4.5 55
9432911 193 -18 5 55
9432912 193 -18 5.5 55
9432913 193 -18 6 55
9432914 193 -18 6.5 55
9432915 193 -18 7 55
9432916 193 -18 7.5 55
9432917 193 -18 8 55
9433136 193 -15.5 0 55
9433137 193 -15.5 0.5 55
9433138 193 -15.5 1 55
9433139 193 -15.5 1.5 55
9433140 193 -15.5 2 55
9433141 193 -15.5 2.5 55
9433142 193 -15.5 3 55
9433143 193 -15.5 3.5 55
9433144 193 -15.5 4 55
9433145 193 -15.5 4.5 55
9433146 193 -15.5 5 55
9433147 193 -15.5 5.5 55
9433148 193 -15.5 6 55
9433149 193 -15.5 6.5 55
9433150 193 -15.5 7 55
9433151 193 -15.5 7.5 55
9433152 193 -15.5 8 55
9448458 193.5 -18 0 55
9448459 193.5 -18 0.5 55
9448460 193.5 -18 1 55
9448461 193.5 -18 1.5 55
9448462 193.5 -18 2 55
9448463 193.5 -18 2.5 55
9448464 193.5 -18 3 55
9448465 193.5 -18 3.5 55
9448466 193.5 -18 4 55
9448467 193.5 -18 4.5 55
9448468 193.5 -18 5 55
9448469 193.5 -18 5.5 55
9448470 193.5 -18 6 55
9448471 193.5 -18 6.5 55
9448472 193.5 -18 7 55
9448473 193.5 -18 7.5 55
9448474 193.5 -18 8 55
9448693 193.5 -15.5 0 55
9448694 193.5 -15.5 0.5 55
9448695 193.5 -15.5 1 55
9448696 193.5 -15.5 1.5 55
9448697 193.5 -15.5 2 55
9448698 193.5 -15.5 2.5 55
9448699 193.5 -15.5 3 55
9448700 193.5 -15.5 3.5 55
9448701 193.5 -15.5 4 55
9448702 193.5 -15.5 4.5 55
9448703 193.5 -15.5 5 55
9448704 193.5 -15.5 5.5 55
9448705 193.5 -15.5 6 55
9448706 193.5 -15.5 6.5 55
9448707 193.5 -15.5 7 55
9448708 193.5 -15.5 7.5 55
9448709 193.5 -15.5 8 55
9464015 194 -18 0 55
9464016 194 -18 0.5 55
9464017 194 -18 1 55
9464018 194 -18 1.5 55
9464019 194 -18 2 55
9464020 194 -18 2.5 55
9464021 194 -18 3 55
9464022 194 -18 3.5 55
9464023 194 -18 4 55
9464024 194 -18 4.5 55
9464025 194 -18 5 55
9464026 194 -18 5.5 55
9464027 194 -18 6 55
9464028 194 -18 6.5 55
9464029 194 -18 7 55
9464030 194 -18 7.5 55
9464031 194 -18 8 55
9464250 194 -15.5 0 55
9464251 194 -15.5 0.5 55
9464252 194 -15.5 1 55
9464253 194 -15.5 1.5 55
9464254 194 -15.5 2 55
9464255 194 -15.5 2.5 55
9464256 194 -15.5 3 55
9464257 194 -15.5 3.5 55
9464258 194 -15.5 4 55
9464259 194 -15.5 4.5 55
9464260 194 -15.5 5 55
9464261 194 -15.5 5.5 55
9464262 194 -15.5 6 55
9464263 194 -15.5 6.5 55
9464264 194 -15.5 7 55
9464265 194 -15.5 7.5 55
9464266 194 -15.5 8 55
9479619 194.5 -17.5 0 55
9479620 194.5 -17.5 0.5 55
9479621 194.5 -17.5 1 55
9479622 194.5 -17.5 1.5 55
9479623 194.5 -17.5 2 55
9479624 194.5 -17.5 2.5 55
9479625 194.5 -17.5 3 55
9479626 194.5 -17.5 3.5 55
9479627 194.5 -17.5 4 55
9479628 194.5 -17.5 4.5 55
9479629 194.5 -17.5 5 55
9479630 194.5 -17.5 5.5 55
9479631 194.5 -17.5 6 55
9479632 194.5 -17.5 6.5 55
9479633 194.5 -17.5 7 55
9479634 194.5 -17.5 7.5 55
9479635 194.5 -17.5 8 55
9479666 194.5 -17 0 55
9479667 194.5 -17 0.5 55
9479668 194.5 -17 1 55
9479669 194.5 -17 1.5 55
9479670 194.5 -17 2 55
9479671 194.5 -17 2.5 55
9479672 194.5 -17 3 55
9479673 194.5 -17 3.5 55
9479674 194.5 -17 4 55
9479675 194.5 -17 4.5 55
9479676 194.5 -17 5 55
9479677 194.5 -17 5.5 55
9479678 194.5 -17 6 55
9479679 194.5 -17 6.5 55
9479680 194.5 -17 7 55
9479681 194.5 -17 7.5 55
9479682 194.5 -17 8 55
9479713 194.5 -16.5 0 55
9479714 194.5 -16.5 0.5 55
9479715 194.5 -16.5 1 55
9479716 194.5 -16.5 1.5 55
9479717 194.5 -16.5 2 55
9479718 194.5 -16.5 2.5 55
9479719 194.5 -16.5 3 55
9479720 194.5 -16.5 3.5 55
9479721 194.5 -16.5 4 55
9479722 194.5 -16.5 4.5 55
9479723 194.5 -16.5 5 55
9479724 194.5 -16.5 5.5 55
9479725 194.5 -16.5 6 55
9479726 194.5 -16.5 6.5 55
9479727 194.5 -16.5 7 55
9479728 194.5 -16.5 7.5 55
9479729 194.5 -16.5 8 55
9479760 194.5 -16 0 55
9479761 194.5 -16 0.5 55
9479762 194.5 -16 1 55
9479763 194.5 -16 1.5 55
9479764 194.5 -16 2 55
9479765 194.5 -16 2.5 55
9479766 194.5 -16 3 55
9479767 194.5 -16 3.5 55
9479768 194.5 -16 4 55
9479769 194.5 -16 4.5 55
9479770 194.5 -16 5 55
9479771 194.5 -16 5.5 55
9479772 194.5 -16 6 55
9479773 194.5 -16 6.5 55
9479774 194.5 -16 7 55
9479775 194.5 -16 7.5 55
9479776 194.5 -16 8 55
