9076735 181.5 -0.5 0 56
9076736 181.5 -0.5 0.5 56
9076737 181.5 -0.5 1 56
9076738 181.5 -0.5 1.5 56
9076739 181.5 -0.5 2 56
9076740 181.5 -0.5 2.5 56
9076741 181.5 -0.5 3 56
9076742 181.5 -0.5 3.5 56
9076743 181.5 -0.5 4 56
9076744 181.5 -0.5 4.5 56
9076745 181.5 -0.5 5 56
9076746 181.5 -0.5 5.5 56
9076747 181.5 -0.5 6 56
9076748 181.5 -0.5 6.5 56
9076749 181.5 -0.5 7 56
9076750 181.5 -0.5 7.5 56
9076751 181.5 -0.5 8 56
9076782 181.5 0 0 56
9076783 181.5 0 0.5 56
9076784 181.5 0 1 56
9076785 181.5 0 1.5 56
9076786 181.5 0 2 56
9076787 181.5 0 2.5 56
9076788 181.5 0 3 56
9076789 181.5 0 3.5 56
9076790 181.5 0 4 56
9076791 181.5 0 4.5 56
9076792 181.5 0 5 56
9076793 181.5 0 5.5 56
9076794 181.5 0 6 56
9076795 181.5 0 6.5 56
9076796 181.5 0 7 56
9076797 181.5 0 7.5 56
9076798 181.5 0 8 56
9076829 181.5 0.5 0 56
9076830 181.5 0.5 0.5 56
9076831 181.5 0.5 1 56
9076832 181.5 0.5 1.5 56
9076833 181.5 0.5 2 56
9076834 181.5 0.5 2.5 56
9076835 181.5 0.5 3 56
9076836 181.5 0.5 3.5 56
9076837 181.5 0.5 4 56
9076838 181.5 0.5 4.5 56
9076839 181.5 0.5 5 56
9076840 181.5 0.5 5.5 56
9076841 181.5 0.5 6 56
9076842 181.5 0.5 6.5 56
9076843 181.5 0.5 7 56
9076844 181.5 0.5 7.5 56
9076845 181.5 0.5 8 56
9092245 182 -1 0 56
9092246 182 -1 0.5 56
9092247 182 -1 1 56
9092248 182 -1 1.5 56
9092249 182 -1 2 56
9092250 182 -1 2.5 56
9092251 182 -1 3 56
9092252 182 -1 3.5 56
9092253 182 -1 4 56
9092254 182 -1 4.5 56
9092255 182 -1 5 56
9092256 182 -1 5.5 56
9092257 182 -1 6 56
9092258 182 -1 6.5 56
9092259 182 -1 7 56
9092260 182 -1 7.5 56
9092261 182 -1 8 56
9092433 182 1 0 56
9092434 182 1 0.5 56
9092435 182 1 1 56
9092436 182 1 1.5 56
9092437 182 1 2 56
9092438 182 1 2.5 56
9092439 182 1 3 56
9092440 182 1 3.5 56
9092441 182 1 4 56
9092442 182 1 4.5 56
9092443 182 1 5 56
9092444 182 1 5.5 56
9092445 182 1 6 56
9092446 182 1 6.5 56
9092447 182 1 7 56
9092448 182 1 7.5 56
9092449 182 1 8 56
9107802 182.5 -1 0 56
9107803 182.5 -1 0.5 56
9107804 182.5 -1 1 56
9107805 182.5 -1 1.5 56
9107806 182.5 -1 2 56
9107807 182.5 -1 2.5 56
9107808 182.5 -1 3 56
9107809 182.5 -1 3.5 56
9107810 182.5 -1 4 56
9107811 182.5 -1 4.5 56
9107812 182.5 -1 5 56
9107813 182.5 -1 5.5 56
9107814 182.5 -1 6 56
9107815 182.5 -1 6.5 56
9107816 182.5 -1 7 56
9107817 182.5 -1 7.5 56
9107818 182.5 -1 8 56
9107990 182.5 1 0 56
9107991 182.5 1 0.5 56
9107992 182.5 1 1 56
9107993 182.5 1 1.5 56
9107994 182.5 1 2 56
9107995 182.5 1 2.5 56
9107996 182.5 1 3 56
9107997 182.5 1 3.5 56
9107998 182.5 1 4 56
9107999 182.5 1 4.5 56
9108000 182.5 1 5 56
9108001 182.5 1 5.5 56
9108002 182.5 1 6 56
9108003 182.5 1 6.5 56
9108004 182.5 1 7 56
9108005 182.5 1 7.5 56
9108006 182.5 1 8 56
9123359 183 -1 0 56
9123360 183 -1 0.5 56
9123361 183 -1 1 56
9123362 183 -1 1.5 56
9123363 183 -1 2 56
9123364 183 -1 2.5 56
9123365 183 -1 3 56
9123366 183 -1 3.5 56
9123367 183 -1 4 56
9123368 183 -1 4.5 56
9123369 183 -1 5 56
9123370 183 -1 5.5 56
9123371 183 -1 6 56
9123372 183 -1 6.5 56
9123373 183 -1 7 56
9123374 183 -1 7.5 56
9123375 183 -1 8 56
9123547 183 1 0 56
9123548 183 1 0.5 56
9123549 183 1 1 56
9123550 183 1 1.5 56
9123551 183 1 2 56
9123552 183 1 2.5 56
9123553 183 1 3 56
9123554 183 1 3.5 56
9123555 183 1 4 56
9123556 183 1 4.5 56
9123557 183 1 5 56
9123558 183 1 5.5 56
9123559 183 1 6 56
9123560 183 1 6.5 56
9123561 183 1 7 56
9123562 183 1 7.5 56
9123563 183 1 8 56
9138916 183.5 -1 0 56
9138917 183.5 -1 0.5 56
9138918 183.5 -1 1 56
9138919 183.5 -1 1.5 56
9138920 183.5 -1 2 56
9138921 183.5 -1 2.5 56
9138922 183.5 -1 3 56
9138923 183.5 -1 3.5 56
9138924 183.5 -1 4 56
9138925 183.5 -1 4.5 56
9138926 183.5 -1 5 56
9138927 183.5 -1 5.5 56
9138928 183.5 -1 6 56
9138929 183.5 -1 6.5 56
9138930 183.5 -1 7 56
9138931 183.5 -1 7.5 56
9138932 183.5 -1 8 56
9139104 183.5 1 0 56
9139105 183.5 1 0.5 56
9139106 183.5 1 1 56
9139107 183.5 1 1.5 56
9139108 183.5 1 2 56
9139109 183.5 1 2.5 56
9139110 183.5 1 3 56
9139111 183.5 1 3.5 56
9139112 183.5 1 4 56
9139113 183.5 1 4.5 56
9139114 183.5 1 5 56
9139115 183.5 1 5.5 56
9139116 183.5 1 6 56
9139117 183.5 1 6.5 56
9139118 183.5 1 7 56
9139119 183.5 1 7.5 56
9139120 183.5 1 8 56
9154520 184 -0.5 0 56
9154521 184 -0.5 0.5 56
9154522 184 -0.5 1 56
9154523 184 -0.5 1.5 56
9154524 184 -0.5 2 56
9154525 184 -0.5 2.5 56
9154526 184 -0.5 3 56
9154527 184 -0.5 3.5 56
9154528 184 -0.5 4 56
9154529 184 -0.5 4.5 56
9154530 184 -0.5 5 56
9154531 184 -0.5 5.5 56
9154532 184 -0.5 6 56
9154533 184 -0.5 6.5 56
9154534 184 -0.5 7 56
9154535 184 -0.5 7.5 56
9154536 184 -0.5 8 56
9154567 184 0 0 56
9154568 184 0 0.5 56
9154569 184 0 1 56
9154570 184 0 1.5 56
9154571 184 0 2 56
9154572 184 0 2.5 56
9154573 184 0 3 56
9154574 184 0 3.5 56
9154575 184 0 4 56
9154576 184 0 4.5 56
9154577 184 0 5 56
9154578 184 0 5.5 56
9154579 184 0 6 56
9154580 184 0 6.5 56
9154581 184 0 7 56
9154582 184 0 7.5 56
9154583 184 0 8 56
9154614 184 0.5 0 56
9154615 184 0.5 0.5 56
9154616 184 0.5 1 56
9154617 184 0.5 1.5 56
9154618 184 0.5 2 56
9154619 184 0.5 2.5 56
9154620 184 0.5 3 56
9154621 184 0.5 3.5 56
9154622 184 0.5 4 56
9154623 184 0.5 4.5 56
9154624 184 0.5 5 56
9154625 184 0.5 5.5 56
9154626 184 0.5 6 56
9154627 184 0.5 6.5 56
9154628 184 0.5 7 56
9154629 184 0.5 7.5 56
9154630 184 0.5 8 56
