5030364 51.5 -17 0 59
5030365 51.5 -17 0.5 59
5030366 51.5 -17 1 59
5030367 51.5 -17 1.5 59
5030368 51.5 -17 2 59
5030369 51.5 -17 2.5 59
5030370 51.5 -17 3 59
5030371 51.5 -17 3.5 59
5030372 51.5 -17 4 59
5030373 51.5 -17 4.5 59
5030374 51.5 -17 5 59
5030375 51.5 -17 5.5 59
5030376 51.5 -17 6 59
5030377 51.5 -17 6.5 59
5030378 51.5 -17 7 59
5030379 51.5 -17 7.5 59
5030380 51.5 -17 8 59
5030411 51.5 -16.5 0 59
5030412 51.5 -16.5 0.5 59
5030413 51.5 -16.5 1 59
5030414 51.5 -16.5 1.5 59
5030415 51.5 -16.5 2 59
5030416 51.5 -16.5 2.5 59
5030417 51.5 -16.5 3 59
5030418 51.5 -16.5 3.5 59
5030419 51.5 -16.5 4 59
5030420 51.5 -16.5 4.5 59
5030421 51.5 -16.5 5 59
5030422 51.5 -16.5 5.5 59
5030423 51.5 -16.5 6 59
5030424 51.5 -16.5 6.5 59
5030425 51.5 -16.5 7 59
5030426 51.5 -16.5 7.5 59
5030427 51.5 -16.5 8 59
5030458 51.5 -16 0 59
5030459 51.5 -16 0.5 59
5030460 51.5 -16 1 59
5030461 51.5 -16 1.5 59
5030462 51.5 -16 2 59
5030463 51.5 -16 2.5 59
5030464 51.5 -16 3 59
5030465 51.5 -16 3.5 59
5030466 51.5 -16 4 59
5030467 51.5 -16 4.5 59
5030468 51.5 -16 5 59
5030469 51.5 -16 5.5 59
5030470 51.5 -16 6 59
5030471 51.5 -16 6.5 59
5030472 51.5 -16 7 59
5030473 51.5 -16 7.5 59
5030474 51.5 -16 8 59
5045874 52 -17.5 0 59
5045875 52 -17.5 0.5 59
5045876 52 -17.5 1 59
5045877 52 -17.5 1.5 59
5045878 52 -17.5 2 59
5045879 52 -17.5 2.5 59
5045880 52 -17.5 3 59
5045881 52 -17.5 3.5 59
5045882 52 -17.5 4 59
5045883 52 -17.5 4.5 59
5045884 52 -17.5 5 59
5045885 52 -17.5 5.5 59
5045886 52 -17.5 6 59
5045887 52 -17.5 6.5 59
5045888 52 -17.5 7 59
5045889 52 -17.5 7.5 59
5045890 52 -17.5 8 59
5046015 52 -16 0 59
5046016 52 -16 0.5 59
5046017 52 -16 1 59
5046018 52 -16 1.5 59
5046019 52 -16 2 59
5046020 52 -16 2.5 59
5046021 52 -16 3 59
5046022 52 -16 3.5 59
5046023 52 -16 4 59
5046024 52 -16 4.5 59
5046025 52 -16 5 59
5046026 52 -16 5.5 59
5046027 52 -16 6 59
5046028 52 -16 6.5 59
5046029 52 -16 7 59
5046030 52 -16 7.5 59
5046031 52 -16 8 59
5046062 52 -15.5 0 59
5046063 52 -15.5 0.5 59
5046064 52 -15.5 1 59
5046065 52 -15.5 1.5 59
5046066 52 -15.5 2 59
5046067 52 -15.5 2.5 59
5046068 52 -15.5 3 59
5046069 52 -15.5 3.5 59
5046070 52 -15.5 4 59
5046071 52 -15.5 4.5 59
5046072 52 -15.5 5 59
5046073 52 -15.5 5.5 59
5046074 52 -15.5 6 59
5046075 52 -15.5 6.5 59
5046076 52 -15.5 7 59
5046077 52 -15.5 7.5 59
5046078 52 -15.5 8 59
5061384 52.5 -18 0 59
5061385 52.5 -18 0.5 59
5061386 52.5 -18 1 59
5061387 52.5 -18 1.5 59
5061388 52.5 -18 2 59
5061389 52.5 -18 2.5 59
5061390 52.5 -18 3 59
5061391 52.5 -18 3.5 59
5061392 52.5 -18 4 59
5061393 52.5 -18 4.5 59
5061394 52.5 -18 5 59
5061395 52.5 -18 5.5 59
5061396 52.5 -18 6 59
5061397 52.5 -18 6.5 59
5061398 52.5 -18 7 59
5061399 52.5 -18 7.5 59
5061400 52.5 -18 8 59
5061619 52.5 -15.5 0 59
5061620 52.5 -15.5 0.5 59
5061621 52.5 -15.5 1 59
5061622 52.5 -15.5 1.5 59
5061623 52.5 -15.5 2 59
5061624 52.5 -15.5 2.5 59
5061625 52.5 -15.5 3 59
5061626 52.5 -15.5 3.5 59
5061627 52.5 -15.5 4 59
5061628 52.5 -15.5 4.5 59
5061629 52.5 -15.5 5 59
5061630 52.5 -15.5 5.5 59
5061631 52.5 -15.5 6 59
5061632 52.5 -15.5 6.5 59
5061633 52.5 -15.5 7 59
5061634 52.5 -15.5 7.5 59
5061635 52.5 -15.5 8 59
5076941 53 -18 0 59
5076942 53 -18 0.5 59
5076943 53 -18 1 59
5076944 53 -18 1.5 59
5076945 53 -18 2 59
5076946 53 -18 2.5 59
5076947 53 -18 3 59
5076948 53 -18 3.5 59
5076949 53 -18 4 59
5076950 53 -18 4.5 59
5076951 53 -18 5 59
5076952 53 -18 5.5 59
5076953 53 -18 6 59
5076954 53 -18 6.5 59
5076955 53 -18 7 59
5076956 53 -18 7.5 59
5076957 53 -18 8 59
5077176 53 -15.5 0 59
5077177 53 -15.5 0.5 59
5077178 53 -15.5 1 59
5077179 53 -15.5 1.5 59
5077180 53 -15.5 2 59
5077181 53 -15.5 2.5 59
5077182 53 -15.5 3 59
5077183 53 -15.5 3.5 59
5077184 53 -15.5 4 59
5077185 53 -15.5 4.5 59
5077186 53 -15.5 5 59
5077187 53 -15.5 5.5 59
5077188 53 -15.5 6 59
5077189 53 -15.5 6.5 59
5077190 53 -15.5 7 59
5077191 53 -15.5 7.5 59
5077192 53 -15.5 8 59
5092498 53.5 -18 0 59
5092499 53.5 -18 0.5 59
5092500 53.5 -18 1 59
5092501 53.5 -18 1.5 59
5092502 53.5 -18 2 59
5092503 53.5 -18 2.5 59
5092504 53.5 -18 3 59
5092505 53.5 -18 3.5 59
5092506 53.5 -18 4 59
5092507 53.5 -18 4.5 59
5092508 53.5 -18 5 59
5092509 53.5 -18 5.5 59
5092510 53.5 -18 6 59
5092511 53.5 -18 6.5 59
5092512 53.5 -18 7 59
5092513 53.5 -18 7.5 59
5092514 53.5 -18 8 59
5092545 53.5 -17.5 0 59
5092546 53.5 -17.5 0.5 59
5092547 53.5 -17.5 1 59
5092548 53.5 -17.5 1.5 59
5092549 53.5 -17.5 2 59
5092550 53.5 -17.5 2.5 59
5092551 53.5 -17.5 3 59
5092552 53.5 -17.5 3.5 59
5092553 53.5 -17.5 4 59
5092554 53.5 -17.5 4.5 59
5092555 53.5 -17.5 5 59
5092556 53.5 -17.5 5.5 59
5092557 53.5 -17.5 6 59
5092558 53.5 -17.5 6.5 59
5092559 53.5 -17.5 7 59
5092560 53.5 -17.5 7.5 59
5092561 53.5 -17.5 8 59
5092733 53.5 -15.5 0 59
5092734 53.5 -15.5 0.5 59
5092735 53.5 -15.5 1 59
5092736 53.5 -15.5 1.5 59
5092737 53.5 -15.5 2 59
5092738 53.5 -15.5 2.5 59
5092739 53.5 -15.5 3 59
5092740 53.5 -15.5 3.5 59
5092741 53.5 -15.5 4 59
5092742 53.5 -15.5 4.5 59
5092743 53.5 -15.5 5 59
5092744 53.5 -15.5 5.5 59
5092745 53.5 -15.5 6 59
5092746 53.5 -15.5 6.5 59
5092747 53.5 -15.5 7 59
5092748 53.5 -15.5 7.5 59
5092749 53.5 -15.5 8 59
5108102 54 -17.5 0 59
5108103 54 -17.5 0.5 59
5108104 54 -17.5 1 59
5108105 54 -17.5 1.5 59
5108106 54 -17.5 2 59
5108107 54 -17.5 2.5 59
5108108 54 -17.5 3 59
5108109 54 -17.5 3.5 59
5108110 54 -17.5 4 59
5108111 54 -17.5 4.5 59
5108112 54 -17.5 5 59
5108113 54 -17.5 5.5 59
5108114 54 -17.5 6 59
5108115 54 -17.5 6.5 59
5108116 54 -17.5 7 59
5108117 54 -17.5 7.5 59
5108118 54 -17.5 8 59
5108149 54 -17 0 59
5108150 54 -17 0.5 59
5108151 54 -17 1 59
5108152 54 -17 1.5 59
5108153 54 -17 2 59
5108154 54 -17 2.5 59
5108155 54 -17 3 59
5108156 54 -17 3.5 59
5108157 54 -17 4 59
5108158 54 -17 4.5 59
5108159 54 -17 5 59
5108160 54 -17 5.5 59
5108161 54 -17 6 59
5108162 54 -17 6.5 59
5108163 54 -17 7 59
5108164 54 -17 7.5 59
5108165 54 -17 8 59
5108196 54 -16.5 0 59
5108197 54 -16.5 0.5 59
5108198 54 -16.5 1 59
5108199 54 -16.5 1.5 59
5108200 54 -16.5 2 59
5108201 54 -16.5 2.5 59
5108202 54 -16.5 3 59
5108203 54 -16.5 3.5 59
5108204 54 -16.5 4 59
5108205 54 -16.5 4.5 59
5108206 54 -16.5 5 59
5108207 54 -16.5 5.5 59
5108208 54 -16.5 6 59
5108209 54 -16.5 6.5 59
5108210 54 -16.5 7 59
5108211 54 -16.5 7.5 59
5108212 54 -16.5 8 59
5108243 54 -16 0 59
5108244 54 -16 0.5 59
5108245 54 -16 1 59
5108246 54 -16 1.5 59
5108247 54 -16 2 59
5108248 54 -16 2.5 59
5108249 54 -16 3 59
5108250 54 -16 3.5 59
5108251 54 -16 4 59
5108252 54 -16 4.5 59
5108253 54 -16 5 59
5108254 54 -16 5.5 59
5108255 54 -16 6 59
5108256 54 -16 6.5 59
5108257 54 -16 7 59
5108258 54 -16 7.5 59
5108259 54 -16 8 59
