8410886 160 32.5 0 58
8410887 160 32.5 0.5 58
8410888 160 32.5 1 58
8410889 160 32.5 1.5 58
8410890 160 32.5 2 58
8410891 160 32.5 2.5 58
8410892 160 32.5 3 58
8410893 160 32.5 3.5 58
8410894 160 32.5 4 58
8410895 160 32.5 4.5 58
8410896 160 32.5 5 58
8410897 160 32.5 5.5 58
8410898 160 32.5 6 58
8410899 160 32.5 6.5 58
8410900 160 32.5 7 58
8410901 160 32.5 7.5 58
8410902 160 32.5 8 58
8410933 160 33 0 58
8410934 160 33 0.5 58
8410935 160 33 1 58
8410936 160 33 1.5 58
8410937 160 33 2 58
8410938 160 33 2.5 58
8410939 160 33 3 58
8410940 160 33 3.5 58
8410941 160 33 4 58
8410942 160 33 4.5 58
8410943 160 33 5 58
8410944 160 33 5.5 58
8410945 160 33 6 58
8410946 160 33 6.5 58
8410947 160 33 7 58
8410948 160 33 7.5 58
8410949 160 33 8 58
8410980 160 33.5 0 58
8410981 160 33.5 0.5 58
8410982 160 33.5 1 58
8410983 160 33.5 1.5 58
8410984 160 33.5 2 58
8410985 160 33.5 2.5 58
8410986 160 33.5 3 58
8410987 160 33.5 3.5 58
8410988 160 33.5 4 58
8410989 160 33.5 4.5 58
8410990 160 33.5 5 58
8410991 160 33.5 5.5 58
8410992 160 33.5 6 58
8410993 160 33.5 6.5 58
8410994 160 33.5 7 58
8410995 160 33.5 7.5 58
8410996 160 33.5 8 58
8411027 160 34 0 58
8411028 160 34 0.5 58
8411029 160 34 1 58
8411030 160 34 1.5 58
8411031 160 34 2 58
8411032 160 34 2.5 58
8411033 160 34 3 58
8411034 160 34 3.5 58
8411035 160 34 4 58
8411036 160 34 4.5 58
8411037 160 34 5 58
8411038 160 34 5.5 58
8411039 160 34 6 58
8411040 160 34 6.5 58
8411041 160 34 7 58
8411042 160 34 7.5 58
8411043 160 34 8 58
8426396 160.5 32 0 58
8426397 160.5 32 0.5 58
8426398 160.5 32 1 58
8426399 160.5 32 1.5 58
8426400 160.5 32 2 58
8426401 160.5 32 2.5 58
8426402 160.5 32 3 58
8426403 160.5 32 3.5 58
8426404 160.5 32 4 58
8426405 160.5 32 4.5 58
8426406 160.5 32 5 58
8426407 160.5 32 5.5 58
8426408 160.5 32 6 58
8426409 160.5 32 6.5 58
8426410 160.5 32 7 58
8426411 160.5 32 7.5 58
8426412 160.5 32 8 58
8426443 160.5 32.5 0 58
8426444 160.5 32.5 0.5 58
8426445 160.5 32.5 1 58
8426446 160.5 32.5 1.5 58
8426447 160.5 32.5 2 58
8426448 160.5 32.5 2.5 58
8426449 160.5 32.5 3 58
8426450 160.5 32.5 3.5 58
8426451 160.5 32.5 4 58
8426452 160.5 32.5 4.5 58
8426453 160.5 32.5 5 58
8426454 160.5 32.5 5.5 58
8426455 160.5 32.5 6 58
8426456 160.5 32.5 6.5 58
8426457 160.5 32.5 7 58
8426458 160.5 32.5 7.5 58
8426459 160.5 32.5 8 58
8426584 160.5 34 0 58
8426585 160.5 34 0.5 58
8426586 160.5 34 1 58
8426587 160.5 34 1.5 58
8426588 160.5 34 2 58
8426589 160.5 34 2.5 58
8426590 160.5 34 3 58
8426591 160.5 34 3.5 58
8426592 160.5 34 4 58
8426593 160.5 34 4.5 58
8426594 160.5 34 5 58
8426595 160.5 34 5.5 58
8426596 160.5 34 6 58
8426597 160.5 34 6.5 58
8426598 160.5 34 7 58
8426599 160.5 34 7.5 58
8426600 160.5 34 8 58
8426631 160.5 34.5 0 58
8426632 160.5 34.5 0.5 58
8426633 160.5 34.5 1 58
8426634 160.5 34.5 1.5 58
8426635 160.5 34.5 2 58
8426636 160.5 34.5 2.5 58
8426637 160.5 34.5 3 58
8426638 160.5 34.5 3.5 58
8426639 160.5 34.5 4 58
8426640 160.5 34.5 4.5 58
8426641 160.5 34.5 5 58
8426642 160.5 34.5 5.5 58
8426643 160.5 34.5 6 58
8426644 160.5 34.5 6.5 58
8426645 160.5 34.5 7 58
8426646 160.5 34.5 7.5 58
8426647 160.5 34.5 8 58
8441953 161 32 0 58
8441954 161 32 0.5 58
8441955 161 32 1 58
8441956 161 32 1.5 58
8441957 161 32 2 58
8441958 161 32 2.5 58
8441959 161 32 3 58
8441960 161 32 3.5 58
8441961 161 32 4 58
8441962 161 32 4.5 58
8441963 161 32 5 58
8441964 161 32 5.5 58
8441965 161 32 6 58
8441966 161 32 6.5 58
8441967 161 32 7 58
8441968 161 32 7.5 58
8441969 161 32 8 58
8442188 161 34.5 0 58
8442189 161 34.5 0.5 58
8442190 161 34.5 1 58
8442191 161 34.5 1.5 58
8442192 161 34.5 2 58
8442193 161 34.5 2.5 58
8442194 161 34.5 3 58
8442195 161 34.5 3.5 58
8442196 161 34.5 4 58
8442197 161 34.5 4.5 58
8442198 161 34.5 5 58
8442199 161 34.5 5.5 58
8442200 161 34.5 6 58
8442201 161 34.5 6.5 58
8442202 161 34.5 7 58
8442203 161 34.5 7.5 58
8442204 161 34.5 8 58
8457510 161.5 32 0 58
8457511 161.5 32 0.5 58
8457512 161.5 32 1 58
8457513 161.5 32 1.5 58
8457514 161.5 32 2 58
8457515 161.5 32 2.5 58
8457516 161.5 32 3 58
8457517 161.5 32 3.5 58
8457518 161.5 32 4 58
8457519 161.5 32 4.5 58
8457520 161.5 32 5 58
8457521 161.5 32 5.5 58
8457522 161.5 32 6 58
8457523 161.5 32 6.5 58
8457524 161.5 32 7 58
8457525 161.5 32 7.5 58
8457526 161.5 32 8 58
8457745 161.5 34.5 0 58
8457746 161.5 34.5 0.5 58
8457747 161.5 34.5 1 58
8457748 161.5 34.5 1.5 58
8457749 161.5 34.5 2 58
8457750 161.5 34.5 2.5 58
8457751 161.5 34.5 3 58
8457752 161.5 34.5 3.5 58
8457753 161.5 34.5 4 58
8457754 161.5 34.5 4.5 58
8457755 161.5 34.5 5 58
8457756 161.5 34.5 5.5 58
8457757 161.5 34.5 6 58
8457758 161.5 34.5 6.5 58
8457759 161.5 34.5 7 58
8457760 161.5 34.5 7.5 58
8457761 161.5 34.5 8 58
8473067 162 32 0 58
8473068 162 32 0.5 58
8473069 162 32 1 58
8473070 162 32 1.5 58
8473071 162 32 2 58
8473072 162 32 2.5 58
8473073 162 32 3 58
8473074 162 32 3.5 58
8473075 162 32 4 58
8473076 162 32 4.5 58
8473077 162 32 5 58
8473078 162 32 5.5 58
8473079 162 32 6 58
8473080 162 32 6.5 58
8473081 162 32 7 58
8473082 162 32 7.5 58
8473083 162 32 8 58
8473114 162 32.5 0 58
8473115 162 32.5 0.5 58
8473116 162 32.5 1 58
8473117 162 32.5 1.5 58
8473118 162 32.5 2 58
8473119 162 32.5 2.5 58
8473120 162 32.5 3 58
8473121 162 32.5 3.5 58
8473122 162 32.5 4 58
8473123 162 32.5 4.5 58
8473124 162 32.5 5 58
8473125 162 32.5 5.5 58
8473126 162 32.5 6 58
8473127 162 32.5 6.5 58
8473128 162 32.5 7 58
8473129 162 32.5 7.5 58
8473130 162 32.5 8 58
8473255 162 34 0 58
8473256 162 34 0.5 58
8473257 162 34 1 58
8473258 162 34 1.5 58
8473259 162 34 2 58
8473260 162 34 2.5 58
8473261 162 34 3 58
8473262 162 34 3.5 58
8473263 162 34 4 58
8473264 162 34 4.5 58
8473265 162 34 5 58
8473266 162 34 5.5 58
8473267 162 34 6 58
8473268 162 34 6.5 58
8473269 162 34 7 58
8473270 162 34 7.5 58
8473271 162 34 8 58
8488671 162.5 32.5 0 58
8488672 162.5 32.5 0.5 58
8488673 162.5 32.5 1 58
8488674 162.5 32.5 1.5 58
8488675 162.5 32.5 2 58
8488676 162.5 32.5 2.5 58
8488677 162.5 32.5 3 58
8488678 162.5 32.5 3.5 58
8488679 162.5 32.5 4 58
8488680 162.5 32.5 4.5 58
8488681 162.5 32.5 5 58
8488682 162.5 32.5 5.5 58
8488683 162.5 32.5 6 58
8488684 162.5 32.5 6.5 58
8488685 162.5 32.5 7 58
8488686 162.5 32.5 7.5 58
8488687 162.5 32.5 8 58
8488718 162.5 33 0 58
8488719 162.5 33 0.5 58
8488720 162.5 33 1 58
8488721 162.5 33 1.5 58
8488722 162.5 33 2 58
8488723 162.5 33 2.5 58
8488724 162.5 33 3 58
8488725 162.5 33 3.5 58
8488726 162.5 33 4 58
8488727 162.5 33 4.5 58
8488728 162.5 33 5 58
8488729 162.5 33 5.5 58
8488730 162.5 33 6 58
8488731 162.5 33 6.5 58
8488732 162.5 33 7 58
8488733 162.5 33 7.5 58
8488734 162.5 33 8 58
8488765 162.5 33.5 0 58
8488766 162.5 33.5 0.5 58
8488767 162.5 33.5 1 58
8488768 162.5 33.5 1.5 58
8488769 162.5 33.5 2 58
8488770 162.5 33.5 2.5 58
8488771 162.5 33.5 3 58
8488772 162.5 33.5 3.5 58
8488773 162.5 33.5 4 58
8488774 162.5 33.5 4.5 58
8488775 162.5 33.5 5 58
8488776 162.5 33.5 5.5 58
8488777 162.5 33.5 6 58
8488778 162.5 33.5 6.5 58
8488779 162.5 33.5 7 58
8488780 162.5 33.5 7.5 58
8488781 162.5 33.5 8 58
