4273002 27 35 21.5 14
4273003 27 35 22 14
4273004 27 35 22.5 14
4273005 27 35 23 14
4273049 27 35.5 21.5 14
4273050 27 35.5 22 14
4273051 27 35.5 22.5 14
4273052 27 35.5 23 14
4288559 27.5 35 21.5 14
4288560 27.5 35 22 14
4288561 27.5 35 22.5 14
4288562 27.5 35 23 14
4288606 27.5 35.5 21.5 14
4288607 27.5 35.5 22 14
4288608 27.5 35.5 22.5 14
4288609 27.5 35.5 23 14
4304116 28 35 21.5 14
4304117 28 35 22 14
4304118 28 35 22.5 14
4304119 28 35 23 14
4304163 28 35.5 21.5 14
4304164 28 35.5 22 14
4304165 28 35.5 22.5 14
4304166 28 35.5 23 14
4319673 28.5 35 21.5 14
4319674 28.5 35 22 14
4319675 28.5 35 22.5 14
4319676 28.5 35 23 14
4319720 28.5 35.5 21.5 14
4319721 28.5 35.5 22 14
4319722 28.5 35.5 22.5 14
4319723 28.5 35.5 23 14
4335230 29 35 21.5 14
4335231 29 35 22 14
4335232 29 35 22.5 14
4335233 29 35 23 14
4335277 29 35.5 21.5 14
4335278 29 35.5 22 14
4335279 29 35.5 22.5 14
4335280 29 35.5 23 14
4350787 29.5 35 21.5 14
4350788 29.5 35 22 14
4350789 29.5 35 22.5 14
4350790 29.5 35 23 14
4350834 29.5 35.5 21.5 14
4350835 29.5 35.5 22 14
4350836 29.5 35.5 22.5 14
4350837 29.5 35.5 23 14
4366344 30 35 21.5 14
4366345 30 35 22 14
4366346 30 35 22.5 14
4366347 30 35 23 14
4366391 30 35.5 21.5 14
4366392 30 35.5 22 14
4366393 30 35.5 22.5 14
4366394 30 35.5 23 14
4381901 30.5 35 21.5 14
4381902 30.5 35 22 14
4381903 30.5 35 22.5 14
4381904 30.5 35 23 14
4381948 30.5 35.5 21.5 14
4381949 30.5 35.5 22 14
4381950 30.5 35.5 22.5 14
4381951 30.5 35.5 23 14
4397458 31 35 21.5 14
4397459 31 35 22 14
4397460 31 35 22.5 14
4397461 31 35 23 14
4397505 31 35.5 21.5 14
4397506 31 35.5 22 14
4397507 31 35.5 22.5 14
4397508 31 35.5 23 14
4413015 31.5 35 21.5 14
4413016 31.5 35 22 14
4413017 31.5 35 22.5 14
4413018 31.5 35 23 14
4413062 31.5 35.5 21.5 14
4413063 31.5 35.5 22 14
4413064 31.5 35.5 22.5 14
4413065 31.5 35.5 23 14
4428572 32 35 21.5 14
4428573 32 35 22 14
4428574 32 35 22.5 14
4428575 32 35 23 14
4428619 32 35.5 21.5 14
4428620 32 35.5 22 14
4428621 32 35.5 22.5 14
4428622 32 35.5 23 14
4444129 32.5 35 21.5 14
4444130 32.5 35 22 14
4444131 32.5 35 22.5 14
4444132 32.5 35 23 14
4444176 32.5 35.5 21.5 14
4444177 32.5 35.5 22 14
4444178 32.5 35.5 22.5 14
4444179 32.5 35.5 23 14
4459686 33 35 21.5 14
4459687 33 35 22 14
4459688 33 35 22.5 14
4459689 33 35 23 14
4459733 33 35.5 21.5 14
4459734 33 35.5 22 14
4459735 33 35.5 22.5 14
4459736 33 35.5 23 14
4475243 33.5 35 21.5 14
4475244 33.5 35 22 14
4475245 33.5 35 22.5 14
4475246 33.5 35 23 14
4475290 33.5 35.5 21.5 14
4475291 33.5 35.5 22 14
4475292 33.5 35.5 22.5 14
4475293 33.5 35.5 23 14
4490800 34 35 21.5 14
4490801 34 35 22 14
4490802 34 35 22.5 14
4490803 34 35 23 14
4490847 34 35.5 21.5 14
4490848 34 35.5 22 14
4490849 34 35.5 22.5 14
4490850 34 35.5 23 14
4506357 34.5 35 21.5 14
4506358 34.5 35 22 14
4506359 34.5 35 22.5 14
4506360 34.5 35 23 14
4506404 34.5 35.5 21.5 14
4506405 34.5 35.5 22 14
4506406 34.5 35.5 22.5 14
4506407 34.5 35.5 23 14
4521914 35 35 21.5 14
4521915 35 35 22 14
4521916 35 35 22.5 14
4521917 35 35 23 14
4521961 35 35.5 21.5 14
4521962 35 35.5 22 14
4521963 35 35.5 22.5 14
4521964 35 35.5 23 14
4537471 35.5 35 21.5 14
4537472 35.5 35 22 14
4537473 35.5 35 22.5 14
4537474 35.5 35 23 14
4537518 35.5 35.5 21.5 14
4537519 35.5 35.5 22 14
4537520 35.5 35.5 22.5 14
4537521 35.5 35.5 23 14
4553028 36 35 21.5 14
4553029 36 35 22 14
4553030 36 35 22.5 14
4553031 36 35 23 14
4553075 36 35.5 21.5 14
4553076 36 35.5 22 14
4553077 36 35.5 22.5 14
4553078 36 35.5 23 14
4568585 36.5 35 21.5 14
4568586 36.5 35 22 14
4568587 36.5 35 22.5 14
4568588 36.5 35 23 14
4568632 36.5 35.5 21.5 14
4568633 36.5 35.5 22 14
4568634 36.5 35.5 22.5 14
4568635 36.5 35.5 23 14
4584142 37 35 21.5 14
4584143 37 35 22 14
4584144 37 35 22.5 14
4584145 37 35 23 14
4584189 37 35.5 21.5 14
4584190 37 35.5 22 14
4584191 37 35.5 22.5 14
4584192 37 35.5 23 14
4599699 37.5 35 21.5 14
4599700 37.5 35 22 14
4599701 37.5 35 22.5 14
4599702 37.5 35 23 14
4599746 37.5 35.5 21.5 14
4599747 37.5 35.5 22 14
4599748 37.5 35.5 22.5 14
4599749 37.5 35.5 23 14
4615256 38 35 21.5 14
4615257 38 35 22 14
4615258 38 35 22.5 14
4615259 38 35 23 14
4615303 38 35.5 21.5 14
4615304 38 35.5 22 14
4615305 38 35.5 22.5 14
4615306 38 35.5 23 14
4630813 38.5 35 21.5 14
4630814 38.5 35 22 14
4630815 38.5 35 22.5 14
4630816 38.5 35 23 14
4630860 38.5 35.5 21.5 14
4630861 38.5 35.5 22 14
4630862 38.5 35.5 22.5 14
4630863 38.5 35.5 23 14
4646370 39 35 21.5 14
4646371 39 35 22 14
4646372 39 35 22.5 14
4646373 39 35 23 14
4646417 39 35.5 21.5 14
4646418 39 35.5 22 14
4646419 39 35.5 22.5 14
4646420 39 35.5 23 14
4661927 39.5 35 21.5 14
4661928 39.5 35 22 14
4661929 39.5 35 22.5 14
4661930 39.5 35 23 14
4661974 39.5 35.5 21.5 14
4661975 39.5 35.5 22 14
4661976 39.5 35.5 22.5 14
4661977 39.5 35.5 23 14
4677484 40 35 21.5 14
4677485 40 35 22 14
4677486 40 35 22.5 14
4677487 40 35 23 14
4677531 40 35.5 21.5 14
4677532 40 35.5 22 14
4677533 40 35.5 22.5 14
4677534 40 35.5 23 14
4693041 40.5 35 21.5 14
4693042 40.5 35 22 14
4693043 40.5 35 22.5 14
4693044 40.5 35 23 14
4693088 40.5 35.5 21.5 14
4693089 40.5 35.5 22 14
4693090 40.5 35.5 22.5 14
4693091 40.5 35.5 23 14
4708598 41 35 21.5 14
4708599 41 35 22 14
4708600 41 35 22.5 14
4708601 41 35 23 14
4708645 41 35.5 21.5 14
4708646 41 35.5 22 14
4708647 41 35.5 22.5 14
4708648 41 35.5 23 14
4724155 41.5 35 21.5 14
4724156 41.5 35 22 14
4724157 41.5 35 22.5 14
4724158 41.5 35 23 14
4724202 41.5 35.5 21.5 14
4724203 41.5 35.5 22 14
4724204 41.5 35.5 22.5 14
4724205 41.5 35.5 23 14
4739712 42 35 21.5 14
4739713 42 35 22 14
4739714 42 35 22.5 14
4739715 42 35 23 14
4739759 42 35.5 21.5 14
4739760 42 35.5 22 14
4739761 42 35.5 22.5 14
4739762 42 35.5 23 14
4755269 42.5 35 21.5 14
4755270 42.5 35 22 14
4755271 42.5 35 22.5 14
4755272 42.5 35 23 14
4755316 42.5 35.5 21.5 14
4755317 42.5 35.5 22 14
4755318 42.5 35.5 22.5 14
4755319 42.5 35.5 23 14
4770826 43 35 21.5 14
4770827 43 35 22 14
4770828 43 35 22.5 14
4770829 43 35 23 14
4770873 43 35.5 21.5 14
4770874 43 35.5 22 14
4770875 43 35.5 22.5 14
4770876 43 35.5 23 14
4786383 43.5 35 21.5 14
4786384 43.5 35 22 14
4786385 43.5 35 22.5 14
4786386 43.5 35 23 14
4786430 43.5 35.5 21.5 14
4786431 43.5 35.5 22 14
4786432 43.5 35.5 22.5 14
4786433 43.5 35.5 23 14
4801940 44 35 21.5 14
4801941 44 35 22 14
4801942 44 35 22.5 14
4801943 44 35 23 14
4801987 44 35.5 21.5 14
4801988 44 35.5 22 14
4801989 44 35.5 22.5 14
4801990 44 35.5 23 14
4817497 44.5 35 21.5 14
4817498 44.5 35 22 14
4817499 44.5 35 22.5 14
4817500 44.5 35 23 14
4817544 44.5 35.5 21.5 14
4817545 44.5 35.5 22 14
4817546 44.5 35.5 22.5 14
4817547 44.5 35.5 23 14
4833054 45 35 21.5 14
4833055 45 35 22 14
4833056 45 35 22.5 14
4833057 45 35 23 14
4833101 45 35.5 21.5 14
4833102 45 35.5 22 14
4833103 45 35.5 22.5 14
4833104 45 35.5 23 14
4848611 45.5 35 21.5 14
4848612 45.5 35 22 14
4848613 45.5 35 22.5 14
4848614 45.5 35 23 14
4848658 45.5 35.5 21.5 14
4848659 45.5 35.5 22 14
4848660 45.5 35.5 22.5 14
4848661 45.5 35.5 23 14
4864168 46 35 21.5 14
4864169 46 35 22 14
4864170 46 35 22.5 14
4864171 46 35 23 14
4864215 46 35.5 21.5 14
4864216 46 35.5 22 14
4864217 46 35.5 22.5 14
4864218 46 35.5 23 14
4879725 46.5 35 21.5 14
4879726 46.5 35 22 14
4879727 46.5 35 22.5 14
4879728 46.5 35 23 14
4879772 46.5 35.5 21.5 14
4879773 46.5 35.5 22 14
4879774 46.5 35.5 22.5 14
4879775 46.5 35.5 23 14
4895282 47 35 21.5 14
4895283 47 35 22 14
4895284 47 35 22.5 14
4895285 47 35 23 14
4895329 47 35.5 21.5 14
4895330 47 35.5 22 14
4895331 47 35.5 22.5 14
4895332 47 35.5 23 14
4910839 47.5 35 21.5 14
4910840 47.5 35 22 14
4910841 47.5 35 22.5 14
4910842 47.5 35 23 14
4910886 47.5 35.5 21.5 14
4910887 47.5 35.5 22 14
4910888 47.5 35.5 22.5 14
4910889 47.5 35.5 23 14
4926396 48 35 21.5 14
4926397 48 35 22 14
4926398 48 35 22.5 14
4926399 48 35 23 14
4926443 48 35.5 21.5 14
4926444 48 35.5 22 14
4926445 48 35.5 22.5 14
4926446 48 35.5 23 14
4941953 48.5 35 21.5 14
4941954 48.5 35 22 14
4941955 48.5 35 22.5 14
4941956 48.5 35 23 14
4942000 48.5 35.5 21.5 14
4942001 48.5 35.5 22 14
4942002 48.5 35.5 22.5 14
4942003 48.5 35.5 23 14
4957510 49 35 21.5 14
4957511 49 35 22 14
4957512 49 35 22.5 14
4957513 49 35 23 14
4957557 49 35.5 21.5 14
4957558 49 35.5 22 14
4957559 49 35.5 22.5 14
4957560 49 35.5 23 14
4973067 49.5 35 21.5 14
4973068 49.5 35 22 14
4973069 49.5 35 22.5 14
4973070 49.5 35 23 14
4973114 49.5 35.5 21.5 14
4973115 49.5 35.5 22 14
4973116 49.5 35.5 22.5 14
4973117 49.5 35.5 23 14
4988624 50 35 21.5 14
4988625 50 35 22 14
4988626 50 35 22.5 14
4988627 50 35 23 14
4988671 50 35.5 21.5 14
4988672 50 35.5 22 14
4988673 50 35.5 22.5 14
4988674 50 35.5 23 14
5004181 50.5 35 21.5 14
5004182 50.5 35 22 14
5004183 50.5 35 22.5 14
5004184 50.5 35 23 14
5004228 50.5 35.5 21.5 14
5004229 50.5 35.5 22 14
5004230 50.5 35.5 22.5 14
5004231 50.5 35.5 23 14
5019738 51 35 21.5 14
5019739 51 35 22 14
5019740 51 35 22.5 14
5019741 51 35 23 14
5019785 51 35.5 21.5 14
5019786 51 35.5 22 14
5019787 51 35.5 22.5 14
5019788 51 35.5 23 14
5035295 51.5 35 21.5 14
5035296 51.5 35 22 14
5035297 51.5 35 22.5 14
5035298 51.5 35 23 14
5035342 51.5 35.5 21.5 14
5035343 51.5 35.5 22 14
5035344 51.5 35.5 22.5 14
5035345 51.5 35.5 23 14
5050852 52 35 21.5 14
5050853 52 35 22 14
5050854 52 35 22.5 14
5050855 52 35 23 14
5050899 52 35.5 21.5 14
5050900 52 35.5 22 14
5050901 52 35.5 22.5 14
5050902 52 35.5 23 14
5066409 52.5 35 21.5 14
5066410 52.5 35 22 14
5066411 52.5 35 22.5 14
5066412 52.5 35 23 14
5066456 52.5 35.5 21.5 14
5066457 52.5 35.5 22 14
5066458 52.5 35.5 22.5 14
5066459 52.5 35.5 23 14
5081966 53 35 21.5 14
5081967 53 35 22 14
5081968 53 35 22.5 14
5081969 53 35 23 14
5082013 53 35.5 21.5 14
5082014 53 35.5 22 14
5082015 53 35.5 22.5 14
5082016 53 35.5 23 14
5097523 53.5 35 21.5 14
5097524 53.5 35 22 14
5097525 53.5 35 22.5 14
5097526 53.5 35 23 14
5097570 53.5 35.5 21.5 14
5097571 53.5 35.5 22 14
5097572 53.5 35.5 22.5 14
5097573 53.5 35.5 23 14
5113080 54 35 21.5 14
5113081 54 35 22 14
5113082 54 35 22.5 14
5113083 54 35 23 14
5113127 54 35.5 21.5 14
5113128 54 35.5 22 14
5113129 54 35.5 22.5 14
5113130 54 35.5 23 14
5128637 54.5 35 21.5 14
5128638 54.5 35 22 14
5128639 54.5 35 22.5 14
5128640 54.5 35 23 14
5128684 54.5 35.5 21.5 14
5128685 54.5 35.5 22 14
5128686 54.5 35.5 22.5 14
5128687 54.5 35.5 23 14
5144194 55 35 21.5 14
5144195 55 35 22 14
5144196 55 35 22.5 14
5144197 55 35 23 14
5144241 55 35.5 21.5 14
5144242 55 35.5 22 14
5144243 55 35.5 22.5 14
5144244 55 35.5 23 14
5159751 55.5 35 21.5 14
5159752 55.5 35 22 14
5159753 55.5 35 22.5 14
5159754 55.5 35 23 14
5159798 55.5 35.5 21.5 14
5159799 55.5 35.5 22 14
5159800 55.5 35.5 22.5 14
5159801 55.5 35.5 23 14
5175308 56 35 21.5 14
5175309 56 35 22 14
5175310 56 35 22.5 14
5175311 56 35 23 14
5175355 56 35.5 21.5 14
5175356 56 35.5 22 14
5175357 56 35.5 22.5 14
5175358 56 35.5 23 14
5190865 56.5 35 21.5 14
5190866 56.5 35 22 14
5190867 56.5 35 22.5 14
5190868 56.5 35 23 14
5190912 56.5 35.5 21.5 14
5190913 56.5 35.5 22 14
5190914 56.5 35.5 22.5 14
5190915 56.5 35.5 23 14
5206422 57 35 21.5 14
5206423 57 35 22 14
5206424 57 35 22.5 14
5206425 57 35 23 14
5206469 57 35.5 21.5 14
5206470 57 35.5 22 14
5206471 57 35.5 22.5 14
5206472 57 35.5 23 14
5221979 57.5 35 21.5 14
5221980 57.5 35 22 14
5221981 57.5 35 22.5 14
5221982 57.5 35 23 14
5222026 57.5 35.5 21.5 14
5222027 57.5 35.5 22 14
5222028 57.5 35.5 22.5 14
5222029 57.5 35.5 23 14
5237536 58 35 21.5 14
5237537 58 35 22 14
5237538 58 35 22.5 14
5237539 58 35 23 14
5237583 58 35.5 21.5 14
5237584 58 35.5 22 14
5237585 58 35.5 22.5 14
5237586 58 35.5 23 14
5253093 58.5 35 21.5 14
5253094 58.5 35 22 14
5253095 58.5 35 22.5 14
5253096 58.5 35 23 14
5253140 58.5 35.5 21.5 14
5253141 58.5 35.5 22 14
5253142 58.5 35.5 22.5 14
5253143 58.5 35.5 23 14
5268650 59 35 21.5 14
5268651 59 35 22 14
5268652 59 35 22.5 14
5268653 59 35 23 14
5268697 59 35.5 21.5 14
5268698 59 35.5 22 14
5268699 59 35.5 22.5 14
5268700 59 35.5 23 14
5284207 59.5 35 21.5 14
5284208 59.5 35 22 14
5284209 59.5 35 22.5 14
5284210 59.5 35 23 14
5284254 59.5 35.5 21.5 14
5284255 59.5 35.5 22 14
5284256 59.5 35.5 22.5 14
5284257 59.5 35.5 23 14
5299764 60 35 21.5 14
5299765 60 35 22 14
5299766 60 35 22.5 14
5299767 60 35 23 14
5299811 60 35.5 21.5 14
5299812 60 35.5 22 14
5299813 60 35.5 22.5 14
5299814 60 35.5 23 14
5315321 60.5 35 21.5 14
5315322 60.5 35 22 14
5315323 60.5 35 22.5 14
5315324 60.5 35 23 14
5315368 60.5 35.5 21.5 14
5315369 60.5 35.5 22 14
5315370 60.5 35.5 22.5 14
5315371 60.5 35.5 23 14
5330878 61 35 21.5 14
5330879 61 35 22 14
5330880 61 35 22.5 14
5330881 61 35 23 14
5330925 61 35.5 21.5 14
5330926 61 35.5 22 14
5330927 61 35.5 22.5 14
5330928 61 35.5 23 14
5346435 61.5 35 21.5 14
5346436 61.5 35 22 14
5346437 61.5 35 22.5 14
5346438 61.5 35 23 14
5346482 61.5 35.5 21.5 14
5346483 61.5 35.5 22 14
5346484 61.5 35.5 22.5 14
5346485 61.5 35.5 23 14
5361992 62 35 21.5 14
5361993 62 35 22 14
5361994 62 35 22.5 14
5361995 62 35 23 14
5362039 62 35.5 21.5 14
5362040 62 35.5 22 14
5362041 62 35.5 22.5 14
5362042 62 35.5 23 14
5377549 62.5 35 21.5 14
5377550 62.5 35 22 14
5377551 62.5 35 22.5 14
5377552 62.5 35 23 14
5377596 62.5 35.5 21.5 14
5377597 62.5 35.5 22 14
5377598 62.5 35.5 22.5 14
5377599 62.5 35.5 23 14
5393106 63 35 21.5 14
5393107 63 35 22 14
5393108 63 35 22.5 14
5393109 63 35 23 14
5393153 63 35.5 21.5 14
5393154 63 35.5 22 14
5393155 63 35.5 22.5 14
5393156 63 35.5 23 14
5408663 63.5 35 21.5 14
5408664 63.5 35 22 14
5408665 63.5 35 22.5 14
5408666 63.5 35 23 14
5408710 63.5 35.5 21.5 14
5408711 63.5 35.5 22 14
5408712 63.5 35.5 22.5 14
5408713 63.5 35.5 23 14
5424220 64 35 21.5 14
5424221 64 35 22 14
5424222 64 35 22.5 14
5424223 64 35 23 14
5424267 64 35.5 21.5 14
5424268 64 35.5 22 14
5424269 64 35.5 22.5 14
5424270 64 35.5 23 14
5439777 64.5 35 21.5 14
5439778 64.5 35 22 14
5439779 64.5 35 22.5 14
5439780 64.5 35 23 14
5439824 64.5 35.5 21.5 14
5439825 64.5 35.5 22 14
5439826 64.5 35.5 22.5 14
5439827 64.5 35.5 23 14
5455334 65 35 21.5 14
5455335 65 35 22 14
5455336 65 35 22.5 14
5455337 65 35 23 14
5455381 65 35.5 21.5 14
5455382 65 35.5 22 14
5455383 65 35.5 22.5 14
5455384 65 35.5 23 14
5470891 65.5 35 21.5 14
5470892 65.5 35 22 14
5470893 65.5 35 22.5 14
5470894 65.5 35 23 14
5470938 65.5 35.5 21.5 14
5470939 65.5 35.5 22 14
5470940 65.5 35.5 22.5 14
5470941 65.5 35.5 23 14
5486448 66 35 21.5 14
5486449 66 35 22 14
5486450 66 35 22.5 14
5486451 66 35 23 14
5486495 66 35.5 21.5 14
5486496 66 35.5 22 14
5486497 66 35.5 22.5 14
5486498 66 35.5 23 14
5502005 66.5 35 21.5 14
5502006 66.5 35 22 14
5502007 66.5 35 22.5 14
5502008 66.5 35 23 14
5502052 66.5 35.5 21.5 14
5502053 66.5 35.5 22 14
5502054 66.5 35.5 22.5 14
5502055 66.5 35.5 23 14
5517562 67 35 21.5 14
5517563 67 35 22 14
5517564 67 35 22.5 14
5517565 67 35 23 14
5517609 67 35.5 21.5 14
5517610 67 35.5 22 14
5517611 67 35.5 22.5 14
5517612 67 35.5 23 14
5533119 67.5 35 21.5 14
5533120 67.5 35 22 14
5533121 67.5 35 22.5 14
5533122 67.5 35 23 14
5533166 67.5 35.5 21.5 14
5533167 67.5 35.5 22 14
5533168 67.5 35.5 22.5 14
5533169 67.5 35.5 23 14
5548676 68 35 21.5 14
5548677 68 35 22 14
5548678 68 35 22.5 14
5548679 68 35 23 14
5548723 68 35.5 21.5 14
5548724 68 35.5 22 14
5548725 68 35.5 22.5 14
5548726 68 35.5 23 14
5564233 68.5 35 21.5 14
5564234 68.5 35 22 14
5564235 68.5 35 22.5 14
5564236 68.5 35 23 14
5564280 68.5 35.5 21.5 14
5564281 68.5 35.5 22 14
5564282 68.5 35.5 22.5 14
5564283 68.5 35.5 23 14
5579790 69 35 21.5 14
5579791 69 35 22 14
5579792 69 35 22.5 14
5579793 69 35 23 14
5579837 69 35.5 21.5 14
5579838 69 35.5 22 14
5579839 69 35.5 22.5 14
5579840 69 35.5 23 14
5595347 69.5 35 21.5 14
5595348 69.5 35 22 14
5595349 69.5 35 22.5 14
5595350 69.5 35 23 14
5595394 69.5 35.5 21.5 14
5595395 69.5 35.5 22 14
5595396 69.5 35.5 22.5 14
5595397 69.5 35.5 23 14
5610904 70 35 21.5 14
5610905 70 35 22 14
5610906 70 35 22.5 14
5610907 70 35 23 14
5610951 70 35.5 21.5 14
5610952 70 35.5 22 14
5610953 70 35.5 22.5 14
5610954 70 35.5 23 14
5626461 70.5 35 21.5 14
5626462 70.5 35 22 14
5626463 70.5 35 22.5 14
5626464 70.5 35 23 14
5626508 70.5 35.5 21.5 14
5626509 70.5 35.5 22 14
5626510 70.5 35.5 22.5 14
5626511 70.5 35.5 23 14
5642018 71 35 21.5 14
5642019 71 35 22 14
5642020 71 35 22.5 14
5642021 71 35 23 14
5642065 71 35.5 21.5 14
5642066 71 35.5 22 14
5642067 71 35.5 22.5 14
5642068 71 35.5 23 14
5657575 71.5 35 21.5 14
5657576 71.5 35 22 14
5657577 71.5 35 22.5 14
5657578 71.5 35 23 14
5657622 71.5 35.5 21.5 14
5657623 71.5 35.5 22 14
5657624 71.5 35.5 22.5 14
5657625 71.5 35.5 23 14
5673132 72 35 21.5 14
5673133 72 35 22 14
5673134 72 35 22.5 14
5673135 72 35 23 14
5673179 72 35.5 21.5 14
5673180 72 35.5 22 14
5673181 72 35.5 22.5 14
5673182 72 35.5 23 14
5688689 72.5 35 21.5 14
5688690 72.5 35 22 14
5688691 72.5 35 22.5 14
5688692 72.5 35 23 14
5688736 72.5 35.5 21.5 14
5688737 72.5 35.5 22 14
5688738 72.5 35.5 22.5 14
5688739 72.5 35.5 23 14
5704246 73 35 21.5 14
5704247 73 35 22 14
5704248 73 35 22.5 14
5704249 73 35 23 14
5704293 73 35.5 21.5 14
5704294 73 35.5 22 14
5704295 73 35.5 22.5 14
5704296 73 35.5 23 14
5719803 73.5 35 21.5 14
5719804 73.5 35 22 14
5719805 73.5 35 22.5 14
5719806 73.5 35 23 14
5719850 73.5 35.5 21.5 14
5719851 73.5 35.5 22 14
5719852 73.5 35.5 22.5 14
5719853 73.5 35.5 23 14
5735360 74 35 21.5 14
5735361 74 35 22 14
5735362 74 35 22.5 14
5735363 74 35 23 14
5735407 74 35.5 21.5 14
5735408 74 35.5 22 14
5735409 74 35.5 22.5 14
5735410 74 35.5 23 14
5750917 74.5 35 21.5 14
5750918 74.5 35 22 14
5750919 74.5 35 22.5 14
5750920 74.5 35 23 14
5750964 74.5 35.5 21.5 14
5750965 74.5 35.5 22 14
5750966 74.5 35.5 22.5 14
5750967 74.5 35.5 23 14
5766474 75 35 21.5 14
5766475 75 35 22 14
5766476 75 35 22.5 14
5766477 75 35 23 14
5766521 75 35.5 21.5 14
5766522 75 35.5 22 14
5766523 75 35.5 22.5 14
5766524 75 35.5 23 14
5782031 75.5 35 21.5 14
5782032 75.5 35 22 14
5782033 75.5 35 22.5 14
5782034 75.5 35 23 14
5782078 75.5 35.5 21.5 14
5782079 75.5 35.5 22 14
5782080 75.5 35.5 22.5 14
5782081 75.5 35.5 23 14
5797588 76 35 21.5 14
5797589 76 35 22 14
5797590 76 35 22.5 14
5797591 76 35 23 14
5797635 76 35.5 21.5 14
5797636 76 35.5 22 14
5797637 76 35.5 22.5 14
5797638 76 35.5 23 14
5813145 76.5 35 21.5 14
5813146 76.5 35 22 14
5813147 76.5 35 22.5 14
5813148 76.5 35 23 14
5813192 76.5 35.5 21.5 14
5813193 76.5 35.5 22 14
5813194 76.5 35.5 22.5 14
5813195 76.5 35.5 23 14
5828702 77 35 21.5 14
5828703 77 35 22 14
5828704 77 35 22.5 14
5828705 77 35 23 14
5828749 77 35.5 21.5 14
5828750 77 35.5 22 14
5828751 77 35.5 22.5 14
5828752 77 35.5 23 14
5844259 77.5 35 21.5 14
5844260 77.5 35 22 14
5844261 77.5 35 22.5 14
5844262 77.5 35 23 14
5844306 77.5 35.5 21.5 14
5844307 77.5 35.5 22 14
5844308 77.5 35.5 22.5 14
5844309 77.5 35.5 23 14
5859816 78 35 21.5 14
5859817 78 35 22 14
5859818 78 35 22.5 14
5859819 78 35 23 14
5859863 78 35.5 21.5 14
5859864 78 35.5 22 14
5859865 78 35.5 22.5 14
5859866 78 35.5 23 14
5875373 78.5 35 21.5 14
5875374 78.5 35 22 14
5875375 78.5 35 22.5 14
5875376 78.5 35 23 14
5875420 78.5 35.5 21.5 14
5875421 78.5 35.5 22 14
5875422 78.5 35.5 22.5 14
5875423 78.5 35.5 23 14
5890930 79 35 21.5 14
5890931 79 35 22 14
5890932 79 35 22.5 14
5890933 79 35 23 14
5890977 79 35.5 21.5 14
5890978 79 35.5 22 14
5890979 79 35.5 22.5 14
5890980 79 35.5 23 14
5906487 79.5 35 21.5 14
5906488 79.5 35 22 14
5906489 79.5 35 22.5 14
5906490 79.5 35 23 14
5906534 79.5 35.5 21.5 14
5906535 79.5 35.5 22 14
5906536 79.5 35.5 22.5 14
5906537 79.5 35.5 23 14
5922044 80 35 21.5 14
5922045 80 35 22 14
5922046 80 35 22.5 14
5922047 80 35 23 14
5922091 80 35.5 21.5 14
5922092 80 35.5 22 14
5922093 80 35.5 22.5 14
5922094 80 35.5 23 14
5937601 80.5 35 21.5 14
5937602 80.5 35 22 14
5937603 80.5 35 22.5 14
5937604 80.5 35 23 14
5937648 80.5 35.5 21.5 14
5937649 80.5 35.5 22 14
5937650 80.5 35.5 22.5 14
5937651 80.5 35.5 23 14
5953158 81 35 21.5 14
5953159 81 35 22 14
5953160 81 35 22.5 14
5953161 81 35 23 14
5953205 81 35.5 21.5 14
5953206 81 35.5 22 14
5953207 81 35.5 22.5 14
5953208 81 35.5 23 14
5968715 81.5 35 21.5 14
5968716 81.5 35 22 14
5968717 81.5 35 22.5 14
5968718 81.5 35 23 14
5968762 81.5 35.5 21.5 14
5968763 81.5 35.5 22 14
5968764 81.5 35.5 22.5 14
5968765 81.5 35.5 23 14
5984272 82 35 21.5 14
5984273 82 35 22 14
5984274 82 35 22.5 14
5984275 82 35 23 14
5984319 82 35.5 21.5 14
5984320 82 35.5 22 14
5984321 82 35.5 22.5 14
5984322 82 35.5 23 14
5999829 82.5 35 21.5 14
5999830 82.5 35 22 14
5999831 82.5 35 22.5 14
5999832 82.5 35 23 14
5999876 82.5 35.5 21.5 14
5999877 82.5 35.5 22 14
5999878 82.5 35.5 22.5 14
5999879 82.5 35.5 23 14
6015386 83 35 21.5 14
6015387 83 35 22 14
6015388 83 35 22.5 14
6015389 83 35 23 14
6015433 83 35.5 21.5 14
6015434 83 35.5 22 14
6015435 83 35.5 22.5 14
6015436 83 35.5 23 14
6030943 83.5 35 21.5 14
6030944 83.5 35 22 14
6030945 83.5 35 22.5 14
6030946 83.5 35 23 14
6030990 83.5 35.5 21.5 14
6030991 83.5 35.5 22 14
6030992 83.5 35.5 22.5 14
6030993 83.5 35.5 23 14
6046500 84 35 21.5 14
6046501 84 35 22 14
6046502 84 35 22.5 14
6046503 84 35 23 14
6046547 84 35.5 21.5 14
6046548 84 35.5 22 14
6046549 84 35.5 22.5 14
6046550 84 35.5 23 14
6062057 84.5 35 21.5 14
6062058 84.5 35 22 14
6062059 84.5 35 22.5 14
6062060 84.5 35 23 14
6062104 84.5 35.5 21.5 14
6062105 84.5 35.5 22 14
6062106 84.5 35.5 22.5 14
6062107 84.5 35.5 23 14
6077614 85 35 21.5 14
6077615 85 35 22 14
6077616 85 35 22.5 14
6077617 85 35 23 14
6077661 85 35.5 21.5 14
6077662 85 35.5 22 14
6077663 85 35.5 22.5 14
6077664 85 35.5 23 14
6093171 85.5 35 21.5 14
6093172 85.5 35 22 14
6093173 85.5 35 22.5 14
6093174 85.5 35 23 14
6093218 85.5 35.5 21.5 14
6093219 85.5 35.5 22 14
6093220 85.5 35.5 22.5 14
6093221 85.5 35.5 23 14
6108728 86 35 21.5 14
6108729 86 35 22 14
6108730 86 35 22.5 14
6108731 86 35 23 14
6108775 86 35.5 21.5 14
6108776 86 35.5 22 14
6108777 86 35.5 22.5 14
6108778 86 35.5 23 14
6124285 86.5 35 21.5 14
6124286 86.5 35 22 14
6124287 86.5 35 22.5 14
6124288 86.5 35 23 14
6124332 86.5 35.5 21.5 14
6124333 86.5 35.5 22 14
6124334 86.5 35.5 22.5 14
6124335 86.5 35.5 23 14
6139842 87 35 21.5 14
6139843 87 35 22 14
6139844 87 35 22.5 14
6139845 87 35 23 14
6139889 87 35.5 21.5 14
6139890 87 35.5 22 14
6139891 87 35.5 22.5 14
6139892 87 35.5 23 14
6155399 87.5 35 21.5 14
6155400 87.5 35 22 14
6155401 87.5 35 22.5 14
6155402 87.5 35 23 14
6155446 87.5 35.5 21.5 14
6155447 87.5 35.5 22 14
6155448 87.5 35.5 22.5 14
6155449 87.5 35.5 23 14
6170956 88 35 21.5 14
6170957 88 35 22 14
6170958 88 35 22.5 14
6170959 88 35 23 14
6171003 88 35.5 21.5 14
6171004 88 35.5 22 14
6171005 88 35.5 22.5 14
6171006 88 35.5 23 14
6186513 88.5 35 21.5 14
6186514 88.5 35 22 14
6186515 88.5 35 22.5 14
6186516 88.5 35 23 14
6186560 88.5 35.5 21.5 14
6186561 88.5 35.5 22 14
6186562 88.5 35.5 22.5 14
6186563 88.5 35.5 23 14
6202070 89 35 21.5 14
6202071 89 35 22 14
6202072 89 35 22.5 14
6202073 89 35 23 14
6202117 89 35.5 21.5 14
6202118 89 35.5 22 14
6202119 89 35.5 22.5 14
6202120 89 35.5 23 14
6217627 89.5 35 21.5 14
6217628 89.5 35 22 14
6217629 89.5 35 22.5 14
6217630 89.5 35 23 14
6217674 89.5 35.5 21.5 14
6217675 89.5 35.5 22 14
6217676 89.5 35.5 22.5 14
6217677 89.5 35.5 23 14
6233184 90 35 21.5 14
6233185 90 35 22 14
6233186 90 35 22.5 14
6233187 90 35 23 14
6233231 90 35.5 21.5 14
6233232 90 35.5 22 14
6233233 90 35.5 22.5 14
6233234 90 35.5 23 14
6248741 90.5 35 21.5 14
6248742 90.5 35 22 14
6248743 90.5 35 22.5 14
6248744 90.5 35 23 14
6248788 90.5 35.5 21.5 14
6248789 90.5 35.5 22 14
6248790 90.5 35.5 22.5 14
6248791 90.5 35.5 23 14
6264298 91 35 21.5 14
6264299 91 35 22 14
6264300 91 35 22.5 14
6264301 91 35 23 14
6264345 91 35.5 21.5 14
6264346 91 35.5 22 14
6264347 91 35.5 22.5 14
6264348 91 35.5 23 14
6279855 91.5 35 21.5 14
6279856 91.5 35 22 14
6279857 91.5 35 22.5 14
6279858 91.5 35 23 14
6279902 91.5 35.5 21.5 14
6279903 91.5 35.5 22 14
6279904 91.5 35.5 22.5 14
6279905 91.5 35.5 23 14
6295412 92 35 21.5 14
6295413 92 35 22 14
6295414 92 35 22.5 14
6295415 92 35 23 14
6295459 92 35.5 21.5 14
6295460 92 35.5 22 14
6295461 92 35.5 22.5 14
6295462 92 35.5 23 14
6310969 92.5 35 21.5 14
6310970 92.5 35 22 14
6310971 92.5 35 22.5 14
6310972 92.5 35 23 14
6311016 92.5 35.5 21.5 14
6311017 92.5 35.5 22 14
6311018 92.5 35.5 22.5 14
6311019 92.5 35.5 23 14
6326526 93 35 21.5 14
6326527 93 35 22 14
6326528 93 35 22.5 14
6326529 93 35 23 14
6326573 93 35.5 21.5 14
6326574 93 35.5 22 14
6326575 93 35.5 22.5 14
6326576 93 35.5 23 14
6342083 93.5 35 21.5 14
6342084 93.5 35 22 14
6342085 93.5 35 22.5 14
6342086 93.5 35 23 14
6342130 93.5 35.5 21.5 14
6342131 93.5 35.5 22 14
6342132 93.5 35.5 22.5 14
6342133 93.5 35.5 23 14
6357640 94 35 21.5 14
6357641 94 35 22 14
6357642 94 35 22.5 14
6357643 94 35 23 14
6357687 94 35.5 21.5 14
6357688 94 35.5 22 14
6357689 94 35.5 22.5 14
6357690 94 35.5 23 14
6373197 94.5 35 21.5 14
6373198 94.5 35 22 14
6373199 94.5 35 22.5 14
6373200 94.5 35 23 14
6373244 94.5 35.5 21.5 14
6373245 94.5 35.5 22 14
6373246 94.5 35.5 22.5 14
6373247 94.5 35.5 23 14
6388754 95 35 21.5 14
6388755 95 35 22 14
6388756 95 35 22.5 14
6388757 95 35 23 14
6388801 95 35.5 21.5 14
6388802 95 35.5 22 14
6388803 95 35.5 22.5 14
6388804 95 35.5 23 14
6404311 95.5 35 21.5 14
6404312 95.5 35 22 14
6404313 95.5 35 22.5 14
6404314 95.5 35 23 14
6404358 95.5 35.5 21.5 14
6404359 95.5 35.5 22 14
6404360 95.5 35.5 22.5 14
6404361 95.5 35.5 23 14
6419868 96 35 21.5 14
6419869 96 35 22 14
6419870 96 35 22.5 14
6419871 96 35 23 14
6419915 96 35.5 21.5 14
6419916 96 35.5 22 14
6419917 96 35.5 22.5 14
6419918 96 35.5 23 14
6435425 96.5 35 21.5 14
6435426 96.5 35 22 14
6435427 96.5 35 22.5 14
6435428 96.5 35 23 14
6435472 96.5 35.5 21.5 14
6435473 96.5 35.5 22 14
6435474 96.5 35.5 22.5 14
6435475 96.5 35.5 23 14
6450982 97 35 21.5 14
6450983 97 35 22 14
6450984 97 35 22.5 14
6450985 97 35 23 14
6451029 97 35.5 21.5 14
6451030 97 35.5 22 14
6451031 97 35.5 22.5 14
6451032 97 35.5 23 14
6466539 97.5 35 21.5 14
6466540 97.5 35 22 14
6466541 97.5 35 22.5 14
6466542 97.5 35 23 14
6466586 97.5 35.5 21.5 14
6466587 97.5 35.5 22 14
6466588 97.5 35.5 22.5 14
6466589 97.5 35.5 23 14
6482096 98 35 21.5 14
6482097 98 35 22 14
6482098 98 35 22.5 14
6482099 98 35 23 14
6482143 98 35.5 21.5 14
6482144 98 35.5 22 14
6482145 98 35.5 22.5 14
6482146 98 35.5 23 14
6497653 98.5 35 21.5 14
6497654 98.5 35 22 14
6497655 98.5 35 22.5 14
6497656 98.5 35 23 14
6497700 98.5 35.5 21.5 14
6497701 98.5 35.5 22 14
6497702 98.5 35.5 22.5 14
6497703 98.5 35.5 23 14
6513210 99 35 21.5 14
6513211 99 35 22 14
6513212 99 35 22.5 14
6513213 99 35 23 14
6513257 99 35.5 21.5 14
6513258 99 35.5 22 14
6513259 99 35.5 22.5 14
6513260 99 35.5 23 14
6528767 99.5 35 21.5 14
6528768 99.5 35 22 14
6528769 99.5 35 22.5 14
6528770 99.5 35 23 14
6528814 99.5 35.5 21.5 14
6528815 99.5 35.5 22 14
6528816 99.5 35.5 22.5 14
6528817 99.5 35.5 23 14
6544324 100 35 21.5 14
6544325 100 35 22 14
6544326 100 35 22.5 14
6544327 100 35 23 14
6544371 100 35.5 21.5 14
6544372 100 35.5 22 14
6544373 100 35.5 22.5 14
6544374 100 35.5 23 14
6559881 100.5 35 21.5 14
6559882 100.5 35 22 14
6559883 100.5 35 22.5 14
6559884 100.5 35 23 14
6559928 100.5 35.5 21.5 14
6559929 100.5 35.5 22 14
6559930 100.5 35.5 22.5 14
6559931 100.5 35.5 23 14
6575438 101 35 21.5 14
6575439 101 35 22 14
6575440 101 35 22.5 14
6575441 101 35 23 14
6575485 101 35.5 21.5 14
6575486 101 35.5 22 14
6575487 101 35.5 22.5 14
6575488 101 35.5 23 14
6590995 101.5 35 21.5 14
6590996 101.5 35 22 14
6590997 101.5 35 22.5 14
6590998 101.5 35 23 14
6591042 101.5 35.5 21.5 14
6591043 101.5 35.5 22 14
6591044 101.5 35.5 22.5 14
6591045 101.5 35.5 23 14
6606552 102 35 21.5 14
6606553 102 35 22 14
6606554 102 35 22.5 14
6606555 102 35 23 14
6606599 102 35.5 21.5 14
6606600 102 35.5 22 14
6606601 102 35.5 22.5 14
6606602 102 35.5 23 14
6622109 102.5 35 21.5 14
6622110 102.5 35 22 14
6622111 102.5 35 22.5 14
6622112 102.5 35 23 14
6622156 102.5 35.5 21.5 14
6622157 102.5 35.5 22 14
6622158 102.5 35.5 22.5 14
6622159 102.5 35.5 23 14
6637666 103 35 21.5 14
6637667 103 35 22 14
6637668 103 35 22.5 14
6637669 103 35 23 14
6637713 103 35.5 21.5 14
6637714 103 35.5 22 14
6637715 103 35.5 22.5 14
6637716 103 35.5 23 14
6653223 103.5 35 21.5 14
6653224 103.5 35 22 14
6653225 103.5 35 22.5 14
6653226 103.5 35 23 14
6653270 103.5 35.5 21.5 14
6653271 103.5 35.5 22 14
6653272 103.5 35.5 22.5 14
6653273 103.5 35.5 23 14
6668780 104 35 21.5 14
6668781 104 35 22 14
6668782 104 35 22.5 14
6668783 104 35 23 14
6668827 104 35.5 21.5 14
6668828 104 35.5 22 14
6668829 104 35.5 22.5 14
6668830 104 35.5 23 14
6684337 104.5 35 21.5 14
6684338 104.5 35 22 14
6684339 104.5 35 22.5 14
6684340 104.5 35 23 14
6684384 104.5 35.5 21.5 14
6684385 104.5 35.5 22 14
6684386 104.5 35.5 22.5 14
6684387 104.5 35.5 23 14
6699894 105 35 21.5 14
6699895 105 35 22 14
6699896 105 35 22.5 14
6699897 105 35 23 14
6699941 105 35.5 21.5 14
6699942 105 35.5 22 14
6699943 105 35.5 22.5 14
6699944 105 35.5 23 14
6715451 105.5 35 21.5 14
6715452 105.5 35 22 14
6715453 105.5 35 22.5 14
6715454 105.5 35 23 14
6715498 105.5 35.5 21.5 14
6715499 105.5 35.5 22 14
6715500 105.5 35.5 22.5 14
6715501 105.5 35.5 23 14
6731008 106 35 21.5 14
6731009 106 35 22 14
6731010 106 35 22.5 14
6731011 106 35 23 14
6731055 106 35.5 21.5 14
6731056 106 35.5 22 14
6731057 106 35.5 22.5 14
6731058 106 35.5 23 14
6746565 106.5 35 21.5 14
6746566 106.5 35 22 14
6746567 106.5 35 22.5 14
6746568 106.5 35 23 14
6746612 106.5 35.5 21.5 14
6746613 106.5 35.5 22 14
6746614 106.5 35.5 22.5 14
6746615 106.5 35.5 23 14
6762122 107 35 21.5 14
6762123 107 35 22 14
6762124 107 35 22.5 14
6762125 107 35 23 14
6762169 107 35.5 21.5 14
6762170 107 35.5 22 14
6762171 107 35.5 22.5 14
6762172 107 35.5 23 14
6777679 107.5 35 21.5 14
6777680 107.5 35 22 14
6777681 107.5 35 22.5 14
6777682 107.5 35 23 14
6777726 107.5 35.5 21.5 14
6777727 107.5 35.5 22 14
6777728 107.5 35.5 22.5 14
6777729 107.5 35.5 23 14
6793236 108 35 21.5 14
6793237 108 35 22 14
6793238 108 35 22.5 14
6793239 108 35 23 14
6793283 108 35.5 21.5 14
6793284 108 35.5 22 14
6793285 108 35.5 22.5 14
6793286 108 35.5 23 14
6808793 108.5 35 21.5 14
6808794 108.5 35 22 14
6808795 108.5 35 22.5 14
6808796 108.5 35 23 14
6808840 108.5 35.5 21.5 14
6808841 108.5 35.5 22 14
6808842 108.5 35.5 22.5 14
6808843 108.5 35.5 23 14
6824350 109 35 21.5 14
6824351 109 35 22 14
6824352 109 35 22.5 14
6824353 109 35 23 14
6824397 109 35.5 21.5 14
6824398 109 35.5 22 14
6824399 109 35.5 22.5 14
6824400 109 35.5 23 14
6839907 109.5 35 21.5 14
6839908 109.5 35 22 14
6839909 109.5 35 22.5 14
6839910 109.5 35 23 14
6839954 109.5 35.5 21.5 14
6839955 109.5 35.5 22 14
6839956 109.5 35.5 22.5 14
6839957 109.5 35.5 23 14
6855464 110 35 21.5 14
6855465 110 35 22 14
6855466 110 35 22.5 14
6855467 110 35 23 14
6855511 110 35.5 21.5 14
6855512 110 35.5 22 14
6855513 110 35.5 22.5 14
6855514 110 35.5 23 14
6871021 110.5 35 21.5 14
6871022 110.5 35 22 14
6871023 110.5 35 22.5 14
6871024 110.5 35 23 14
6871068 110.5 35.5 21.5 14
6871069 110.5 35.5 22 14
6871070 110.5 35.5 22.5 14
6871071 110.5 35.5 23 14
6886578 111 35 21.5 14
6886579 111 35 22 14
6886580 111 35 22.5 14
6886581 111 35 23 14
6886625 111 35.5 21.5 14
6886626 111 35.5 22 14
6886627 111 35.5 22.5 14
6886628 111 35.5 23 14
6902135 111.5 35 21.5 14
6902136 111.5 35 22 14
6902137 111.5 35 22.5 14
6902138 111.5 35 23 14
6902182 111.5 35.5 21.5 14
6902183 111.5 35.5 22 14
6902184 111.5 35.5 22.5 14
6902185 111.5 35.5 23 14
6917692 112 35 21.5 14
6917693 112 35 22 14
6917694 112 35 22.5 14
6917695 112 35 23 14
6917739 112 35.5 21.5 14
6917740 112 35.5 22 14
6917741 112 35.5 22.5 14
6917742 112 35.5 23 14
6933249 112.5 35 21.5 14
6933250 112.5 35 22 14
6933251 112.5 35 22.5 14
6933252 112.5 35 23 14
6933296 112.5 35.5 21.5 14
6933297 112.5 35.5 22 14
6933298 112.5 35.5 22.5 14
6933299 112.5 35.5 23 14
6948806 113 35 21.5 14
6948807 113 35 22 14
6948808 113 35 22.5 14
6948809 113 35 23 14
6948853 113 35.5 21.5 14
6948854 113 35.5 22 14
6948855 113 35.5 22.5 14
6948856 113 35.5 23 14
6964363 113.5 35 21.5 14
6964364 113.5 35 22 14
6964365 113.5 35 22.5 14
6964366 113.5 35 23 14
6964410 113.5 35.5 21.5 14
6964411 113.5 35.5 22 14
6964412 113.5 35.5 22.5 14
6964413 113.5 35.5 23 14
6979920 114 35 21.5 14
6979921 114 35 22 14
6979922 114 35 22.5 14
6979923 114 35 23 14
6979967 114 35.5 21.5 14
6979968 114 35.5 22 14
6979969 114 35.5 22.5 14
6979970 114 35.5 23 14
6995477 114.5 35 21.5 14
6995478 114.5 35 22 14
6995479 114.5 35 22.5 14
6995480 114.5 35 23 14
6995524 114.5 35.5 21.5 14
6995525 114.5 35.5 22 14
6995526 114.5 35.5 22.5 14
6995527 114.5 35.5 23 14
7011034 115 35 21.5 14
7011035 115 35 22 14
7011036 115 35 22.5 14
7011037 115 35 23 14
7011081 115 35.5 21.5 14
7011082 115 35.5 22 14
7011083 115 35.5 22.5 14
7011084 115 35.5 23 14
7026591 115.5 35 21.5 14
7026592 115.5 35 22 14
7026593 115.5 35 22.5 14
7026594 115.5 35 23 14
7026638 115.5 35.5 21.5 14
7026639 115.5 35.5 22 14
7026640 115.5 35.5 22.5 14
7026641 115.5 35.5 23 14
7042148 116 35 21.5 14
7042149 116 35 22 14
7042150 116 35 22.5 14
7042151 116 35 23 14
7042195 116 35.5 21.5 14
7042196 116 35.5 22 14
7042197 116 35.5 22.5 14
7042198 116 35.5 23 14
7057705 116.5 35 21.5 14
7057706 116.5 35 22 14
7057707 116.5 35 22.5 14
7057708 116.5 35 23 14
7057752 116.5 35.5 21.5 14
7057753 116.5 35.5 22 14
7057754 116.5 35.5 22.5 14
7057755 116.5 35.5 23 14
7073262 117 35 21.5 14
7073263 117 35 22 14
7073264 117 35 22.5 14
7073265 117 35 23 14
7073309 117 35.5 21.5 14
7073310 117 35.5 22 14
7073311 117 35.5 22.5 14
7073312 117 35.5 23 14
7088819 117.5 35 21.5 14
7088820 117.5 35 22 14
7088821 117.5 35 22.5 14
7088822 117.5 35 23 14
7088866 117.5 35.5 21.5 14
7088867 117.5 35.5 22 14
7088868 117.5 35.5 22.5 14
7088869 117.5 35.5 23 14
7104376 118 35 21.5 14
7104377 118 35 22 14
7104378 118 35 22.5 14
7104379 118 35 23 14
7104423 118 35.5 21.5 14
7104424 118 35.5 22 14
7104425 118 35.5 22.5 14
7104426 118 35.5 23 14
7119933 118.5 35 21.5 14
7119934 118.5 35 22 14
7119935 118.5 35 22.5 14
7119936 118.5 35 23 14
7119980 118.5 35.5 21.5 14
7119981 118.5 35.5 22 14
7119982 118.5 35.5 22.5 14
7119983 118.5 35.5 23 14
7135490 119 35 21.5 14
7135491 119 35 22 14
7135492 119 35 22.5 14
7135493 119 35 23 14
7135537 119 35.5 21.5 14
7135538 119 35.5 22 14
7135539 119 35.5 22.5 14
7135540 119 35.5 23 14
7151047 119.5 35 21.5 14
7151048 119.5 35 22 14
7151049 119.5 35 22.5 14
7151050 119.5 35 23 14
7151094 119.5 35.5 21.5 14
7151095 119.5 35.5 22 14
7151096 119.5 35.5 22.5 14
7151097 119.5 35.5 23 14
7166604 120 35 21.5 14
7166605 120 35 22 14
7166606 120 35 22.5 14
7166607 120 35 23 14
7166651 120 35.5 21.5 14
7166652 120 35.5 22 14
7166653 120 35.5 22.5 14
7166654 120 35.5 23 14
7182161 120.5 35 21.5 14
7182162 120.5 35 22 14
7182163 120.5 35 22.5 14
7182164 120.5 35 23 14
7182208 120.5 35.5 21.5 14
7182209 120.5 35.5 22 14
7182210 120.5 35.5 22.5 14
7182211 120.5 35.5 23 14
7197718 121 35 21.5 14
7197719 121 35 22 14
7197720 121 35 22.5 14
7197721 121 35 23 14
7197765 121 35.5 21.5 14
7197766 121 35.5 22 14
7197767 121 35.5 22.5 14
7197768 121 35.5 23 14
7213275 121.5 35 21.5 14
7213276 121.5 35 22 14
7213277 121.5 35 22.5 14
7213278 121.5 35 23 14
7213322 121.5 35.5 21.5 14
7213323 121.5 35.5 22 14
7213324 121.5 35.5 22.5 14
7213325 121.5 35.5 23 14
7228832 122 35 21.5 14
7228833 122 35 22 14
7228834 122 35 22.5 14
7228835 122 35 23 14
7228879 122 35.5 21.5 14
7228880 122 35.5 22 14
7228881 122 35.5 22.5 14
7228882 122 35.5 23 14
7244389 122.5 35 21.5 14
7244390 122.5 35 22 14
7244391 122.5 35 22.5 14
7244392 122.5 35 23 14
7244436 122.5 35.5 21.5 14
7244437 122.5 35.5 22 14
7244438 122.5 35.5 22.5 14
7244439 122.5 35.5 23 14
7259946 123 35 21.5 14
7259947 123 35 22 14
7259948 123 35 22.5 14
7259949 123 35 23 14
7259993 123 35.5 21.5 14
7259994 123 35.5 22 14
7259995 123 35.5 22.5 14
7259996 123 35.5 23 14
7275503 123.5 35 21.5 14
7275504 123.5 35 22 14
7275505 123.5 35 22.5 14
7275506 123.5 35 23 14
7275550 123.5 35.5 21.5 14
7275551 123.5 35.5 22 14
7275552 123.5 35.5 22.5 14
7275553 123.5 35.5 23 14
7291060 124 35 21.5 14
7291061 124 35 22 14
7291062 124 35 22.5 14
7291063 124 35 23 14
7291107 124 35.5 21.5 14
7291108 124 35.5 22 14
7291109 124 35.5 22.5 14
7291110 124 35.5 23 14
7306617 124.5 35 21.5 14
7306618 124.5 35 22 14
7306619 124.5 35 22.5 14
7306620 124.5 35 23 14
7306664 124.5 35.5 21.5 14
7306665 124.5 35.5 22 14
7306666 124.5 35.5 22.5 14
7306667 124.5 35.5 23 14
7322174 125 35 21.5 14
7322175 125 35 22 14
7322176 125 35 22.5 14
7322177 125 35 23 14
7322221 125 35.5 21.5 14
7322222 125 35.5 22 14
7322223 125 35.5 22.5 14
7322224 125 35.5 23 14
7337731 125.5 35 21.5 14
7337732 125.5 35 22 14
7337733 125.5 35 22.5 14
7337734 125.5 35 23 14
7337778 125.5 35.5 21.5 14
7337779 125.5 35.5 22 14
7337780 125.5 35.5 22.5 14
7337781 125.5 35.5 23 14
7353288 126 35 21.5 14
7353289 126 35 22 14
7353290 126 35 22.5 14
7353291 126 35 23 14
7353335 126 35.5 21.5 14
7353336 126 35.5 22 14
7353337 126 35.5 22.5 14
7353338 126 35.5 23 14
7368845 126.5 35 21.5 14
7368846 126.5 35 22 14
7368847 126.5 35 22.5 14
7368848 126.5 35 23 14
7368892 126.5 35.5 21.5 14
7368893 126.5 35.5 22 14
7368894 126.5 35.5 22.5 14
7368895 126.5 35.5 23 14
7384402 127 35 21.5 14
7384403 127 35 22 14
7384404 127 35 22.5 14
7384405 127 35 23 14
7384449 127 35.5 21.5 14
7384450 127 35.5 22 14
7384451 127 35.5 22.5 14
7384452 127 35.5 23 14
7399959 127.5 35 21.5 14
7399960 127.5 35 22 14
7399961 127.5 35 22.5 14
7399962 127.5 35 23 14
7400006 127.5 35.5 21.5 14
7400007 127.5 35.5 22 14
7400008 127.5 35.5 22.5 14
7400009 127.5 35.5 23 14
7415516 128 35 21.5 14
7415517 128 35 22 14
7415518 128 35 22.5 14
7415519 128 35 23 14
7415563 128 35.5 21.5 14
7415564 128 35.5 22 14
7415565 128 35.5 22.5 14
7415566 128 35.5 23 14
7431073 128.5 35 21.5 14
7431074 128.5 35 22 14
7431075 128.5 35 22.5 14
7431076 128.5 35 23 14
7431120 128.5 35.5 21.5 14
7431121 128.5 35.5 22 14
7431122 128.5 35.5 22.5 14
7431123 128.5 35.5 23 14
7446630 129 35 21.5 14
7446631 129 35 22 14
7446632 129 35 22.5 14
7446633 129 35 23 14
7446677 129 35.5 21.5 14
7446678 129 35.5 22 14
7446679 129 35.5 22.5 14
7446680 129 35.5 23 14
7462187 129.5 35 21.5 14
7462188 129.5 35 22 14
7462189 129.5 35 22.5 14
7462190 129.5 35 23 14
7462234 129.5 35.5 21.5 14
7462235 129.5 35.5 22 14
7462236 129.5 35.5 22.5 14
7462237 129.5 35.5 23 14
7477744 130 35 21.5 14
7477745 130 35 22 14
7477746 130 35 22.5 14
7477747 130 35 23 14
7477791 130 35.5 21.5 14
7477792 130 35.5 22 14
7477793 130 35.5 22.5 14
7477794 130 35.5 23 14
7493301 130.5 35 21.5 14
7493302 130.5 35 22 14
7493303 130.5 35 22.5 14
7493304 130.5 35 23 14
7493348 130.5 35.5 21.5 14
7493349 130.5 35.5 22 14
7493350 130.5 35.5 22.5 14
7493351 130.5 35.5 23 14
7508858 131 35 21.5 14
7508859 131 35 22 14
7508860 131 35 22.5 14
7508861 131 35 23 14
7508905 131 35.5 21.5 14
7508906 131 35.5 22 14
7508907 131 35.5 22.5 14
7508908 131 35.5 23 14
7524415 131.5 35 21.5 14
7524416 131.5 35 22 14
7524417 131.5 35 22.5 14
7524418 131.5 35 23 14
7524462 131.5 35.5 21.5 14
7524463 131.5 35.5 22 14
7524464 131.5 35.5 22.5 14
7524465 131.5 35.5 23 14
7539972 132 35 21.5 14
7539973 132 35 22 14
7539974 132 35 22.5 14
7539975 132 35 23 14
7540019 132 35.5 21.5 14
7540020 132 35.5 22 14
7540021 132 35.5 22.5 14
7540022 132 35.5 23 14
7555529 132.5 35 21.5 14
7555530 132.5 35 22 14
7555531 132.5 35 22.5 14
7555532 132.5 35 23 14
7555576 132.5 35.5 21.5 14
7555577 132.5 35.5 22 14
7555578 132.5 35.5 22.5 14
7555579 132.5 35.5 23 14
7571086 133 35 21.5 14
7571087 133 35 22 14
7571088 133 35 22.5 14
7571089 133 35 23 14
7571133 133 35.5 21.5 14
7571134 133 35.5 22 14
7571135 133 35.5 22.5 14
7571136 133 35.5 23 14
7586643 133.5 35 21.5 14
7586644 133.5 35 22 14
7586645 133.5 35 22.5 14
7586646 133.5 35 23 14
7586690 133.5 35.5 21.5 14
7586691 133.5 35.5 22 14
7586692 133.5 35.5 22.5 14
7586693 133.5 35.5 23 14
7602200 134 35 21.5 14
7602201 134 35 22 14
7602202 134 35 22.5 14
7602203 134 35 23 14
7602247 134 35.5 21.5 14
7602248 134 35.5 22 14
7602249 134 35.5 22.5 14
7602250 134 35.5 23 14
7617757 134.5 35 21.5 14
7617758 134.5 35 22 14
7617759 134.5 35 22.5 14
7617760 134.5 35 23 14
7617804 134.5 35.5 21.5 14
7617805 134.5 35.5 22 14
7617806 134.5 35.5 22.5 14
7617807 134.5 35.5 23 14
7633314 135 35 21.5 14
7633315 135 35 22 14
7633316 135 35 22.5 14
7633317 135 35 23 14
7633361 135 35.5 21.5 14
7633362 135 35.5 22 14
7633363 135 35.5 22.5 14
7633364 135 35.5 23 14
7648871 135.5 35 21.5 14
7648872 135.5 35 22 14
7648873 135.5 35 22.5 14
7648874 135.5 35 23 14
7648918 135.5 35.5 21.5 14
7648919 135.5 35.5 22 14
7648920 135.5 35.5 22.5 14
7648921 135.5 35.5 23 14
7664428 136 35 21.5 14
7664429 136 35 22 14
7664430 136 35 22.5 14
7664431 136 35 23 14
7664475 136 35.5 21.5 14
7664476 136 35.5 22 14
7664477 136 35.5 22.5 14
7664478 136 35.5 23 14
7679985 136.5 35 21.5 14
7679986 136.5 35 22 14
7679987 136.5 35 22.5 14
7679988 136.5 35 23 14
7680032 136.5 35.5 21.5 14
7680033 136.5 35.5 22 14
7680034 136.5 35.5 22.5 14
7680035 136.5 35.5 23 14
7695542 137 35 21.5 14
7695543 137 35 22 14
7695544 137 35 22.5 14
7695545 137 35 23 14
7695589 137 35.5 21.5 14
7695590 137 35.5 22 14
7695591 137 35.5 22.5 14
7695592 137 35.5 23 14
7711099 137.5 35 21.5 14
7711100 137.5 35 22 14
7711101 137.5 35 22.5 14
7711102 137.5 35 23 14
7711146 137.5 35.5 21.5 14
7711147 137.5 35.5 22 14
7711148 137.5 35.5 22.5 14
7711149 137.5 35.5 23 14
7726656 138 35 21.5 14
7726657 138 35 22 14
7726658 138 35 22.5 14
7726659 138 35 23 14
7726703 138 35.5 21.5 14
7726704 138 35.5 22 14
7726705 138 35.5 22.5 14
7726706 138 35.5 23 14
7742213 138.5 35 21.5 14
7742214 138.5 35 22 14
7742215 138.5 35 22.5 14
7742216 138.5 35 23 14
7742260 138.5 35.5 21.5 14
7742261 138.5 35.5 22 14
7742262 138.5 35.5 22.5 14
7742263 138.5 35.5 23 14
7757770 139 35 21.5 14
7757771 139 35 22 14
7757772 139 35 22.5 14
7757773 139 35 23 14
7757817 139 35.5 21.5 14
7757818 139 35.5 22 14
7757819 139 35.5 22.5 14
7757820 139 35.5 23 14
7773327 139.5 35 21.5 14
7773328 139.5 35 22 14
7773329 139.5 35 22.5 14
7773330 139.5 35 23 14
7773374 139.5 35.5 21.5 14
7773375 139.5 35.5 22 14
7773376 139.5 35.5 22.5 14
7773377 139.5 35.5 23 14
7788884 140 35 21.5 14
7788885 140 35 22 14
7788886 140 35 22.5 14
7788887 140 35 23 14
7788931 140 35.5 21.5 14
7788932 140 35.5 22 14
7788933 140 35.5 22.5 14
7788934 140 35.5 23 14
7804441 140.5 35 21.5 14
7804442 140.5 35 22 14
7804443 140.5 35 22.5 14
7804444 140.5 35 23 14
7804488 140.5 35.5 21.5 14
7804489 140.5 35.5 22 14
7804490 140.5 35.5 22.5 14
7804491 140.5 35.5 23 14
7819998 141 35 21.5 14
7819999 141 35 22 14
7820000 141 35 22.5 14
7820001 141 35 23 14
7820045 141 35.5 21.5 14
7820046 141 35.5 22 14
7820047 141 35.5 22.5 14
7820048 141 35.5 23 14
7835555 141.5 35 21.5 14
7835556 141.5 35 22 14
7835557 141.5 35 22.5 14
7835558 141.5 35 23 14
7835602 141.5 35.5 21.5 14
7835603 141.5 35.5 22 14
7835604 141.5 35.5 22.5 14
7835605 141.5 35.5 23 14
7851112 142 35 21.5 14
7851113 142 35 22 14
7851114 142 35 22.5 14
7851115 142 35 23 14
7851159 142 35.5 21.5 14
7851160 142 35.5 22 14
7851161 142 35.5 22.5 14
7851162 142 35.5 23 14
7866669 142.5 35 21.5 14
7866670 142.5 35 22 14
7866671 142.5 35 22.5 14
7866672 142.5 35 23 14
7866716 142.5 35.5 21.5 14
7866717 142.5 35.5 22 14
7866718 142.5 35.5 22.5 14
7866719 142.5 35.5 23 14
7882226 143 35 21.5 14
7882227 143 35 22 14
7882228 143 35 22.5 14
7882229 143 35 23 14
7882273 143 35.5 21.5 14
7882274 143 35.5 22 14
7882275 143 35.5 22.5 14
7882276 143 35.5 23 14
7897783 143.5 35 21.5 14
7897784 143.5 35 22 14
7897785 143.5 35 22.5 14
7897786 143.5 35 23 14
7897830 143.5 35.5 21.5 14
7897831 143.5 35.5 22 14
7897832 143.5 35.5 22.5 14
7897833 143.5 35.5 23 14
7913340 144 35 21.5 14
7913341 144 35 22 14
7913342 144 35 22.5 14
7913343 144 35 23 14
7913387 144 35.5 21.5 14
7913388 144 35.5 22 14
7913389 144 35.5 22.5 14
7913390 144 35.5 23 14
7928897 144.5 35 21.5 14
7928898 144.5 35 22 14
7928899 144.5 35 22.5 14
7928900 144.5 35 23 14
7928944 144.5 35.5 21.5 14
7928945 144.5 35.5 22 14
7928946 144.5 35.5 22.5 14
7928947 144.5 35.5 23 14
7944454 145 35 21.5 14
7944455 145 35 22 14
7944456 145 35 22.5 14
7944457 145 35 23 14
7944501 145 35.5 21.5 14
7944502 145 35.5 22 14
7944503 145 35.5 22.5 14
7944504 145 35.5 23 14
7960011 145.5 35 21.5 14
7960012 145.5 35 22 14
7960013 145.5 35 22.5 14
7960014 145.5 35 23 14
7960058 145.5 35.5 21.5 14
7960059 145.5 35.5 22 14
7960060 145.5 35.5 22.5 14
7960061 145.5 35.5 23 14
7975568 146 35 21.5 14
7975569 146 35 22 14
7975570 146 35 22.5 14
7975571 146 35 23 14
7975615 146 35.5 21.5 14
7975616 146 35.5 22 14
7975617 146 35.5 22.5 14
7975618 146 35.5 23 14
7991125 146.5 35 21.5 14
7991126 146.5 35 22 14
7991127 146.5 35 22.5 14
7991128 146.5 35 23 14
7991172 146.5 35.5 21.5 14
7991173 146.5 35.5 22 14
7991174 146.5 35.5 22.5 14
7991175 146.5 35.5 23 14
8006682 147 35 21.5 14
8006683 147 35 22 14
8006684 147 35 22.5 14
8006685 147 35 23 14
8006729 147 35.5 21.5 14
8006730 147 35.5 22 14
8006731 147 35.5 22.5 14
8006732 147 35.5 23 14
8022239 147.5 35 21.5 14
8022240 147.5 35 22 14
8022241 147.5 35 22.5 14
8022242 147.5 35 23 14
8022286 147.5 35.5 21.5 14
8022287 147.5 35.5 22 14
8022288 147.5 35.5 22.5 14
8022289 147.5 35.5 23 14
8037796 148 35 21.5 14
8037797 148 35 22 14
8037798 148 35 22.5 14
8037799 148 35 23 14
8037843 148 35.5 21.5 14
8037844 148 35.5 22 14
8037845 148 35.5 22.5 14
8037846 148 35.5 23 14
8053353 148.5 35 21.5 14
8053354 148.5 35 22 14
8053355 148.5 35 22.5 14
8053356 148.5 35 23 14
8053400 148.5 35.5 21.5 14
8053401 148.5 35.5 22 14
8053402 148.5 35.5 22.5 14
8053403 148.5 35.5 23 14
8068910 149 35 21.5 14
8068911 149 35 22 14
8068912 149 35 22.5 14
8068913 149 35 23 14
8068957 149 35.5 21.5 14
8068958 149 35.5 22 14
8068959 149 35.5 22.5 14
8068960 149 35.5 23 14
8084467 149.5 35 21.5 14
8084468 149.5 35 22 14
8084469 149.5 35 22.5 14
8084470 149.5 35 23 14
8084514 149.5 35.5 21.5 14
8084515 149.5 35.5 22 14
8084516 149.5 35.5 22.5 14
8084517 149.5 35.5 23 14
8100024 150 35 21.5 14
8100025 150 35 22 14
8100026 150 35 22.5 14
8100027 150 35 23 14
8100071 150 35.5 21.5 14
8100072 150 35.5 22 14
8100073 150 35.5 22.5 14
8100074 150 35.5 23 14
8115581 150.5 35 21.5 14
8115582 150.5 35 22 14
8115583 150.5 35 22.5 14
8115584 150.5 35 23 14
8115628 150.5 35.5 21.5 14
8115629 150.5 35.5 22 14
8115630 150.5 35.5 22.5 14
8115631 150.5 35.5 23 14
8131138 151 35 21.5 14
8131139 151 35 22 14
8131140 151 35 22.5 14
8131141 151 35 23 14
8131185 151 35.5 21.5 14
8131186 151 35.5 22 14
8131187 151 35.5 22.5 14
8131188 151 35.5 23 14
8146695 151.5 35 21.5 14
8146696 151.5 35 22 14
8146697 151.5 35 22.5 14
8146698 151.5 35 23 14
8146742 151.5 35.5 21.5 14
8146743 151.5 35.5 22 14
8146744 151.5 35.5 22.5 14
8146745 151.5 35.5 23 14
8162252 152 35 21.5 14
8162253 152 35 22 14
8162254 152 35 22.5 14
8162255 152 35 23 14
8162299 152 35.5 21.5 14
8162300 152 35.5 22 14
8162301 152 35.5 22.5 14
8162302 152 35.5 23 14
8177809 152.5 35 21.5 14
8177810 152.5 35 22 14
8177811 152.5 35 22.5 14
8177812 152.5 35 23 14
8177856 152.5 35.5 21.5 14
8177857 152.5 35.5 22 14
8177858 152.5 35.5 22.5 14
8177859 152.5 35.5 23 14
8193366 153 35 21.5 14
8193367 153 35 22 14
8193368 153 35 22.5 14
8193369 153 35 23 14
8193413 153 35.5 21.5 14
8193414 153 35.5 22 14
8193415 153 35.5 22.5 14
8193416 153 35.5 23 14
