5325896 61 -18 21.5 11
5325897 61 -18 22 11
5325898 61 -18 22.5 11
5325899 61 -18 23 11
5325943 61 -17.5 21.5 11
5325944 61 -17.5 22 11
5325945 61 -17.5 22.5 11
5325946 61 -17.5 23 11
5341453 61.5 -18 21.5 11
5341454 61.5 -18 22 11
5341455 61.5 -18 22.5 11
5341456 61.5 -18 23 11
5341500 61.5 -17.5 21.5 11
5341501 61.5 -17.5 22 11
5341502 61.5 -17.5 22.5 11
5341503 61.5 -17.5 23 11
5357010 62 -18 21.5 11
5357011 62 -18 22 11
5357012 62 -18 22.5 11
5357013 62 -18 23 11
5357057 62 -17.5 21.5 11
5357058 62 -17.5 22 11
5357059 62 -17.5 22.5 11
5357060 62 -17.5 23 11
5372567 62.5 -18 21.5 11
5372568 62.5 -18 22 11
5372569 62.5 -18 22.5 11
5372570 62.5 -18 23 11
5372614 62.5 -17.5 21.5 11
5372615 62.5 -17.5 22 11
5372616 62.5 -17.5 22.5 11
5372617 62.5 -17.5 23 11
5388124 63 -18 21.5 11
5388125 63 -18 22 11
5388126 63 -18 22.5 11
5388127 63 -18 23 11
5388171 63 -17.5 21.5 11
5388172 63 -17.5 22 11
5388173 63 -17.5 22.5 11
5388174 63 -17.5 23 11
5403681 63.5 -18 21.5 11
5403682 63.5 -18 22 11
5403683 63.5 -18 22.5 11
5403684 63.5 -18 23 11
5403728 63.5 -17.5 21.5 11
5403729 63.5 -17.5 22 11
5403730 63.5 -17.5 22.5 11
5403731 63.5 -17.5 23 11
5419238 64 -18 21.5 11
5419239 64 -18 22 11
5419240 64 -18 22.5 11
5419241 64 -18 23 11
5419285 64 -17.5 21.5 11
5419286 64 -17.5 22 11
5419287 64 -17.5 22.5 11
5419288 64 -17.5 23 11
5434795 64.5 -18 21.5 11
5434796 64.5 -18 22 11
5434797 64.5 -18 22.5 11
5434798 64.5 -18 23 11
5434842 64.5 -17.5 21.5 11
5434843 64.5 -17.5 22 11
5434844 64.5 -17.5 22.5 11
5434845 64.5 -17.5 23 11
5450352 65 -18 21.5 11
5450353 65 -18 22 11
5450354 65 -18 22.5 11
5450355 65 -18 23 11
5450399 65 -17.5 21.5 11
5450400 65 -17.5 22 11
5450401 65 -17.5 22.5 11
5450402 65 -17.5 23 11
5465909 65.5 -18 21.5 11
5465910 65.5 -18 22 11
5465911 65.5 -18 22.5 11
5465912 65.5 -18 23 11
5465956 65.5 -17.5 21.5 11
5465957 65.5 -17.5 22 11
5465958 65.5 -17.5 22.5 11
5465959 65.5 -17.5 23 11
5481466 66 -18 21.5 11
5481467 66 -18 22 11
5481468 66 -18 22.5 11
5481469 66 -18 23 11
5481513 66 -17.5 21.5 11
5481514 66 -17.5 22 11
5481515 66 -17.5 22.5 11
5481516 66 -17.5 23 11
5497023 66.5 -18 21.5 11
5497024 66.5 -18 22 11
5497025 66.5 -18 22.5 11
5497026 66.5 -18 23 11
5497070 66.5 -17.5 21.5 11
5497071 66.5 -17.5 22 11
5497072 66.5 -17.5 22.5 11
5497073 66.5 -17.5 23 11
5512580 67 -18 21.5 11
5512581 67 -18 22 11
5512582 67 -18 22.5 11
5512583 67 -18 23 11
5512627 67 -17.5 21.5 11
5512628 67 -17.5 22 11
5512629 67 -17.5 22.5 11
5512630 67 -17.5 23 11
5528137 67.5 -18 21.5 11
5528138 67.5 -18 22 11
5528139 67.5 -18 22.5 11
5528140 67.5 -18 23 11
5528184 67.5 -17.5 21.5 11
5528185 67.5 -17.5 22 11
5528186 67.5 -17.5 22.5 11
5528187 67.5 -17.5 23 11
5543694 68 -18 21.5 11
5543695 68 -18 22 11
5543696 68 -18 22.5 11
5543697 68 -18 23 11
5543741 68 -17.5 21.5 11
5543742 68 -17.5 22 11
5543743 68 -17.5 22.5 11
5543744 68 -17.5 23 11
5559251 68.5 -18 21.5 11
5559252 68.5 -18 22 11
5559253 68.5 -18 22.5 11
5559254 68.5 -18 23 11
5559298 68.5 -17.5 21.5 11
5559299 68.5 -17.5 22 11
5559300 68.5 -17.5 22.5 11
5559301 68.5 -17.5 23 11
5574808 69 -18 21.5 11
5574809 69 -18 22 11
5574810 69 -18 22.5 11
5574811 69 -18 23 11
5574855 69 -17.5 21.5 11
5574856 69 -17.5 22 11
5574857 69 -17.5 22.5 11
5574858 69 -17.5 23 11
5590365 69.5 -18 21.5 11
5590366 69.5 -18 22 11
5590367 69.5 -18 22.5 11
5590368 69.5 -18 23 11
5590412 69.5 -17.5 21.5 11
5590413 69.5 -17.5 22 11
5590414 69.5 -17.5 22.5 11
5590415 69.5 -17.5 23 11
5605922 70 -18 21.5 11
5605923 70 -18 22 11
5605924 70 -18 22.5 11
5605925 70 -18 23 11
5605969 70 -17.5 21.5 11
5605970 70 -17.5 22 11
5605971 70 -17.5 22.5 11
5605972 70 -17.5 23 11
5621479 70.5 -18 21.5 11
5621480 70.5 -18 22 11
5621481 70.5 -18 22.5 11
5621482 70.5 -18 23 11
5621526 70.5 -17.5 21.5 11
5621527 70.5 -17.5 22 11
5621528 70.5 -17.5 22.5 11
5621529 70.5 -17.5 23 11
5637036 71 -18 21.5 11
5637037 71 -18 22 11
5637038 71 -18 22.5 11
5637039 71 -18 23 11
5637083 71 -17.5 21.5 11
5637084 71 -17.5 22 11
5637085 71 -17.5 22.5 11
5637086 71 -17.5 23 11
5652593 71.5 -18 21.5 11
5652594 71.5 -18 22 11
5652595 71.5 -18 22.5 11
5652596 71.5 -18 23 11
5652640 71.5 -17.5 21.5 11
5652641 71.5 -17.5 22 11
5652642 71.5 -17.5 22.5 11
5652643 71.5 -17.5 23 11
5668150 72 -18 21.5 11
5668151 72 -18 22 11
5668152 72 -18 22.5 11
5668153 72 -18 23 11
5668197 72 -17.5 21.5 11
5668198 72 -17.5 22 11
5668199 72 -17.5 22.5 11
5668200 72 -17.5 23 11
5683707 72.5 -18 21.5 11
5683708 72.5 -18 22 11
5683709 72.5 -18 22.5 11
5683710 72.5 -18 23 11
5683754 72.5 -17.5 21.5 11
5683755 72.5 -17.5 22 11
5683756 72.5 -17.5 22.5 11
5683757 72.5 -17.5 23 11
5699264 73 -18 21.5 11
5699265 73 -18 22 11
5699266 73 -18 22.5 11
5699267 73 -18 23 11
5699311 73 -17.5 21.5 11
5699312 73 -17.5 22 11
5699313 73 -17.5 22.5 11
5699314 73 -17.5 23 11
5714821 73.5 -18 21.5 11
5714822 73.5 -18 22 11
5714823 73.5 -18 22.5 11
5714824 73.5 -18 23 11
5714868 73.5 -17.5 21.5 11
5714869 73.5 -17.5 22 11
5714870 73.5 -17.5 22.5 11
5714871 73.5 -17.5 23 11
5730378 74 -18 21.5 11
5730379 74 -18 22 11
5730380 74 -18 22.5 11
5730381 74 -18 23 11
5730425 74 -17.5 21.5 11
5730426 74 -17.5 22 11
5730427 74 -17.5 22.5 11
5730428 74 -17.5 23 11
5745935 74.5 -18 21.5 11
5745936 74.5 -18 22 11
5745937 74.5 -18 22.5 11
5745938 74.5 -18 23 11
5745982 74.5 -17.5 21.5 11
5745983 74.5 -17.5 22 11
5745984 74.5 -17.5 22.5 11
5745985 74.5 -17.5 23 11
5761492 75 -18 21.5 11
5761493 75 -18 22 11
5761494 75 -18 22.5 11
5761495 75 -18 23 11
5761539 75 -17.5 21.5 11
5761540 75 -17.5 22 11
5761541 75 -17.5 22.5 11
5761542 75 -17.5 23 11
5777049 75.5 -18 21.5 11
5777050 75.5 -18 22 11
5777051 75.5 -18 22.5 11
5777052 75.5 -18 23 11
5777096 75.5 -17.5 21.5 11
5777097 75.5 -17.5 22 11
5777098 75.5 -17.5 22.5 11
5777099 75.5 -17.5 23 11
5792606 76 -18 21.5 11
5792607 76 -18 22 11
5792608 76 -18 22.5 11
5792609 76 -18 23 11
5792653 76 -17.5 21.5 11
5792654 76 -17.5 22 11
5792655 76 -17.5 22.5 11
5792656 76 -17.5 23 11
5808163 76.5 -18 21.5 11
5808164 76.5 -18 22 11
5808165 76.5 -18 22.5 11
5808166 76.5 -18 23 11
5808210 76.5 -17.5 21.5 11
5808211 76.5 -17.5 22 11
5808212 76.5 -17.5 22.5 11
5808213 76.5 -17.5 23 11
5823720 77 -18 21.5 11
5823721 77 -18 22 11
5823722 77 -18 22.5 11
5823723 77 -18 23 11
5823767 77 -17.5 21.5 11
5823768 77 -17.5 22 11
5823769 77 -17.5 22.5 11
5823770 77 -17.5 23 11
5839277 77.5 -18 21.5 11
5839278 77.5 -18 22 11
5839279 77.5 -18 22.5 11
5839280 77.5 -18 23 11
5839324 77.5 -17.5 21.5 11
5839325 77.5 -17.5 22 11
5839326 77.5 -17.5 22.5 11
5839327 77.5 -17.5 23 11
5854834 78 -18 21.5 11
5854835 78 -18 22 11
5854836 78 -18 22.5 11
5854837 78 -18 23 11
5854881 78 -17.5 21.5 11
5854882 78 -17.5 22 11
5854883 78 -17.5 22.5 11
5854884 78 -17.5 23 11
5870391 78.5 -18 21.5 11
5870392 78.5 -18 22 11
5870393 78.5 -18 22.5 11
5870394 78.5 -18 23 11
5870438 78.5 -17.5 21.5 11
5870439 78.5 -17.5 22 11
5870440 78.5 -17.5 22.5 11
5870441 78.5 -17.5 23 11
5885948 79 -18 21.5 11
5885949 79 -18 22 11
5885950 79 -18 22.5 11
5885951 79 -18 23 11
5885995 79 -17.5 21.5 11
5885996 79 -17.5 22 11
5885997 79 -17.5 22.5 11
5885998 79 -17.5 23 11
5901505 79.5 -18 21.5 11
5901506 79.5 -18 22 11
5901507 79.5 -18 22.5 11
5901508 79.5 -18 23 11
5901552 79.5 -17.5 21.5 11
5901553 79.5 -17.5 22 11
5901554 79.5 -17.5 22.5 11
5901555 79.5 -17.5 23 11
5917062 80 -18 21.5 11
5917063 80 -18 22 11
5917064 80 -18 22.5 11
5917065 80 -18 23 11
5917109 80 -17.5 21.5 11
5917110 80 -17.5 22 11
5917111 80 -17.5 22.5 11
5917112 80 -17.5 23 11
5932619 80.5 -18 21.5 11
5932620 80.5 -18 22 11
5932621 80.5 -18 22.5 11
5932622 80.5 -18 23 11
5932666 80.5 -17.5 21.5 11
5932667 80.5 -17.5 22 11
5932668 80.5 -17.5 22.5 11
5932669 80.5 -17.5 23 11
5948176 81 -18 21.5 11
5948177 81 -18 22 11
5948178 81 -18 22.5 11
5948179 81 -18 23 11
5948223 81 -17.5 21.5 11
5948224 81 -17.5 22 11
5948225 81 -17.5 22.5 11
5948226 81 -17.5 23 11
5963733 81.5 -18 21.5 11
5963734 81.5 -18 22 11
5963735 81.5 -18 22.5 11
5963736 81.5 -18 23 11
5963780 81.5 -17.5 21.5 11
5963781 81.5 -17.5 22 11
5963782 81.5 -17.5 22.5 11
5963783 81.5 -17.5 23 11
5979290 82 -18 21.5 11
5979291 82 -18 22 11
5979292 82 -18 22.5 11
5979293 82 -18 23 11
5979337 82 -17.5 21.5 11
5979338 82 -17.5 22 11
5979339 82 -17.5 22.5 11
5979340 82 -17.5 23 11
5994847 82.5 -18 21.5 11
5994848 82.5 -18 22 11
5994849 82.5 -18 22.5 11
5994850 82.5 -18 23 11
5994894 82.5 -17.5 21.5 11
5994895 82.5 -17.5 22 11
5994896 82.5 -17.5 22.5 11
5994897 82.5 -17.5 23 11
6010404 83 -18 21.5 11
6010405 83 -18 22 11
6010406 83 -18 22.5 11
6010407 83 -18 23 11
6010451 83 -17.5 21.5 11
6010452 83 -17.5 22 11
6010453 83 -17.5 22.5 11
6010454 83 -17.5 23 11
6025961 83.5 -18 21.5 11
6025962 83.5 -18 22 11
6025963 83.5 -18 22.5 11
6025964 83.5 -18 23 11
6026008 83.5 -17.5 21.5 11
6026009 83.5 -17.5 22 11
6026010 83.5 -17.5 22.5 11
6026011 83.5 -17.5 23 11
6041518 84 -18 21.5 11
6041519 84 -18 22 11
6041520 84 -18 22.5 11
6041521 84 -18 23 11
6041565 84 -17.5 21.5 11
6041566 84 -17.5 22 11
6041567 84 -17.5 22.5 11
6041568 84 -17.5 23 11
6057075 84.5 -18 21.5 11
6057076 84.5 -18 22 11
6057077 84.5 -18 22.5 11
6057078 84.5 -18 23 11
6057122 84.5 -17.5 21.5 11
6057123 84.5 -17.5 22 11
6057124 84.5 -17.5 22.5 11
6057125 84.5 -17.5 23 11
6072632 85 -18 21.5 11
6072633 85 -18 22 11
6072634 85 -18 22.5 11
6072635 85 -18 23 11
6072679 85 -17.5 21.5 11
6072680 85 -17.5 22 11
6072681 85 -17.5 22.5 11
6072682 85 -17.5 23 11
6088189 85.5 -18 21.5 11
6088190 85.5 -18 22 11
6088191 85.5 -18 22.5 11
6088192 85.5 -18 23 11
6088236 85.5 -17.5 21.5 11
6088237 85.5 -17.5 22 11
6088238 85.5 -17.5 22.5 11
6088239 85.5 -17.5 23 11
6103746 86 -18 21.5 11
6103747 86 -18 22 11
6103748 86 -18 22.5 11
6103749 86 -18 23 11
6103793 86 -17.5 21.5 11
6103794 86 -17.5 22 11
6103795 86 -17.5 22.5 11
6103796 86 -17.5 23 11
6119303 86.5 -18 21.5 11
6119304 86.5 -18 22 11
6119305 86.5 -18 22.5 11
6119306 86.5 -18 23 11
6119350 86.5 -17.5 21.5 11
6119351 86.5 -17.5 22 11
6119352 86.5 -17.5 22.5 11
6119353 86.5 -17.5 23 11
6134860 87 -18 21.5 11
6134861 87 -18 22 11
6134862 87 -18 22.5 11
6134863 87 -18 23 11
6134907 87 -17.5 21.5 11
6134908 87 -17.5 22 11
6134909 87 -17.5 22.5 11
6134910 87 -17.5 23 11
6150417 87.5 -18 21.5 11
6150418 87.5 -18 22 11
6150419 87.5 -18 22.5 11
6150420 87.5 -18 23 11
6150464 87.5 -17.5 21.5 11
6150465 87.5 -17.5 22 11
6150466 87.5 -17.5 22.5 11
6150467 87.5 -17.5 23 11
6165974 88 -18 21.5 11
6165975 88 -18 22 11
6165976 88 -18 22.5 11
6165977 88 -18 23 11
6166021 88 -17.5 21.5 11
6166022 88 -17.5 22 11
6166023 88 -17.5 22.5 11
6166024 88 -17.5 23 11
6181531 88.5 -18 21.5 11
6181532 88.5 -18 22 11
6181533 88.5 -18 22.5 11
6181534 88.5 -18 23 11
6181578 88.5 -17.5 21.5 11
6181579 88.5 -17.5 22 11
6181580 88.5 -17.5 22.5 11
6181581 88.5 -17.5 23 11
6197088 89 -18 21.5 11
6197089 89 -18 22 11
6197090 89 -18 22.5 11
6197091 89 -18 23 11
6197135 89 -17.5 21.5 11
6197136 89 -17.5 22 11
6197137 89 -17.5 22.5 11
6197138 89 -17.5 23 11
6212645 89.5 -18 21.5 11
6212646 89.5 -18 22 11
6212647 89.5 -18 22.5 11
6212648 89.5 -18 23 11
6212692 89.5 -17.5 21.5 11
6212693 89.5 -17.5 22 11
6212694 89.5 -17.5 22.5 11
6212695 89.5 -17.5 23 11
6228202 90 -18 21.5 11
6228203 90 -18 22 11
6228204 90 -18 22.5 11
6228205 90 -18 23 11
6228249 90 -17.5 21.5 11
6228250 90 -17.5 22 11
6228251 90 -17.5 22.5 11
6228252 90 -17.5 23 11
6243759 90.5 -18 21.5 11
6243760 90.5 -18 22 11
6243761 90.5 -18 22.5 11
6243762 90.5 -18 23 11
6243806 90.5 -17.5 21.5 11
6243807 90.5 -17.5 22 11
6243808 90.5 -17.5 22.5 11
6243809 90.5 -17.5 23 11
6259316 91 -18 21.5 11
6259317 91 -18 22 11
6259318 91 -18 22.5 11
6259319 91 -18 23 11
6259363 91 -17.5 21.5 11
6259364 91 -17.5 22 11
6259365 91 -17.5 22.5 11
6259366 91 -17.5 23 11
6274873 91.5 -18 21.5 11
6274874 91.5 -18 22 11
6274875 91.5 -18 22.5 11
6274876 91.5 -18 23 11
6274920 91.5 -17.5 21.5 11
6274921 91.5 -17.5 22 11
6274922 91.5 -17.5 22.5 11
6274923 91.5 -17.5 23 11
6290430 92 -18 21.5 11
6290431 92 -18 22 11
6290432 92 -18 22.5 11
6290433 92 -18 23 11
6290477 92 -17.5 21.5 11
6290478 92 -17.5 22 11
6290479 92 -17.5 22.5 11
6290480 92 -17.5 23 11
6305987 92.5 -18 21.5 11
6305988 92.5 -18 22 11
6305989 92.5 -18 22.5 11
6305990 92.5 -18 23 11
6306034 92.5 -17.5 21.5 11
6306035 92.5 -17.5 22 11
6306036 92.5 -17.5 22.5 11
6306037 92.5 -17.5 23 11
6321544 93 -18 21.5 11
6321545 93 -18 22 11
6321546 93 -18 22.5 11
6321547 93 -18 23 11
6321591 93 -17.5 21.5 11
6321592 93 -17.5 22 11
6321593 93 -17.5 22.5 11
6321594 93 -17.5 23 11
6337101 93.5 -18 21.5 11
6337102 93.5 -18 22 11
6337103 93.5 -18 22.5 11
6337104 93.5 -18 23 11
6337148 93.5 -17.5 21.5 11
6337149 93.5 -17.5 22 11
6337150 93.5 -17.5 22.5 11
6337151 93.5 -17.5 23 11
6352658 94 -18 21.5 11
6352659 94 -18 22 11
6352660 94 -18 22.5 11
6352661 94 -18 23 11
6352705 94 -17.5 21.5 11
6352706 94 -17.5 22 11
6352707 94 -17.5 22.5 11
6352708 94 -17.5 23 11
6368215 94.5 -18 21.5 11
6368216 94.5 -18 22 11
6368217 94.5 -18 22.5 11
6368218 94.5 -18 23 11
6368262 94.5 -17.5 21.5 11
6368263 94.5 -17.5 22 11
6368264 94.5 -17.5 22.5 11
6368265 94.5 -17.5 23 11
6383772 95 -18 21.5 11
6383773 95 -18 22 11
6383774 95 -18 22.5 11
6383775 95 -18 23 11
6383819 95 -17.5 21.5 11
6383820 95 -17.5 22 11
6383821 95 -17.5 22.5 11
6383822 95 -17.5 23 11
6399329 95.5 -18 21.5 11
6399330 95.5 -18 22 11
6399331 95.5 -18 22.5 11
6399332 95.5 -18 23 11
6399376 95.5 -17.5 21.5 11
6399377 95.5 -17.5 22 11
6399378 95.5 -17.5 22.5 11
6399379 95.5 -17.5 23 11
6414886 96 -18 21.5 11
6414887 96 -18 22 11
6414888 96 -18 22.5 11
6414889 96 -18 23 11
6414933 96 -17.5 21.5 11
6414934 96 -17.5 22 11
6414935 96 -17.5 22.5 11
6414936 96 -17.5 23 11
6430443 96.5 -18 21.5 11
6430444 96.5 -18 22 11
6430445 96.5 -18 22.5 11
6430446 96.5 -18 23 11
6430490 96.5 -17.5 21.5 11
6430491 96.5 -17.5 22 11
6430492 96.5 -17.5 22.5 11
6430493 96.5 -17.5 23 11
6446000 97 -18 21.5 11
6446001 97 -18 22 11
6446002 97 -18 22.5 11
6446003 97 -18 23 11
6446047 97 -17.5 21.5 11
6446048 97 -17.5 22 11
6446049 97 -17.5 22.5 11
6446050 97 -17.5 23 11
6461557 97.5 -18 21.5 11
6461558 97.5 -18 22 11
6461559 97.5 -18 22.5 11
6461560 97.5 -18 23 11
6461604 97.5 -17.5 21.5 11
6461605 97.5 -17.5 22 11
6461606 97.5 -17.5 22.5 11
6461607 97.5 -17.5 23 11
6477114 98 -18 21.5 11
6477115 98 -18 22 11
6477116 98 -18 22.5 11
6477117 98 -18 23 11
6477161 98 -17.5 21.5 11
6477162 98 -17.5 22 11
6477163 98 -17.5 22.5 11
6477164 98 -17.5 23 11
6492671 98.5 -18 21.5 11
6492672 98.5 -18 22 11
6492673 98.5 -18 22.5 11
6492674 98.5 -18 23 11
6492718 98.5 -17.5 21.5 11
6492719 98.5 -17.5 22 11
6492720 98.5 -17.5 22.5 11
6492721 98.5 -17.5 23 11
6508228 99 -18 21.5 11
6508229 99 -18 22 11
6508230 99 -18 22.5 11
6508231 99 -18 23 11
6508275 99 -17.5 21.5 11
6508276 99 -17.5 22 11
6508277 99 -17.5 22.5 11
6508278 99 -17.5 23 11
6523785 99.5 -18 21.5 11
6523786 99.5 -18 22 11
6523787 99.5 -18 22.5 11
6523788 99.5 -18 23 11
6523832 99.5 -17.5 21.5 11
6523833 99.5 -17.5 22 11
6523834 99.5 -17.5 22.5 11
6523835 99.5 -17.5 23 11
6539342 100 -18 21.5 11
6539343 100 -18 22 11
6539344 100 -18 22.5 11
6539345 100 -18 23 11
6539389 100 -17.5 21.5 11
6539390 100 -17.5 22 11
6539391 100 -17.5 22.5 11
6539392 100 -17.5 23 11
6554899 100.5 -18 21.5 11
6554900 100.5 -18 22 11
6554901 100.5 -18 22.5 11
6554902 100.5 -18 23 11
6554946 100.5 -17.5 21.5 11
6554947 100.5 -17.5 22 11
6554948 100.5 -17.5 22.5 11
6554949 100.5 -17.5 23 11
6570456 101 -18 21.5 11
6570457 101 -18 22 11
6570458 101 -18 22.5 11
6570459 101 -18 23 11
6570503 101 -17.5 21.5 11
6570504 101 -17.5 22 11
6570505 101 -17.5 22.5 11
6570506 101 -17.5 23 11
6586013 101.5 -18 21.5 11
6586014 101.5 -18 22 11
6586015 101.5 -18 22.5 11
6586016 101.5 -18 23 11
6586060 101.5 -17.5 21.5 11
6586061 101.5 -17.5 22 11
6586062 101.5 -17.5 22.5 11
6586063 101.5 -17.5 23 11
6601570 102 -18 21.5 11
6601571 102 -18 22 11
6601572 102 -18 22.5 11
6601573 102 -18 23 11
6601617 102 -17.5 21.5 11
6601618 102 -17.5 22 11
6601619 102 -17.5 22.5 11
6601620 102 -17.5 23 11
6617127 102.5 -18 21.5 11
6617128 102.5 -18 22 11
6617129 102.5 -18 22.5 11
6617130 102.5 -18 23 11
6617174 102.5 -17.5 21.5 11
6617175 102.5 -17.5 22 11
6617176 102.5 -17.5 22.5 11
6617177 102.5 -17.5 23 11
6632684 103 -18 21.5 11
6632685 103 -18 22 11
6632686 103 -18 22.5 11
6632687 103 -18 23 11
6632731 103 -17.5 21.5 11
6632732 103 -17.5 22 11
6632733 103 -17.5 22.5 11
6632734 103 -17.5 23 11
6648241 103.5 -18 21.5 11
6648242 103.5 -18 22 11
6648243 103.5 -18 22.5 11
6648244 103.5 -18 23 11
6648288 103.5 -17.5 21.5 11
6648289 103.5 -17.5 22 11
6648290 103.5 -17.5 22.5 11
6648291 103.5 -17.5 23 11
6663798 104 -18 21.5 11
6663799 104 -18 22 11
6663800 104 -18 22.5 11
6663801 104 -18 23 11
6663845 104 -17.5 21.5 11
6663846 104 -17.5 22 11
6663847 104 -17.5 22.5 11
6663848 104 -17.5 23 11
6679355 104.5 -18 21.5 11
6679356 104.5 -18 22 11
6679357 104.5 -18 22.5 11
6679358 104.5 -18 23 11
6679402 104.5 -17.5 21.5 11
6679403 104.5 -17.5 22 11
6679404 104.5 -17.5 22.5 11
6679405 104.5 -17.5 23 11
6694912 105 -18 21.5 11
6694913 105 -18 22 11
6694914 105 -18 22.5 11
6694915 105 -18 23 11
6694959 105 -17.5 21.5 11
6694960 105 -17.5 22 11
6694961 105 -17.5 22.5 11
6694962 105 -17.5 23 11
6710469 105.5 -18 21.5 11
6710470 105.5 -18 22 11
6710471 105.5 -18 22.5 11
6710472 105.5 -18 23 11
6710516 105.5 -17.5 21.5 11
6710517 105.5 -17.5 22 11
6710518 105.5 -17.5 22.5 11
6710519 105.5 -17.5 23 11
6726026 106 -18 21.5 11
6726027 106 -18 22 11
6726028 106 -18 22.5 11
6726029 106 -18 23 11
6726073 106 -17.5 21.5 11
6726074 106 -17.5 22 11
6726075 106 -17.5 22.5 11
6726076 106 -17.5 23 11
6741583 106.5 -18 21.5 11
6741584 106.5 -18 22 11
6741585 106.5 -18 22.5 11
6741586 106.5 -18 23 11
6741630 106.5 -17.5 21.5 11
6741631 106.5 -17.5 22 11
6741632 106.5 -17.5 22.5 11
6741633 106.5 -17.5 23 11
6757140 107 -18 21.5 11
6757141 107 -18 22 11
6757142 107 -18 22.5 11
6757143 107 -18 23 11
6757187 107 -17.5 21.5 11
6757188 107 -17.5 22 11
6757189 107 -17.5 22.5 11
6757190 107 -17.5 23 11
6772697 107.5 -18 21.5 11
6772698 107.5 -18 22 11
6772699 107.5 -18 22.5 11
6772700 107.5 -18 23 11
6772744 107.5 -17.5 21.5 11
6772745 107.5 -17.5 22 11
6772746 107.5 -17.5 22.5 11
6772747 107.5 -17.5 23 11
6788254 108 -18 21.5 11
6788255 108 -18 22 11
6788256 108 -18 22.5 11
6788257 108 -18 23 11
6788301 108 -17.5 21.5 11
6788302 108 -17.5 22 11
6788303 108 -17.5 22.5 11
6788304 108 -17.5 23 11
6803811 108.5 -18 21.5 11
6803812 108.5 -18 22 11
6803813 108.5 -18 22.5 11
6803814 108.5 -18 23 11
6803858 108.5 -17.5 21.5 11
6803859 108.5 -17.5 22 11
6803860 108.5 -17.5 22.5 11
6803861 108.5 -17.5 23 11
6819368 109 -18 21.5 11
6819369 109 -18 22 11
6819370 109 -18 22.5 11
6819371 109 -18 23 11
6819415 109 -17.5 21.5 11
6819416 109 -17.5 22 11
6819417 109 -17.5 22.5 11
6819418 109 -17.5 23 11
6834925 109.5 -18 21.5 11
6834926 109.5 -18 22 11
6834927 109.5 -18 22.5 11
6834928 109.5 -18 23 11
6834972 109.5 -17.5 21.5 11
6834973 109.5 -17.5 22 11
6834974 109.5 -17.5 22.5 11
6834975 109.5 -17.5 23 11
6850482 110 -18 21.5 11
6850483 110 -18 22 11
6850484 110 -18 22.5 11
6850485 110 -18 23 11
6850529 110 -17.5 21.5 11
6850530 110 -17.5 22 11
6850531 110 -17.5 22.5 11
6850532 110 -17.5 23 11
6866039 110.5 -18 21.5 11
6866040 110.5 -18 22 11
6866041 110.5 -18 22.5 11
6866042 110.5 -18 23 11
6866086 110.5 -17.5 21.5 11
6866087 110.5 -17.5 22 11
6866088 110.5 -17.5 22.5 11
6866089 110.5 -17.5 23 11
6881596 111 -18 21.5 11
6881597 111 -18 22 11
6881598 111 -18 22.5 11
6881599 111 -18 23 11
6881643 111 -17.5 21.5 11
6881644 111 -17.5 22 11
6881645 111 -17.5 22.5 11
6881646 111 -17.5 23 11
6897153 111.5 -18 21.5 11
6897154 111.5 -18 22 11
6897155 111.5 -18 22.5 11
6897156 111.5 -18 23 11
6897200 111.5 -17.5 21.5 11
6897201 111.5 -17.5 22 11
6897202 111.5 -17.5 22.5 11
6897203 111.5 -17.5 23 11
6912710 112 -18 21.5 11
6912711 112 -18 22 11
6912712 112 -18 22.5 11
6912713 112 -18 23 11
6912757 112 -17.5 21.5 11
6912758 112 -17.5 22 11
6912759 112 -17.5 22.5 11
6912760 112 -17.5 23 11
6928267 112.5 -18 21.5 11
6928268 112.5 -18 22 11
6928269 112.5 -18 22.5 11
6928270 112.5 -18 23 11
6928314 112.5 -17.5 21.5 11
6928315 112.5 -17.5 22 11
6928316 112.5 -17.5 22.5 11
6928317 112.5 -17.5 23 11
6943824 113 -18 21.5 11
6943825 113 -18 22 11
6943826 113 -18 22.5 11
6943827 113 -18 23 11
6943871 113 -17.5 21.5 11
6943872 113 -17.5 22 11
6943873 113 -17.5 22.5 11
6943874 113 -17.5 23 11
6959381 113.5 -18 21.5 11
6959382 113.5 -18 22 11
6959383 113.5 -18 22.5 11
6959384 113.5 -18 23 11
6959428 113.5 -17.5 21.5 11
6959429 113.5 -17.5 22 11
6959430 113.5 -17.5 22.5 11
6959431 113.5 -17.5 23 11
6974938 114 -18 21.5 11
6974939 114 -18 22 11
6974940 114 -18 22.5 11
6974941 114 -18 23 11
6974985 114 -17.5 21.5 11
6974986 114 -17.5 22 11
6974987 114 -17.5 22.5 11
6974988 114 -17.5 23 11
6990495 114.5 -18 21.5 11
6990496 114.5 -18 22 11
6990497 114.5 -18 22.5 11
6990498 114.5 -18 23 11
6990542 114.5 -17.5 21.5 11
6990543 114.5 -17.5 22 11
6990544 114.5 -17.5 22.5 11
6990545 114.5 -17.5 23 11
7006052 115 -18 21.5 11
7006053 115 -18 22 11
7006054 115 -18 22.5 11
7006055 115 -18 23 11
7006099 115 -17.5 21.5 11
7006100 115 -17.5 22 11
7006101 115 -17.5 22.5 11
7006102 115 -17.5 23 11
7021609 115.5 -18 21.5 11
7021610 115.5 -18 22 11
7021611 115.5 -18 22.5 11
7021612 115.5 -18 23 11
7021656 115.5 -17.5 21.5 11
7021657 115.5 -17.5 22 11
7021658 115.5 -17.5 22.5 11
7021659 115.5 -17.5 23 11
7037166 116 -18 21.5 11
7037167 116 -18 22 11
7037168 116 -18 22.5 11
7037169 116 -18 23 11
7037213 116 -17.5 21.5 11
7037214 116 -17.5 22 11
7037215 116 -17.5 22.5 11
7037216 116 -17.5 23 11
7052723 116.5 -18 21.5 11
7052724 116.5 -18 22 11
7052725 116.5 -18 22.5 11
7052726 116.5 -18 23 11
7052770 116.5 -17.5 21.5 11
7052771 116.5 -17.5 22 11
7052772 116.5 -17.5 22.5 11
7052773 116.5 -17.5 23 11
7068280 117 -18 21.5 11
7068281 117 -18 22 11
7068282 117 -18 22.5 11
7068283 117 -18 23 11
7068327 117 -17.5 21.5 11
7068328 117 -17.5 22 11
7068329 117 -17.5 22.5 11
7068330 117 -17.5 23 11
7083837 117.5 -18 21.5 11
7083838 117.5 -18 22 11
7083839 117.5 -18 22.5 11
7083840 117.5 -18 23 11
7083884 117.5 -17.5 21.5 11
7083885 117.5 -17.5 22 11
7083886 117.5 -17.5 22.5 11
7083887 117.5 -17.5 23 11
7099394 118 -18 21.5 11
7099395 118 -18 22 11
7099396 118 -18 22.5 11
7099397 118 -18 23 11
7099441 118 -17.5 21.5 11
7099442 118 -17.5 22 11
7099443 118 -17.5 22.5 11
7099444 118 -17.5 23 11
7114951 118.5 -18 21.5 11
7114952 118.5 -18 22 11
7114953 118.5 -18 22.5 11
7114954 118.5 -18 23 11
7114998 118.5 -17.5 21.5 11
7114999 118.5 -17.5 22 11
7115000 118.5 -17.5 22.5 11
7115001 118.5 -17.5 23 11
7130508 119 -18 21.5 11
7130509 119 -18 22 11
7130510 119 -18 22.5 11
7130511 119 -18 23 11
7130555 119 -17.5 21.5 11
7130556 119 -17.5 22 11
7130557 119 -17.5 22.5 11
7130558 119 -17.5 23 11
7146065 119.5 -18 21.5 11
7146066 119.5 -18 22 11
7146067 119.5 -18 22.5 11
7146068 119.5 -18 23 11
7146112 119.5 -17.5 21.5 11
7146113 119.5 -17.5 22 11
7146114 119.5 -17.5 22.5 11
7146115 119.5 -17.5 23 11
7161622 120 -18 21.5 11
7161623 120 -18 22 11
7161624 120 -18 22.5 11
7161625 120 -18 23 11
7161669 120 -17.5 21.5 11
7161670 120 -17.5 22 11
7161671 120 -17.5 22.5 11
7161672 120 -17.5 23 11
7177179 120.5 -18 21.5 11
7177180 120.5 -18 22 11
7177181 120.5 -18 22.5 11
7177182 120.5 -18 23 11
7177226 120.5 -17.5 21.5 11
7177227 120.5 -17.5 22 11
7177228 120.5 -17.5 22.5 11
7177229 120.5 -17.5 23 11
7192736 121 -18 21.5 11
7192737 121 -18 22 11
7192738 121 -18 22.5 11
7192739 121 -18 23 11
7192783 121 -17.5 21.5 11
7192784 121 -17.5 22 11
7192785 121 -17.5 22.5 11
7192786 121 -17.5 23 11
7208293 121.5 -18 21.5 11
7208294 121.5 -18 22 11
7208295 121.5 -18 22.5 11
7208296 121.5 -18 23 11
7208340 121.5 -17.5 21.5 11
7208341 121.5 -17.5 22 11
7208342 121.5 -17.5 22.5 11
7208343 121.5 -17.5 23 11
7223850 122 -18 21.5 11
7223851 122 -18 22 11
7223852 122 -18 22.5 11
7223853 122 -18 23 11
7223897 122 -17.5 21.5 11
7223898 122 -17.5 22 11
7223899 122 -17.5 22.5 11
7223900 122 -17.5 23 11
7239407 122.5 -18 21.5 11
7239408 122.5 -18 22 11
7239409 122.5 -18 22.5 11
7239410 122.5 -18 23 11
7239454 122.5 -17.5 21.5 11
7239455 122.5 -17.5 22 11
7239456 122.5 -17.5 22.5 11
7239457 122.5 -17.5 23 11
7254964 123 -18 21.5 11
7254965 123 -18 22 11
7254966 123 -18 22.5 11
7254967 123 -18 23 11
7255011 123 -17.5 21.5 11
7255012 123 -17.5 22 11
7255013 123 -17.5 22.5 11
7255014 123 -17.5 23 11
7270521 123.5 -18 21.5 11
7270522 123.5 -18 22 11
7270523 123.5 -18 22.5 11
7270524 123.5 -18 23 11
7270568 123.5 -17.5 21.5 11
7270569 123.5 -17.5 22 11
7270570 123.5 -17.5 22.5 11
7270571 123.5 -17.5 23 11
7286078 124 -18 21.5 11
7286079 124 -18 22 11
7286080 124 -18 22.5 11
7286081 124 -18 23 11
7286125 124 -17.5 21.5 11
7286126 124 -17.5 22 11
7286127 124 -17.5 22.5 11
7286128 124 -17.5 23 11
7301635 124.5 -18 21.5 11
7301636 124.5 -18 22 11
7301637 124.5 -18 22.5 11
7301638 124.5 -18 23 11
7301682 124.5 -17.5 21.5 11
7301683 124.5 -17.5 22 11
7301684 124.5 -17.5 22.5 11
7301685 124.5 -17.5 23 11
7317192 125 -18 21.5 11
7317193 125 -18 22 11
7317194 125 -18 22.5 11
7317195 125 -18 23 11
7317239 125 -17.5 21.5 11
7317240 125 -17.5 22 11
7317241 125 -17.5 22.5 11
7317242 125 -17.5 23 11
7332749 125.5 -18 21.5 11
7332750 125.5 -18 22 11
7332751 125.5 -18 22.5 11
7332752 125.5 -18 23 11
7332796 125.5 -17.5 21.5 11
7332797 125.5 -17.5 22 11
7332798 125.5 -17.5 22.5 11
7332799 125.5 -17.5 23 11
7348306 126 -18 21.5 11
7348307 126 -18 22 11
7348308 126 -18 22.5 11
7348309 126 -18 23 11
7348353 126 -17.5 21.5 11
7348354 126 -17.5 22 11
7348355 126 -17.5 22.5 11
7348356 126 -17.5 23 11
7363863 126.5 -18 21.5 11
7363864 126.5 -18 22 11
7363865 126.5 -18 22.5 11
7363866 126.5 -18 23 11
7363910 126.5 -17.5 21.5 11
7363911 126.5 -17.5 22 11
7363912 126.5 -17.5 22.5 11
7363913 126.5 -17.5 23 11
7379420 127 -18 21.5 11
7379421 127 -18 22 11
7379422 127 -18 22.5 11
7379423 127 -18 23 11
7379467 127 -17.5 21.5 11
7379468 127 -17.5 22 11
7379469 127 -17.5 22.5 11
7379470 127 -17.5 23 11
7394977 127.5 -18 21.5 11
7394978 127.5 -18 22 11
7394979 127.5 -18 22.5 11
7394980 127.5 -18 23 11
7395024 127.5 -17.5 21.5 11
7395025 127.5 -17.5 22 11
7395026 127.5 -17.5 22.5 11
7395027 127.5 -17.5 23 11
7410534 128 -18 21.5 11
7410535 128 -18 22 11
7410536 128 -18 22.5 11
7410537 128 -18 23 11
7410581 128 -17.5 21.5 11
7410582 128 -17.5 22 11
7410583 128 -17.5 22.5 11
7410584 128 -17.5 23 11
7426091 128.5 -18 21.5 11
7426092 128.5 -18 22 11
7426093 128.5 -18 22.5 11
7426094 128.5 -18 23 11
7426138 128.5 -17.5 21.5 11
7426139 128.5 -17.5 22 11
7426140 128.5 -17.5 22.5 11
7426141 128.5 -17.5 23 11
7441648 129 -18 21.5 11
7441649 129 -18 22 11
7441650 129 -18 22.5 11
7441651 129 -18 23 11
7441695 129 -17.5 21.5 11
7441696 129 -17.5 22 11
7441697 129 -17.5 22.5 11
7441698 129 -17.5 23 11
7457205 129.5 -18 21.5 11
7457206 129.5 -18 22 11
7457207 129.5 -18 22.5 11
7457208 129.5 -18 23 11
7457252 129.5 -17.5 21.5 11
7457253 129.5 -17.5 22 11
7457254 129.5 -17.5 22.5 11
7457255 129.5 -17.5 23 11
7472762 130 -18 21.5 11
7472763 130 -18 22 11
7472764 130 -18 22.5 11
7472765 130 -18 23 11
7472809 130 -17.5 21.5 11
7472810 130 -17.5 22 11
7472811 130 -17.5 22.5 11
7472812 130 -17.5 23 11
7488319 130.5 -18 21.5 11
7488320 130.5 -18 22 11
7488321 130.5 -18 22.5 11
7488322 130.5 -18 23 11
7488366 130.5 -17.5 21.5 11
7488367 130.5 -17.5 22 11
7488368 130.5 -17.5 22.5 11
7488369 130.5 -17.5 23 11
7503876 131 -18 21.5 11
7503877 131 -18 22 11
7503878 131 -18 22.5 11
7503879 131 -18 23 11
7503923 131 -17.5 21.5 11
7503924 131 -17.5 22 11
7503925 131 -17.5 22.5 11
7503926 131 -17.5 23 11
7519433 131.5 -18 21.5 11
7519434 131.5 -18 22 11
7519435 131.5 -18 22.5 11
7519436 131.5 -18 23 11
7519480 131.5 -17.5 21.5 11
7519481 131.5 -17.5 22 11
7519482 131.5 -17.5 22.5 11
7519483 131.5 -17.5 23 11
7534990 132 -18 21.5 11
7534991 132 -18 22 11
7534992 132 -18 22.5 11
7534993 132 -18 23 11
7535037 132 -17.5 21.5 11
7535038 132 -17.5 22 11
7535039 132 -17.5 22.5 11
7535040 132 -17.5 23 11
7550547 132.5 -18 21.5 11
7550548 132.5 -18 22 11
7550549 132.5 -18 22.5 11
7550550 132.5 -18 23 11
7550594 132.5 -17.5 21.5 11
7550595 132.5 -17.5 22 11
7550596 132.5 -17.5 22.5 11
7550597 132.5 -17.5 23 11
7566104 133 -18 21.5 11
7566105 133 -18 22 11
7566106 133 -18 22.5 11
7566107 133 -18 23 11
7566151 133 -17.5 21.5 11
7566152 133 -17.5 22 11
7566153 133 -17.5 22.5 11
7566154 133 -17.5 23 11
7581661 133.5 -18 21.5 11
7581662 133.5 -18 22 11
7581663 133.5 -18 22.5 11
7581664 133.5 -18 23 11
7581708 133.5 -17.5 21.5 11
7581709 133.5 -17.5 22 11
7581710 133.5 -17.5 22.5 11
7581711 133.5 -17.5 23 11
7597218 134 -18 21.5 11
7597219 134 -18 22 11
7597220 134 -18 22.5 11
7597221 134 -18 23 11
7597265 134 -17.5 21.5 11
7597266 134 -17.5 22 11
7597267 134 -17.5 22.5 11
7597268 134 -17.5 23 11
7612775 134.5 -18 21.5 11
7612776 134.5 -18 22 11
7612777 134.5 -18 22.5 11
7612778 134.5 -18 23 11
7612822 134.5 -17.5 21.5 11
7612823 134.5 -17.5 22 11
7612824 134.5 -17.5 22.5 11
7612825 134.5 -17.5 23 11
7628332 135 -18 21.5 11
7628333 135 -18 22 11
7628334 135 -18 22.5 11
7628335 135 -18 23 11
7628379 135 -17.5 21.5 11
7628380 135 -17.5 22 11
7628381 135 -17.5 22.5 11
7628382 135 -17.5 23 11
7643889 135.5 -18 21.5 11
7643890 135.5 -18 22 11
7643891 135.5 -18 22.5 11
7643892 135.5 -18 23 11
7643936 135.5 -17.5 21.5 11
7643937 135.5 -17.5 22 11
7643938 135.5 -17.5 22.5 11
7643939 135.5 -17.5 23 11
7659446 136 -18 21.5 11
7659447 136 -18 22 11
7659448 136 -18 22.5 11
7659449 136 -18 23 11
7659493 136 -17.5 21.5 11
7659494 136 -17.5 22 11
7659495 136 -17.5 22.5 11
7659496 136 -17.5 23 11
7675003 136.5 -18 21.5 11
7675004 136.5 -18 22 11
7675005 136.5 -18 22.5 11
7675006 136.5 -18 23 11
7675050 136.5 -17.5 21.5 11
7675051 136.5 -17.5 22 11
7675052 136.5 -17.5 22.5 11
7675053 136.5 -17.5 23 11
7690560 137 -18 21.5 11
7690561 137 -18 22 11
7690562 137 -18 22.5 11
7690563 137 -18 23 11
7690607 137 -17.5 21.5 11
7690608 137 -17.5 22 11
7690609 137 -17.5 22.5 11
7690610 137 -17.5 23 11
7706117 137.5 -18 21.5 11
7706118 137.5 -18 22 11
7706119 137.5 -18 22.5 11
7706120 137.5 -18 23 11
7706164 137.5 -17.5 21.5 11
7706165 137.5 -17.5 22 11
7706166 137.5 -17.5 22.5 11
7706167 137.5 -17.5 23 11
7721674 138 -18 21.5 11
7721675 138 -18 22 11
7721676 138 -18 22.5 11
7721677 138 -18 23 11
7721721 138 -17.5 21.5 11
7721722 138 -17.5 22 11
7721723 138 -17.5 22.5 11
7721724 138 -17.5 23 11
7737231 138.5 -18 21.5 11
7737232 138.5 -18 22 11
7737233 138.5 -18 22.5 11
7737234 138.5 -18 23 11
7737278 138.5 -17.5 21.5 11
7737279 138.5 -17.5 22 11
7737280 138.5 -17.5 22.5 11
7737281 138.5 -17.5 23 11
7752788 139 -18 21.5 11
7752789 139 -18 22 11
7752790 139 -18 22.5 11
7752791 139 -18 23 11
7752835 139 -17.5 21.5 11
7752836 139 -17.5 22 11
7752837 139 -17.5 22.5 11
7752838 139 -17.5 23 11
7768345 139.5 -18 21.5 11
7768346 139.5 -18 22 11
7768347 139.5 -18 22.5 11
7768348 139.5 -18 23 11
7768392 139.5 -17.5 21.5 11
7768393 139.5 -17.5 22 11
7768394 139.5 -17.5 22.5 11
7768395 139.5 -17.5 23 11
7783902 140 -18 21.5 11
7783903 140 -18 22 11
7783904 140 -18 22.5 11
7783905 140 -18 23 11
7783949 140 -17.5 21.5 11
7783950 140 -17.5 22 11
7783951 140 -17.5 22.5 11
7783952 140 -17.5 23 11
7799459 140.5 -18 21.5 11
7799460 140.5 -18 22 11
7799461 140.5 -18 22.5 11
7799462 140.5 -18 23 11
7799506 140.5 -17.5 21.5 11
7799507 140.5 -17.5 22 11
7799508 140.5 -17.5 22.5 11
7799509 140.5 -17.5 23 11
7815016 141 -18 21.5 11
7815017 141 -18 22 11
7815018 141 -18 22.5 11
7815019 141 -18 23 11
7815063 141 -17.5 21.5 11
7815064 141 -17.5 22 11
7815065 141 -17.5 22.5 11
7815066 141 -17.5 23 11
7830573 141.5 -18 21.5 11
7830574 141.5 -18 22 11
7830575 141.5 -18 22.5 11
7830576 141.5 -18 23 11
7830620 141.5 -17.5 21.5 11
7830621 141.5 -17.5 22 11
7830622 141.5 -17.5 22.5 11
7830623 141.5 -17.5 23 11
7846130 142 -18 21.5 11
7846131 142 -18 22 11
7846132 142 -18 22.5 11
7846133 142 -18 23 11
7846177 142 -17.5 21.5 11
7846178 142 -17.5 22 11
7846179 142 -17.5 22.5 11
7846180 142 -17.5 23 11
7861687 142.5 -18 21.5 11
7861688 142.5 -18 22 11
7861689 142.5 -18 22.5 11
7861690 142.5 -18 23 11
7861734 142.5 -17.5 21.5 11
7861735 142.5 -17.5 22 11
7861736 142.5 -17.5 22.5 11
7861737 142.5 -17.5 23 11
7877244 143 -18 21.5 11
7877245 143 -18 22 11
7877246 143 -18 22.5 11
7877247 143 -18 23 11
7877291 143 -17.5 21.5 11
7877292 143 -17.5 22 11
7877293 143 -17.5 22.5 11
7877294 143 -17.5 23 11
7892801 143.5 -18 21.5 11
7892802 143.5 -18 22 11
7892803 143.5 -18 22.5 11
7892804 143.5 -18 23 11
7892848 143.5 -17.5 21.5 11
7892849 143.5 -17.5 22 11
7892850 143.5 -17.5 22.5 11
7892851 143.5 -17.5 23 11
7908358 144 -18 21.5 11
7908359 144 -18 22 11
7908360 144 -18 22.5 11
7908361 144 -18 23 11
7908405 144 -17.5 21.5 11
7908406 144 -17.5 22 11
7908407 144 -17.5 22.5 11
7908408 144 -17.5 23 11
7923915 144.5 -18 21.5 11
7923916 144.5 -18 22 11
7923917 144.5 -18 22.5 11
7923918 144.5 -18 23 11
7923962 144.5 -17.5 21.5 11
7923963 144.5 -17.5 22 11
7923964 144.5 -17.5 22.5 11
7923965 144.5 -17.5 23 11
7939472 145 -18 21.5 11
7939473 145 -18 22 11
7939474 145 -18 22.5 11
7939475 145 -18 23 11
7939519 145 -17.5 21.5 11
7939520 145 -17.5 22 11
7939521 145 -17.5 22.5 11
7939522 145 -17.5 23 11
7955029 145.5 -18 21.5 11
7955030 145.5 -18 22 11
7955031 145.5 -18 22.5 11
7955032 145.5 -18 23 11
7955076 145.5 -17.5 21.5 11
7955077 145.5 -17.5 22 11
7955078 145.5 -17.5 22.5 11
7955079 145.5 -17.5 23 11
7970586 146 -18 21.5 11
7970587 146 -18 22 11
7970588 146 -18 22.5 11
7970589 146 -18 23 11
7970633 146 -17.5 21.5 11
7970634 146 -17.5 22 11
7970635 146 -17.5 22.5 11
7970636 146 -17.5 23 11
7986143 146.5 -18 21.5 11
7986144 146.5 -18 22 11
7986145 146.5 -18 22.5 11
7986146 146.5 -18 23 11
7986190 146.5 -17.5 21.5 11
7986191 146.5 -17.5 22 11
7986192 146.5 -17.5 22.5 11
7986193 146.5 -17.5 23 11
8001700 147 -18 21.5 11
8001701 147 -18 22 11
8001702 147 -18 22.5 11
8001703 147 -18 23 11
8001747 147 -17.5 21.5 11
8001748 147 -17.5 22 11
8001749 147 -17.5 22.5 11
8001750 147 -17.5 23 11
8017257 147.5 -18 21.5 11
8017258 147.5 -18 22 11
8017259 147.5 -18 22.5 11
8017260 147.5 -18 23 11
8017304 147.5 -17.5 21.5 11
8017305 147.5 -17.5 22 11
8017306 147.5 -17.5 22.5 11
8017307 147.5 -17.5 23 11
8032814 148 -18 21.5 11
8032815 148 -18 22 11
8032816 148 -18 22.5 11
8032817 148 -18 23 11
8032861 148 -17.5 21.5 11
8032862 148 -17.5 22 11
8032863 148 -17.5 22.5 11
8032864 148 -17.5 23 11
8048371 148.5 -18 21.5 11
8048372 148.5 -18 22 11
8048373 148.5 -18 22.5 11
8048374 148.5 -18 23 11
8048418 148.5 -17.5 21.5 11
8048419 148.5 -17.5 22 11
8048420 148.5 -17.5 22.5 11
8048421 148.5 -17.5 23 11
8063928 149 -18 21.5 11
8063929 149 -18 22 11
8063930 149 -18 22.5 11
8063931 149 -18 23 11
8063975 149 -17.5 21.5 11
8063976 149 -17.5 22 11
8063977 149 -17.5 22.5 11
8063978 149 -17.5 23 11
8079485 149.5 -18 21.5 11
8079486 149.5 -18 22 11
8079487 149.5 -18 22.5 11
8079488 149.5 -18 23 11
8079532 149.5 -17.5 21.5 11
8079533 149.5 -17.5 22 11
8079534 149.5 -17.5 22.5 11
8079535 149.5 -17.5 23 11
8095042 150 -18 21.5 11
8095043 150 -18 22 11
8095044 150 -18 22.5 11
8095045 150 -18 23 11
8095089 150 -17.5 21.5 11
8095090 150 -17.5 22 11
8095091 150 -17.5 22.5 11
8095092 150 -17.5 23 11
8110599 150.5 -18 21.5 11
8110600 150.5 -18 22 11
8110601 150.5 -18 22.5 11
8110602 150.5 -18 23 11
8110646 150.5 -17.5 21.5 11
8110647 150.5 -17.5 22 11
8110648 150.5 -17.5 22.5 11
8110649 150.5 -17.5 23 11
8126156 151 -18 21.5 11
8126157 151 -18 22 11
8126158 151 -18 22.5 11
8126159 151 -18 23 11
8126203 151 -17.5 21.5 11
8126204 151 -17.5 22 11
8126205 151 -17.5 22.5 11
8126206 151 -17.5 23 11
8141713 151.5 -18 21.5 11
8141714 151.5 -18 22 11
8141715 151.5 -18 22.5 11
8141716 151.5 -18 23 11
8141760 151.5 -17.5 21.5 11
8141761 151.5 -17.5 22 11
8141762 151.5 -17.5 22.5 11
8141763 151.5 -17.5 23 11
8157270 152 -18 21.5 11
8157271 152 -18 22 11
8157272 152 -18 22.5 11
8157273 152 -18 23 11
8157317 152 -17.5 21.5 11
8157318 152 -17.5 22 11
8157319 152 -17.5 22.5 11
8157320 152 -17.5 23 11
8172827 152.5 -18 21.5 11
8172828 152.5 -18 22 11
8172829 152.5 -18 22.5 11
8172830 152.5 -18 23 11
8172874 152.5 -17.5 21.5 11
8172875 152.5 -17.5 22 11
8172876 152.5 -17.5 22.5 11
8172877 152.5 -17.5 23 11
8188384 153 -18 21.5 11
8188385 153 -18 22 11
8188386 153 -18 22.5 11
8188387 153 -18 23 11
8188431 153 -17.5 21.5 11
8188432 153 -17.5 22 11
8188433 153 -17.5 22.5 11
8188434 153 -17.5 23 11
8203941 153.5 -18 21.5 11
8203942 153.5 -18 22 11
8203943 153.5 -18 22.5 11
8203944 153.5 -18 23 11
8203988 153.5 -17.5 21.5 11
8203989 153.5 -17.5 22 11
8203990 153.5 -17.5 22.5 11
8203991 153.5 -17.5 23 11
8219498 154 -18 21.5 11
8219499 154 -18 22 11
8219500 154 -18 22.5 11
8219501 154 -18 23 11
8219545 154 -17.5 21.5 11
8219546 154 -17.5 22 11
8219547 154 -17.5 22.5 11
8219548 154 -17.5 23 11
8235055 154.5 -18 21.5 11
8235056 154.5 -18 22 11
8235057 154.5 -18 22.5 11
8235058 154.5 -18 23 11
8235102 154.5 -17.5 21.5 11
8235103 154.5 -17.5 22 11
8235104 154.5 -17.5 22.5 11
8235105 154.5 -17.5 23 11
8250612 155 -18 21.5 11
8250613 155 -18 22 11
8250614 155 -18 22.5 11
8250615 155 -18 23 11
8250659 155 -17.5 21.5 11
8250660 155 -17.5 22 11
8250661 155 -17.5 22.5 11
8250662 155 -17.5 23 11
8266169 155.5 -18 21.5 11
8266170 155.5 -18 22 11
8266171 155.5 -18 22.5 11
8266172 155.5 -18 23 11
8266216 155.5 -17.5 21.5 11
8266217 155.5 -17.5 22 11
8266218 155.5 -17.5 22.5 11
8266219 155.5 -17.5 23 11
8281726 156 -18 21.5 11
8281727 156 -18 22 11
8281728 156 -18 22.5 11
8281729 156 -18 23 11
8281773 156 -17.5 21.5 11
8281774 156 -17.5 22 11
8281775 156 -17.5 22.5 11
8281776 156 -17.5 23 11
8297283 156.5 -18 21.5 11
8297284 156.5 -18 22 11
8297285 156.5 -18 22.5 11
8297286 156.5 -18 23 11
8297330 156.5 -17.5 21.5 11
8297331 156.5 -17.5 22 11
8297332 156.5 -17.5 22.5 11
8297333 156.5 -17.5 23 11
8312840 157 -18 21.5 11
8312841 157 -18 22 11
8312842 157 -18 22.5 11
8312843 157 -18 23 11
8312887 157 -17.5 21.5 11
8312888 157 -17.5 22 11
8312889 157 -17.5 22.5 11
8312890 157 -17.5 23 11
8328397 157.5 -18 21.5 11
8328398 157.5 -18 22 11
8328399 157.5 -18 22.5 11
8328400 157.5 -18 23 11
8328444 157.5 -17.5 21.5 11
8328445 157.5 -17.5 22 11
8328446 157.5 -17.5 22.5 11
8328447 157.5 -17.5 23 11
8343954 158 -18 21.5 11
8343955 158 -18 22 11
8343956 158 -18 22.5 11
8343957 158 -18 23 11
8344001 158 -17.5 21.5 11
8344002 158 -17.5 22 11
8344003 158 -17.5 22.5 11
8344004 158 -17.5 23 11
8359511 158.5 -18 21.5 11
8359512 158.5 -18 22 11
8359513 158.5 -18 22.5 11
8359514 158.5 -18 23 11
8359558 158.5 -17.5 21.5 11
8359559 158.5 -17.5 22 11
8359560 158.5 -17.5 22.5 11
8359561 158.5 -17.5 23 11
8375068 159 -18 21.5 11
8375069 159 -18 22 11
8375070 159 -18 22.5 11
8375071 159 -18 23 11
8375115 159 -17.5 21.5 11
8375116 159 -17.5 22 11
8375117 159 -17.5 22.5 11
8375118 159 -17.5 23 11
8390625 159.5 -18 21.5 11
8390626 159.5 -18 22 11
8390627 159.5 -18 22.5 11
8390628 159.5 -18 23 11
8390672 159.5 -17.5 21.5 11
8390673 159.5 -17.5 22 11
8390674 159.5 -17.5 22.5 11
8390675 159.5 -17.5 23 11
8406182 160 -18 21.5 11
8406183 160 -18 22 11
8406184 160 -18 22.5 11
8406185 160 -18 23 11
8406229 160 -17.5 21.5 11
8406230 160 -17.5 22 11
8406231 160 -17.5 22.5 11
8406232 160 -17.5 23 11
8421739 160.5 -18 21.5 11
8421740 160.5 -18 22 11
8421741 160.5 -18 22.5 11
8421742 160.5 -18 23 11
8421786 160.5 -17.5 21.5 11
8421787 160.5 -17.5 22 11
8421788 160.5 -17.5 22.5 11
8421789 160.5 -17.5 23 11
8437296 161 -18 21.5 11
8437297 161 -18 22 11
8437298 161 -18 22.5 11
8437299 161 -18 23 11
8437343 161 -17.5 21.5 11
8437344 161 -17.5 22 11
8437345 161 -17.5 22.5 11
8437346 161 -17.5 23 11
8452853 161.5 -18 21.5 11
8452854 161.5 -18 22 11
8452855 161.5 -18 22.5 11
8452856 161.5 -18 23 11
8452900 161.5 -17.5 21.5 11
8452901 161.5 -17.5 22 11
8452902 161.5 -17.5 22.5 11
8452903 161.5 -17.5 23 11
8468410 162 -18 21.5 11
8468411 162 -18 22 11
8468412 162 -18 22.5 11
8468413 162 -18 23 11
8468457 162 -17.5 21.5 11
8468458 162 -17.5 22 11
8468459 162 -17.5 22.5 11
8468460 162 -17.5 23 11
8483967 162.5 -18 21.5 11
8483968 162.5 -18 22 11
8483969 162.5 -18 22.5 11
8483970 162.5 -18 23 11
8484014 162.5 -17.5 21.5 11
8484015 162.5 -17.5 22 11
8484016 162.5 -17.5 22.5 11
8484017 162.5 -17.5 23 11
8499524 163 -18 21.5 11
8499525 163 -18 22 11
8499526 163 -18 22.5 11
8499527 163 -18 23 11
8499571 163 -17.5 21.5 11
8499572 163 -17.5 22 11
8499573 163 -17.5 22.5 11
8499574 163 -17.5 23 11
8515081 163.5 -18 21.5 11
8515082 163.5 -18 22 11
8515083 163.5 -18 22.5 11
8515084 163.5 -18 23 11
8515128 163.5 -17.5 21.5 11
8515129 163.5 -17.5 22 11
8515130 163.5 -17.5 22.5 11
8515131 163.5 -17.5 23 11
8530638 164 -18 21.5 11
8530639 164 -18 22 11
8530640 164 -18 22.5 11
8530641 164 -18 23 11
8530685 164 -17.5 21.5 11
8530686 164 -17.5 22 11
8530687 164 -17.5 22.5 11
8530688 164 -17.5 23 11
8546195 164.5 -18 21.5 11
8546196 164.5 -18 22 11
8546197 164.5 -18 22.5 11
8546198 164.5 -18 23 11
8546242 164.5 -17.5 21.5 11
8546243 164.5 -17.5 22 11
8546244 164.5 -17.5 22.5 11
8546245 164.5 -17.5 23 11
8561752 165 -18 21.5 11
8561753 165 -18 22 11
8561754 165 -18 22.5 11
8561755 165 -18 23 11
8561799 165 -17.5 21.5 11
8561800 165 -17.5 22 11
8561801 165 -17.5 22.5 11
8561802 165 -17.5 23 11
8577309 165.5 -18 21.5 11
8577310 165.5 -18 22 11
8577311 165.5 -18 22.5 11
8577312 165.5 -18 23 11
8577356 165.5 -17.5 21.5 11
8577357 165.5 -17.5 22 11
8577358 165.5 -17.5 22.5 11
8577359 165.5 -17.5 23 11
8592866 166 -18 21.5 11
8592867 166 -18 22 11
8592868 166 -18 22.5 11
8592869 166 -18 23 11
8592913 166 -17.5 21.5 11
8592914 166 -17.5 22 11
8592915 166 -17.5 22.5 11
8592916 166 -17.5 23 11
8608423 166.5 -18 21.5 11
8608424 166.5 -18 22 11
8608425 166.5 -18 22.5 11
8608426 166.5 -18 23 11
8608470 166.5 -17.5 21.5 11
8608471 166.5 -17.5 22 11
8608472 166.5 -17.5 22.5 11
8608473 166.5 -17.5 23 11
8623980 167 -18 21.5 11
8623981 167 -18 22 11
8623982 167 -18 22.5 11
8623983 167 -18 23 11
8624027 167 -17.5 21.5 11
8624028 167 -17.5 22 11
8624029 167 -17.5 22.5 11
8624030 167 -17.5 23 11
8639537 167.5 -18 21.5 11
8639538 167.5 -18 22 11
8639539 167.5 -18 22.5 11
8639540 167.5 -18 23 11
8639584 167.5 -17.5 21.5 11
8639585 167.5 -17.5 22 11
8639586 167.5 -17.5 22.5 11
8639587 167.5 -17.5 23 11
8655094 168 -18 21.5 11
8655095 168 -18 22 11
8655096 168 -18 22.5 11
8655097 168 -18 23 11
8655141 168 -17.5 21.5 11
8655142 168 -17.5 22 11
8655143 168 -17.5 22.5 11
8655144 168 -17.5 23 11
8670651 168.5 -18 21.5 11
8670652 168.5 -18 22 11
8670653 168.5 -18 22.5 11
8670654 168.5 -18 23 11
8670698 168.5 -17.5 21.5 11
8670699 168.5 -17.5 22 11
8670700 168.5 -17.5 22.5 11
8670701 168.5 -17.5 23 11
8686208 169 -18 21.5 11
8686209 169 -18 22 11
8686210 169 -18 22.5 11
8686211 169 -18 23 11
8686255 169 -17.5 21.5 11
8686256 169 -17.5 22 11
8686257 169 -17.5 22.5 11
8686258 169 -17.5 23 11
8701765 169.5 -18 21.5 11
8701766 169.5 -18 22 11
8701767 169.5 -18 22.5 11
8701768 169.5 -18 23 11
8701812 169.5 -17.5 21.5 11
8701813 169.5 -17.5 22 11
8701814 169.5 -17.5 22.5 11
8701815 169.5 -17.5 23 11
8717322 170 -18 21.5 11
8717323 170 -18 22 11
8717324 170 -18 22.5 11
8717325 170 -18 23 11
8717369 170 -17.5 21.5 11
8717370 170 -17.5 22 11
8717371 170 -17.5 22.5 11
8717372 170 -17.5 23 11
8732879 170.5 -18 21.5 11
8732880 170.5 -18 22 11
8732881 170.5 -18 22.5 11
8732882 170.5 -18 23 11
8732926 170.5 -17.5 21.5 11
8732927 170.5 -17.5 22 11
8732928 170.5 -17.5 22.5 11
8732929 170.5 -17.5 23 11
8748436 171 -18 21.5 11
8748437 171 -18 22 11
8748438 171 -18 22.5 11
8748439 171 -18 23 11
8748483 171 -17.5 21.5 11
8748484 171 -17.5 22 11
8748485 171 -17.5 22.5 11
8748486 171 -17.5 23 11
8763993 171.5 -18 21.5 11
8763994 171.5 -18 22 11
8763995 171.5 -18 22.5 11
8763996 171.5 -18 23 11
8764040 171.5 -17.5 21.5 11
8764041 171.5 -17.5 22 11
8764042 171.5 -17.5 22.5 11
8764043 171.5 -17.5 23 11
8779550 172 -18 21.5 11
8779551 172 -18 22 11
8779552 172 -18 22.5 11
8779553 172 -18 23 11
8779597 172 -17.5 21.5 11
8779598 172 -17.5 22 11
8779599 172 -17.5 22.5 11
8779600 172 -17.5 23 11
8795107 172.5 -18 21.5 11
8795108 172.5 -18 22 11
8795109 172.5 -18 22.5 11
8795110 172.5 -18 23 11
8795154 172.5 -17.5 21.5 11
8795155 172.5 -17.5 22 11
8795156 172.5 -17.5 22.5 11
8795157 172.5 -17.5 23 11
8810664 173 -18 21.5 11
8810665 173 -18 22 11
8810666 173 -18 22.5 11
8810667 173 -18 23 11
8810711 173 -17.5 21.5 11
8810712 173 -17.5 22 11
8810713 173 -17.5 22.5 11
8810714 173 -17.5 23 11
8826221 173.5 -18 21.5 11
8826222 173.5 -18 22 11
8826223 173.5 -18 22.5 11
8826224 173.5 -18 23 11
8826268 173.5 -17.5 21.5 11
8826269 173.5 -17.5 22 11
8826270 173.5 -17.5 22.5 11
8826271 173.5 -17.5 23 11
8841778 174 -18 21.5 11
8841779 174 -18 22 11
8841780 174 -18 22.5 11
8841781 174 -18 23 11
8841825 174 -17.5 21.5 11
8841826 174 -17.5 22 11
8841827 174 -17.5 22.5 11
8841828 174 -17.5 23 11
8857335 174.5 -18 21.5 11
8857336 174.5 -18 22 11
8857337 174.5 -18 22.5 11
8857338 174.5 -18 23 11
8857382 174.5 -17.5 21.5 11
8857383 174.5 -17.5 22 11
8857384 174.5 -17.5 22.5 11
8857385 174.5 -17.5 23 11
8872892 175 -18 21.5 11
8872893 175 -18 22 11
8872894 175 -18 22.5 11
8872895 175 -18 23 11
8872939 175 -17.5 21.5 11
8872940 175 -17.5 22 11
8872941 175 -17.5 22.5 11
8872942 175 -17.5 23 11
8888449 175.5 -18 21.5 11
8888450 175.5 -18 22 11
8888451 175.5 -18 22.5 11
8888452 175.5 -18 23 11
8888496 175.5 -17.5 21.5 11
8888497 175.5 -17.5 22 11
8888498 175.5 -17.5 22.5 11
8888499 175.5 -17.5 23 11
8904006 176 -18 21.5 11
8904007 176 -18 22 11
8904008 176 -18 22.5 11
8904009 176 -18 23 11
8904053 176 -17.5 21.5 11
8904054 176 -17.5 22 11
8904055 176 -17.5 22.5 11
8904056 176 -17.5 23 11
8919563 176.5 -18 21.5 11
8919564 176.5 -18 22 11
8919565 176.5 -18 22.5 11
8919566 176.5 -18 23 11
8919610 176.5 -17.5 21.5 11
8919611 176.5 -17.5 22 11
8919612 176.5 -17.5 22.5 11
8919613 176.5 -17.5 23 11
8935120 177 -18 21.5 11
8935121 177 -18 22 11
8935122 177 -18 22.5 11
8935123 177 -18 23 11
8935167 177 -17.5 21.5 11
8935168 177 -17.5 22 11
8935169 177 -17.5 22.5 11
8935170 177 -17.5 23 11
8950677 177.5 -18 21.5 11
8950678 177.5 -18 22 11
8950679 177.5 -18 22.5 11
8950680 177.5 -18 23 11
8950724 177.5 -17.5 21.5 11
8950725 177.5 -17.5 22 11
8950726 177.5 -17.5 22.5 11
8950727 177.5 -17.5 23 11
8966234 178 -18 21.5 11
8966235 178 -18 22 11
8966236 178 -18 22.5 11
8966237 178 -18 23 11
8966281 178 -17.5 21.5 11
8966282 178 -17.5 22 11
8966283 178 -17.5 22.5 11
8966284 178 -17.5 23 11
8981791 178.5 -18 21.5 11
8981792 178.5 -18 22 11
8981793 178.5 -18 22.5 11
8981794 178.5 -18 23 11
8981838 178.5 -17.5 21.5 11
8981839 178.5 -17.5 22 11
8981840 178.5 -17.5 22.5 11
8981841 178.5 -17.5 23 11
8997348 179 -18 21.5 11
8997349 179 -18 22 11
8997350 179 -18 22.5 11
8997351 179 -18 23 11
8997395 179 -17.5 21.5 11
8997396 179 -17.5 22 11
8997397 179 -17.5 22.5 11
8997398 179 -17.5 23 11
9012905 179.5 -18 21.5 11
9012906 179.5 -18 22 11
9012907 179.5 -18 22.5 11
9012908 179.5 -18 23 11
9012952 179.5 -17.5 21.5 11
9012953 179.5 -17.5 22 11
9012954 179.5 -17.5 22.5 11
9012955 179.5 -17.5 23 11
9028462 180 -18 21.5 11
9028463 180 -18 22 11
9028464 180 -18 22.5 11
9028465 180 -18 23 11
9028509 180 -17.5 21.5 11
9028510 180 -17.5 22 11
9028511 180 -17.5 22.5 11
9028512 180 -17.5 23 11
9044019 180.5 -18 21.5 11
9044020 180.5 -18 22 11
9044021 180.5 -18 22.5 11
9044022 180.5 -18 23 11
9044066 180.5 -17.5 21.5 11
9044067 180.5 -17.5 22 11
9044068 180.5 -17.5 22.5 11
9044069 180.5 -17.5 23 11
9059576 181 -18 21.5 11
9059577 181 -18 22 11
9059578 181 -18 22.5 11
9059579 181 -18 23 11
9059623 181 -17.5 21.5 11
9059624 181 -17.5 22 11
9059625 181 -17.5 22.5 11
9059626 181 -17.5 23 11
9075133 181.5 -18 21.5 11
9075134 181.5 -18 22 11
9075135 181.5 -18 22.5 11
9075136 181.5 -18 23 11
9075180 181.5 -17.5 21.5 11
9075181 181.5 -17.5 22 11
9075182 181.5 -17.5 22.5 11
9075183 181.5 -17.5 23 11
9090690 182 -18 21.5 11
9090691 182 -18 22 11
9090692 182 -18 22.5 11
9090693 182 -18 23 11
9090737 182 -17.5 21.5 11
9090738 182 -17.5 22 11
9090739 182 -17.5 22.5 11
9090740 182 -17.5 23 11
9106247 182.5 -18 21.5 11
9106248 182.5 -18 22 11
9106249 182.5 -18 22.5 11
9106250 182.5 -18 23 11
9106294 182.5 -17.5 21.5 11
9106295 182.5 -17.5 22 11
9106296 182.5 -17.5 22.5 11
9106297 182.5 -17.5 23 11
9121804 183 -18 21.5 11
9121805 183 -18 22 11
9121806 183 -18 22.5 11
9121807 183 -18 23 11
9121851 183 -17.5 21.5 11
9121852 183 -17.5 22 11
9121853 183 -17.5 22.5 11
9121854 183 -17.5 23 11
9137361 183.5 -18 21.5 11
9137362 183.5 -18 22 11
9137363 183.5 -18 22.5 11
9137364 183.5 -18 23 11
9137408 183.5 -17.5 21.5 11
9137409 183.5 -17.5 22 11
9137410 183.5 -17.5 22.5 11
9137411 183.5 -17.5 23 11
9152918 184 -18 21.5 11
9152919 184 -18 22 11
9152920 184 -18 22.5 11
9152921 184 -18 23 11
9152965 184 -17.5 21.5 11
9152966 184 -17.5 22 11
9152967 184 -17.5 22.5 11
9152968 184 -17.5 23 11
9168475 184.5 -18 21.5 11
9168476 184.5 -18 22 11
9168477 184.5 -18 22.5 11
9168478 184.5 -18 23 11
9168522 184.5 -17.5 21.5 11
9168523 184.5 -17.5 22 11
9168524 184.5 -17.5 22.5 11
9168525 184.5 -17.5 23 11
9184032 185 -18 21.5 11
9184033 185 -18 22 11
9184034 185 -18 22.5 11
9184035 185 -18 23 11
9184079 185 -17.5 21.5 11
9184080 185 -17.5 22 11
9184081 185 -17.5 22.5 11
9184082 185 -17.5 23 11
9199589 185.5 -18 21.5 11
9199590 185.5 -18 22 11
9199591 185.5 -18 22.5 11
9199592 185.5 -18 23 11
9199636 185.5 -17.5 21.5 11
9199637 185.5 -17.5 22 11
9199638 185.5 -17.5 22.5 11
9199639 185.5 -17.5 23 11
9215146 186 -18 21.5 11
9215147 186 -18 22 11
9215148 186 -18 22.5 11
9215149 186 -18 23 11
9215193 186 -17.5 21.5 11
9215194 186 -17.5 22 11
9215195 186 -17.5 22.5 11
9215196 186 -17.5 23 11
9230703 186.5 -18 21.5 11
9230704 186.5 -18 22 11
9230705 186.5 -18 22.5 11
9230706 186.5 -18 23 11
9230750 186.5 -17.5 21.5 11
9230751 186.5 -17.5 22 11
9230752 186.5 -17.5 22.5 11
9230753 186.5 -17.5 23 11
9246260 187 -18 21.5 11
9246261 187 -18 22 11
9246262 187 -18 22.5 11
9246263 187 -18 23 11
9246307 187 -17.5 21.5 11
9246308 187 -17.5 22 11
9246309 187 -17.5 22.5 11
9246310 187 -17.5 23 11
