2779530 -21 35 21.5 13
2779531 -21 35 22 13
2779532 -21 35 22.5 13
2779533 -21 35 23 13
2779577 -21 35.5 21.5 13
2779578 -21 35.5 22 13
2779579 -21 35.5 22.5 13
2779580 -21 35.5 23 13
2795087 -20.5 35 21.5 13
2795088 -20.5 35 22 13
2795089 -20.5 35 22.5 13
2795090 -20.5 35 23 13
2795134 -20.5 35.5 21.5 13
2795135 -20.5 35.5 22 13
2795136 -20.5 35.5 22.5 13
2795137 -20.5 35.5 23 13
2810644 -20 35 21.5 13
2810645 -20 35 22 13
2810646 -20 35 22.5 13
2810647 -20 35 23 13
2810691 -20 35.5 21.5 13
2810692 -20 35.5 22 13
2810693 -20 35.5 22.5 13
2810694 -20 35.5 23 13
2826201 -19.5 35 21.5 13
2826202 -19.5 35 22 13
2826203 -19.5 35 22.5 13
2826204 -19.5 35 23 13
2826248 -19.5 35.5 21.5 13
2826249 -19.5 35.5 22 13
2826250 -19.5 35.5 22.5 13
2826251 -19.5 35.5 23 13
2841758 -19 35 21.5 13
2841759 -19 35 22 13
2841760 -19 35 22.5 13
2841761 -19 35 23 13
2841805 -19 35.5 21.5 13
2841806 -19 35.5 22 13
2841807 -19 35.5 22.5 13
2841808 -19 35.5 23 13
2857315 -18.5 35 21.5 13
2857316 -18.5 35 22 13
2857317 -18.5 35 22.5 13
2857318 -18.5 35 23 13
2857362 -18.5 35.5 21.5 13
2857363 -18.5 35.5 22 13
2857364 -18.5 35.5 22.5 13
2857365 -18.5 35.5 23 13
2872872 -18 35 21.5 13
2872873 -18 35 22 13
2872874 -18 35 22.5 13
2872875 -18 35 23 13
2872919 -18 35.5 21.5 13
2872920 -18 35.5 22 13
2872921 -18 35.5 22.5 13
2872922 -18 35.5 23 13
2888429 -17.5 35 21.5 13
2888430 -17.5 35 22 13
2888431 -17.5 35 22.5 13
2888432 -17.5 35 23 13
2888476 -17.5 35.5 21.5 13
2888477 -17.5 35.5 22 13
2888478 -17.5 35.5 22.5 13
2888479 -17.5 35.5 23 13
2903986 -17 35 21.5 13
2903987 -17 35 22 13
2903988 -17 35 22.5 13
2903989 -17 35 23 13
2904033 -17 35.5 21.5 13
2904034 -17 35.5 22 13
2904035 -17 35.5 22.5 13
2904036 -17 35.5 23 13
2919543 -16.5 35 21.5 13
2919544 -16.5 35 22 13
2919545 -16.5 35 22.5 13
2919546 -16.5 35 23 13
2919590 -16.5 35.5 21.5 13
2919591 -16.5 35.5 22 13
2919592 -16.5 35.5 22.5 13
2919593 -16.5 35.5 23 13
2935100 -16 35 21.5 13
2935101 -16 35 22 13
2935102 -16 35 22.5 13
2935103 -16 35 23 13
2935147 -16 35.5 21.5 13
2935148 -16 35.5 22 13
2935149 -16 35.5 22.5 13
2935150 -16 35.5 23 13
2950657 -15.5 35 21.5 13
2950658 -15.5 35 22 13
2950659 -15.5 35 22.5 13
2950660 -15.5 35 23 13
2950704 -15.5 35.5 21.5 13
2950705 -15.5 35.5 22 13
2950706 -15.5 35.5 22.5 13
2950707 -15.5 35.5 23 13
2966214 -15 35 21.5 13
2966215 -15 35 22 13
2966216 -15 35 22.5 13
2966217 -15 35 23 13
2966261 -15 35.5 21.5 13
2966262 -15 35.5 22 13
2966263 -15 35.5 22.5 13
2966264 -15 35.5 23 13
2981771 -14.5 35 21.5 13
2981772 -14.5 35 22 13
2981773 -14.5 35 22.5 13
2981774 -14.5 35 23 13
2981818 -14.5 35.5 21.5 13
2981819 -14.5 35.5 22 13
2981820 -14.5 35.5 22.5 13
2981821 -14.5 35.5 23 13
2997328 -14 35 21.5 13
2997329 -14 35 22 13
2997330 -14 35 22.5 13
2997331 -14 35 23 13
2997375 -14 35.5 21.5 13
2997376 -14 35.5 22 13
2997377 -14 35.5 22.5 13
2997378 -14 35.5 23 13
3012885 -13.5 35 21.5 13
3012886 -13.5 35 22 13
3012887 -13.5 35 22.5 13
3012888 -13.5 35 23 13
3012932 -13.5 35.5 21.5 13
3012933 -13.5 35.5 22 13
3012934 -13.5 35.5 22.5 13
3012935 -13.5 35.5 23 13
3028442 -13 35 21.5 13
3028443 -13 35 22 13
3028444 -13 35 22.5 13
3028445 -13 35 23 13
3028489 -13 35.5 21.5 13
3028490 -13 35.5 22 13
3028491 -13 35.5 22.5 13
3028492 -13 35.5 23 13
3043999 -12.5 35 21.5 13
3044000 -12.5 35 22 13
3044001 -12.5 35 22.5 13
3044002 -12.5 35 23 13
3044046 -12.5 35.5 21.5 13
3044047 -12.5 35.5 22 13
3044048 -12.5 35.5 22.5 13
3044049 -12.5 35.5 23 13
3059556 -12 35 21.5 13
3059557 -12 35 22 13
3059558 -12 35 22.5 13
3059559 -12 35 23 13
3059603 -12 35.5 21.5 13
3059604 -12 35.5 22 13
3059605 -12 35.5 22.5 13
3059606 -12 35.5 23 13
3075113 -11.5 35 21.5 13
3075114 -11.5 35 22 13
3075115 -11.5 35 22.5 13
3075116 -11.5 35 23 13
3075160 -11.5 35.5 21.5 13
3075161 -11.5 35.5 22 13
3075162 -11.5 35.5 22.5 13
3075163 -11.5 35.5 23 13
3090670 -11 35 21.5 13
3090671 -11 35 22 13
3090672 -11 35 22.5 13
3090673 -11 35 23 13
3090717 -11 35.5 21.5 13
3090718 -11 35.5 22 13
3090719 -11 35.5 22.5 13
3090720 -11 35.5 23 13
3106227 -10.5 35 21.5 13
3106228 -10.5 35 22 13
3106229 -10.5 35 22.5 13
3106230 -10.5 35 23 13
3106274 -10.5 35.5 21.5 13
3106275 -10.5 35.5 22 13
3106276 -10.5 35.5 22.5 13
3106277 -10.5 35.5 23 13
3121784 -10 35 21.5 13
3121785 -10 35 22 13
3121786 -10 35 22.5 13
3121787 -10 35 23 13
3121831 -10 35.5 21.5 13
3121832 -10 35.5 22 13
3121833 -10 35.5 22.5 13
3121834 -10 35.5 23 13
3137341 -9.5 35 21.5 13
3137342 -9.5 35 22 13
3137343 -9.5 35 22.5 13
3137344 -9.5 35 23 13
3137388 -9.5 35.5 21.5 13
3137389 -9.5 35.5 22 13
3137390 -9.5 35.5 22.5 13
3137391 -9.5 35.5 23 13
3152898 -9 35 21.5 13
3152899 -9 35 22 13
3152900 -9 35 22.5 13
3152901 -9 35 23 13
3152945 -9 35.5 21.5 13
3152946 -9 35.5 22 13
3152947 -9 35.5 22.5 13
3152948 -9 35.5 23 13
3168455 -8.5 35 21.5 13
3168456 -8.5 35 22 13
3168457 -8.5 35 22.5 13
3168458 -8.5 35 23 13
3168502 -8.5 35.5 21.5 13
3168503 -8.5 35.5 22 13
3168504 -8.5 35.5 22.5 13
3168505 -8.5 35.5 23 13
3184012 -8 35 21.5 13
3184013 -8 35 22 13
3184014 -8 35 22.5 13
3184015 -8 35 23 13
3184059 -8 35.5 21.5 13
3184060 -8 35.5 22 13
3184061 -8 35.5 22.5 13
3184062 -8 35.5 23 13
3199569 -7.5 35 21.5 13
3199570 -7.5 35 22 13
3199571 -7.5 35 22.5 13
3199572 -7.5 35 23 13
3199616 -7.5 35.5 21.5 13
3199617 -7.5 35.5 22 13
3199618 -7.5 35.5 22.5 13
3199619 -7.5 35.5 23 13
3215126 -7 35 21.5 13
3215127 -7 35 22 13
3215128 -7 35 22.5 13
3215129 -7 35 23 13
3215173 -7 35.5 21.5 13
3215174 -7 35.5 22 13
3215175 -7 35.5 22.5 13
3215176 -7 35.5 23 13
3230683 -6.5 35 21.5 13
3230684 -6.5 35 22 13
3230685 -6.5 35 22.5 13
3230686 -6.5 35 23 13
3230730 -6.5 35.5 21.5 13
3230731 -6.5 35.5 22 13
3230732 -6.5 35.5 22.5 13
3230733 -6.5 35.5 23 13
3246240 -6 35 21.5 13
3246241 -6 35 22 13
3246242 -6 35 22.5 13
3246243 -6 35 23 13
3246287 -6 35.5 21.5 13
3246288 -6 35.5 22 13
3246289 -6 35.5 22.5 13
3246290 -6 35.5 23 13
3261797 -5.5 35 21.5 13
3261798 -5.5 35 22 13
3261799 -5.5 35 22.5 13
3261800 -5.5 35 23 13
3261844 -5.5 35.5 21.5 13
3261845 -5.5 35.5 22 13
3261846 -5.5 35.5 22.5 13
3261847 -5.5 35.5 23 13
3277354 -5 35 21.5 13
3277355 -5 35 22 13
3277356 -5 35 22.5 13
3277357 -5 35 23 13
3277401 -5 35.5 21.5 13
3277402 -5 35.5 22 13
3277403 -5 35.5 22.5 13
3277404 -5 35.5 23 13
3292911 -4.5 35 21.5 13
3292912 -4.5 35 22 13
3292913 -4.5 35 22.5 13
3292914 -4.5 35 23 13
3292958 -4.5 35.5 21.5 13
3292959 -4.5 35.5 22 13
3292960 -4.5 35.5 22.5 13
3292961 -4.5 35.5 23 13
3308468 -4 35 21.5 13
3308469 -4 35 22 13
3308470 -4 35 22.5 13
3308471 -4 35 23 13
3308515 -4 35.5 21.5 13
3308516 -4 35.5 22 13
3308517 -4 35.5 22.5 13
3308518 -4 35.5 23 13
3324025 -3.5 35 21.5 13
3324026 -3.5 35 22 13
3324027 -3.5 35 22.5 13
3324028 -3.5 35 23 13
3324072 -3.5 35.5 21.5 13
3324073 -3.5 35.5 22 13
3324074 -3.5 35.5 22.5 13
3324075 -3.5 35.5 23 13
3339582 -3 35 21.5 13
3339583 -3 35 22 13
3339584 -3 35 22.5 13
3339585 -3 35 23 13
3339629 -3 35.5 21.5 13
3339630 -3 35.5 22 13
3339631 -3 35.5 22.5 13
3339632 -3 35.5 23 13
3355139 -2.5 35 21.5 13
3355140 -2.5 35 22 13
3355141 -2.5 35 22.5 13
3355142 -2.5 35 23 13
3355186 -2.5 35.5 21.5 13
3355187 -2.5 35.5 22 13
3355188 -2.5 35.5 22.5 13
3355189 -2.5 35.5 23 13
3370696 -2 35 21.5 13
3370697 -2 35 22 13
3370698 -2 35 22.5 13
3370699 -2 35 23 13
3370743 -2 35.5 21.5 13
3370744 -2 35.5 22 13
3370745 -2 35.5 22.5 13
3370746 -2 35.5 23 13
3386253 -1.5 35 21.5 13
3386254 -1.5 35 22 13
3386255 -1.5 35 22.5 13
3386256 -1.5 35 23 13
3386300 -1.5 35.5 21.5 13
3386301 -1.5 35.5 22 13
3386302 -1.5 35.5 22.5 13
3386303 -1.5 35.5 23 13
3401810 -1 35 21.5 13
3401811 -1 35 22 13
3401812 -1 35 22.5 13
3401813 -1 35 23 13
3401857 -1 35.5 21.5 13
3401858 -1 35.5 22 13
3401859 -1 35.5 22.5 13
3401860 -1 35.5 23 13
3417367 -0.5 35 21.5 13
3417368 -0.5 35 22 13
3417369 -0.5 35 22.5 13
3417370 -0.5 35 23 13
3417414 -0.5 35.5 21.5 13
3417415 -0.5 35.5 22 13
3417416 -0.5 35.5 22.5 13
3417417 -0.5 35.5 23 13
3432924 0 35 21.5 13
3432925 0 35 22 13
3432926 0 35 22.5 13
3432927 0 35 23 13
3432971 0 35.5 21.5 13
3432972 0 35.5 22 13
3432973 0 35.5 22.5 13
3432974 0 35.5 23 13
3448481 0.5 35 21.5 13
3448482 0.5 35 22 13
3448483 0.5 35 22.5 13
3448484 0.5 35 23 13
3448528 0.5 35.5 21.5 13
3448529 0.5 35.5 22 13
3448530 0.5 35.5 22.5 13
3448531 0.5 35.5 23 13
3464038 1 35 21.5 13
3464039 1 35 22 13
3464040 1 35 22.5 13
3464041 1 35 23 13
3464085 1 35.5 21.5 13
3464086 1 35.5 22 13
3464087 1 35.5 22.5 13
3464088 1 35.5 23 13
3479595 1.5 35 21.5 13
3479596 1.5 35 22 13
3479597 1.5 35 22.5 13
3479598 1.5 35 23 13
3479642 1.5 35.5 21.5 13
3479643 1.5 35.5 22 13
3479644 1.5 35.5 22.5 13
3479645 1.5 35.5 23 13
3495152 2 35 21.5 13
3495153 2 35 22 13
3495154 2 35 22.5 13
3495155 2 35 23 13
3495199 2 35.5 21.5 13
3495200 2 35.5 22 13
3495201 2 35.5 22.5 13
3495202 2 35.5 23 13
3510709 2.5 35 21.5 13
3510710 2.5 35 22 13
3510711 2.5 35 22.5 13
3510712 2.5 35 23 13
3510756 2.5 35.5 21.5 13
3510757 2.5 35.5 22 13
3510758 2.5 35.5 22.5 13
3510759 2.5 35.5 23 13
3526266 3 35 21.5 13
3526267 3 35 22 13
3526268 3 35 22.5 13
3526269 3 35 23 13
3526313 3 35.5 21.5 13
3526314 3 35.5 22 13
3526315 3 35.5 22.5 13
3526316 3 35.5 23 13
3541823 3.5 35 21.5 13
3541824 3.5 35 22 13
3541825 3.5 35 22.5 13
3541826 3.5 35 23 13
3541870 3.5 35.5 21.5 13
3541871 3.5 35.5 22 13
3541872 3.5 35.5 22.5 13
3541873 3.5 35.5 23 13
3557380 4 35 21.5 13
3557381 4 35 22 13
3557382 4 35 22.5 13
3557383 4 35 23 13
3557427 4 35.5 21.5 13
3557428 4 35.5 22 13
3557429 4 35.5 22.5 13
3557430 4 35.5 23 13
3572937 4.5 35 21.5 13
3572938 4.5 35 22 13
3572939 4.5 35 22.5 13
3572940 4.5 35 23 13
3572984 4.5 35.5 21.5 13
3572985 4.5 35.5 22 13
3572986 4.5 35.5 22.5 13
3572987 4.5 35.5 23 13
3588494 5 35 21.5 13
3588495 5 35 22 13
3588496 5 35 22.5 13
3588497 5 35 23 13
3588541 5 35.5 21.5 13
3588542 5 35.5 22 13
3588543 5 35.5 22.5 13
3588544 5 35.5 23 13
3604051 5.5 35 21.5 13
3604052 5.5 35 22 13
3604053 5.5 35 22.5 13
3604054 5.5 35 23 13
3604098 5.5 35.5 21.5 13
3604099 5.5 35.5 22 13
3604100 5.5 35.5 22.5 13
3604101 5.5 35.5 23 13
3619608 6 35 21.5 13
3619609 6 35 22 13
3619610 6 35 22.5 13
3619611 6 35 23 13
3619655 6 35.5 21.5 13
3619656 6 35.5 22 13
3619657 6 35.5 22.5 13
3619658 6 35.5 23 13
3635165 6.5 35 21.5 13
3635166 6.5 35 22 13
3635167 6.5 35 22.5 13
3635168 6.5 35 23 13
3635212 6.5 35.5 21.5 13
3635213 6.5 35.5 22 13
3635214 6.5 35.5 22.5 13
3635215 6.5 35.5 23 13
3650722 7 35 21.5 13
3650723 7 35 22 13
3650724 7 35 22.5 13
3650725 7 35 23 13
3650769 7 35.5 21.5 13
3650770 7 35.5 22 13
3650771 7 35.5 22.5 13
3650772 7 35.5 23 13
3666279 7.5 35 21.5 13
3666280 7.5 35 22 13
3666281 7.5 35 22.5 13
3666282 7.5 35 23 13
3666326 7.5 35.5 21.5 13
3666327 7.5 35.5 22 13
3666328 7.5 35.5 22.5 13
3666329 7.5 35.5 23 13
3681836 8 35 21.5 13
3681837 8 35 22 13
3681838 8 35 22.5 13
3681839 8 35 23 13
3681883 8 35.5 21.5 13
3681884 8 35.5 22 13
3681885 8 35.5 22.5 13
3681886 8 35.5 23 13
3697393 8.5 35 21.5 13
3697394 8.5 35 22 13
3697395 8.5 35 22.5 13
3697396 8.5 35 23 13
3697440 8.5 35.5 21.5 13
3697441 8.5 35.5 22 13
3697442 8.5 35.5 22.5 13
3697443 8.5 35.5 23 13
3712950 9 35 21.5 13
3712951 9 35 22 13
3712952 9 35 22.5 13
3712953 9 35 23 13
3712997 9 35.5 21.5 13
3712998 9 35.5 22 13
3712999 9 35.5 22.5 13
3713000 9 35.5 23 13
3728507 9.5 35 21.5 13
3728508 9.5 35 22 13
3728509 9.5 35 22.5 13
3728510 9.5 35 23 13
3728554 9.5 35.5 21.5 13
3728555 9.5 35.5 22 13
3728556 9.5 35.5 22.5 13
3728557 9.5 35.5 23 13
3744064 10 35 21.5 13
3744065 10 35 22 13
3744066 10 35 22.5 13
3744067 10 35 23 13
3744111 10 35.5 21.5 13
3744112 10 35.5 22 13
3744113 10 35.5 22.5 13
3744114 10 35.5 23 13
3759621 10.5 35 21.5 13
3759622 10.5 35 22 13
3759623 10.5 35 22.5 13
3759624 10.5 35 23 13
3759668 10.5 35.5 21.5 13
3759669 10.5 35.5 22 13
3759670 10.5 35.5 22.5 13
3759671 10.5 35.5 23 13
3775178 11 35 21.5 13
3775179 11 35 22 13
3775180 11 35 22.5 13
3775181 11 35 23 13
3775225 11 35.5 21.5 13
3775226 11 35.5 22 13
3775227 11 35.5 22.5 13
3775228 11 35.5 23 13
3790735 11.5 35 21.5 13
3790736 11.5 35 22 13
3790737 11.5 35 22.5 13
3790738 11.5 35 23 13
3790782 11.5 35.5 21.5 13
3790783 11.5 35.5 22 13
3790784 11.5 35.5 22.5 13
3790785 11.5 35.5 23 13
3806292 12 35 21.5 13
3806293 12 35 22 13
3806294 12 35 22.5 13
3806295 12 35 23 13
3806339 12 35.5 21.5 13
3806340 12 35.5 22 13
3806341 12 35.5 22.5 13
3806342 12 35.5 23 13
3821849 12.5 35 21.5 13
3821850 12.5 35 22 13
3821851 12.5 35 22.5 13
3821852 12.5 35 23 13
3821896 12.5 35.5 21.5 13
3821897 12.5 35.5 22 13
3821898 12.5 35.5 22.5 13
3821899 12.5 35.5 23 13
3837406 13 35 21.5 13
3837407 13 35 22 13
3837408 13 35 22.5 13
3837409 13 35 23 13
3837453 13 35.5 21.5 13
3837454 13 35.5 22 13
3837455 13 35.5 22.5 13
3837456 13 35.5 23 13
3852963 13.5 35 21.5 13
3852964 13.5 35 22 13
3852965 13.5 35 22.5 13
3852966 13.5 35 23 13
3853010 13.5 35.5 21.5 13
3853011 13.5 35.5 22 13
3853012 13.5 35.5 22.5 13
3853013 13.5 35.5 23 13
3868520 14 35 21.5 13
3868521 14 35 22 13
3868522 14 35 22.5 13
3868523 14 35 23 13
3868567 14 35.5 21.5 13
3868568 14 35.5 22 13
3868569 14 35.5 22.5 13
3868570 14 35.5 23 13
3884077 14.5 35 21.5 13
3884078 14.5 35 22 13
3884079 14.5 35 22.5 13
3884080 14.5 35 23 13
3884124 14.5 35.5 21.5 13
3884125 14.5 35.5 22 13
3884126 14.5 35.5 22.5 13
3884127 14.5 35.5 23 13
3899634 15 35 21.5 13
3899635 15 35 22 13
3899636 15 35 22.5 13
3899637 15 35 23 13
3899681 15 35.5 21.5 13
3899682 15 35.5 22 13
3899683 15 35.5 22.5 13
3899684 15 35.5 23 13
3915191 15.5 35 21.5 13
3915192 15.5 35 22 13
3915193 15.5 35 22.5 13
3915194 15.5 35 23 13
3915238 15.5 35.5 21.5 13
3915239 15.5 35.5 22 13
3915240 15.5 35.5 22.5 13
3915241 15.5 35.5 23 13
3930748 16 35 21.5 13
3930749 16 35 22 13
3930750 16 35 22.5 13
3930751 16 35 23 13
3930795 16 35.5 21.5 13
3930796 16 35.5 22 13
3930797 16 35.5 22.5 13
3930798 16 35.5 23 13
3946305 16.5 35 21.5 13
3946306 16.5 35 22 13
3946307 16.5 35 22.5 13
3946308 16.5 35 23 13
3946352 16.5 35.5 21.5 13
3946353 16.5 35.5 22 13
3946354 16.5 35.5 22.5 13
3946355 16.5 35.5 23 13
3961862 17 35 21.5 13
3961863 17 35 22 13
3961864 17 35 22.5 13
3961865 17 35 23 13
3961909 17 35.5 21.5 13
3961910 17 35.5 22 13
3961911 17 35.5 22.5 13
3961912 17 35.5 23 13
3977419 17.5 35 21.5 13
3977420 17.5 35 22 13
3977421 17.5 35 22.5 13
3977422 17.5 35 23 13
3977466 17.5 35.5 21.5 13
3977467 17.5 35.5 22 13
3977468 17.5 35.5 22.5 13
3977469 17.5 35.5 23 13
3992976 18 35 21.5 13
3992977 18 35 22 13
3992978 18 35 22.5 13
3992979 18 35 23 13
3993023 18 35.5 21.5 13
3993024 18 35.5 22 13
3993025 18 35.5 22.5 13
3993026 18 35.5 23 13
4008533 18.5 35 21.5 13
4008534 18.5 35 22 13
4008535 18.5 35 22.5 13
4008536 18.5 35 23 13
4008580 18.5 35.5 21.5 13
4008581 18.5 35.5 22 13
4008582 18.5 35.5 22.5 13
4008583 18.5 35.5 23 13
4024090 19 35 21.5 13
4024091 19 35 22 13
4024092 19 35 22.5 13
4024093 19 35 23 13
4024137 19 35.5 21.5 13
4024138 19 35.5 22 13
4024139 19 35.5 22.5 13
4024140 19 35.5 23 13
4039647 19.5 35 21.5 13
4039648 19.5 35 22 13
4039649 19.5 35 22.5 13
4039650 19.5 35 23 13
4039694 19.5 35.5 21.5 13
4039695 19.5 35.5 22 13
4039696 19.5 35.5 22.5 13
4039697 19.5 35.5 23 13
4055204 20 35 21.5 13
4055205 20 35 22 13
4055206 20 35 22.5 13
4055207 20 35 23 13
4055251 20 35.5 21.5 13
4055252 20 35.5 22 13
4055253 20 35.5 22.5 13
4055254 20 35.5 23 13
4070761 20.5 35 21.5 13
4070762 20.5 35 22 13
4070763 20.5 35 22.5 13
4070764 20.5 35 23 13
4070808 20.5 35.5 21.5 13
4070809 20.5 35.5 22 13
4070810 20.5 35.5 22.5 13
4070811 20.5 35.5 23 13
4086318 21 35 21.5 13
4086319 21 35 22 13
4086320 21 35 22.5 13
4086321 21 35 23 13
4086365 21 35.5 21.5 13
4086366 21 35.5 22 13
4086367 21 35.5 22.5 13
4086368 21 35.5 23 13
4101875 21.5 35 21.5 13
4101876 21.5 35 22 13
4101877 21.5 35 22.5 13
4101878 21.5 35 23 13
4101922 21.5 35.5 21.5 13
4101923 21.5 35.5 22 13
4101924 21.5 35.5 22.5 13
4101925 21.5 35.5 23 13
4117432 22 35 21.5 13
4117433 22 35 22 13
4117434 22 35 22.5 13
4117435 22 35 23 13
4117479 22 35.5 21.5 13
4117480 22 35.5 22 13
4117481 22 35.5 22.5 13
4117482 22 35.5 23 13
4132989 22.5 35 21.5 13
4132990 22.5 35 22 13
4132991 22.5 35 22.5 13
4132992 22.5 35 23 13
4133036 22.5 35.5 21.5 13
4133037 22.5 35.5 22 13
4133038 22.5 35.5 22.5 13
4133039 22.5 35.5 23 13
4148546 23 35 21.5 13
4148547 23 35 22 13
4148548 23 35 22.5 13
4148549 23 35 23 13
4148593 23 35.5 21.5 13
4148594 23 35.5 22 13
4148595 23 35.5 22.5 13
4148596 23 35.5 23 13
4164103 23.5 35 21.5 13
4164104 23.5 35 22 13
4164105 23.5 35 22.5 13
4164106 23.5 35 23 13
4164150 23.5 35.5 21.5 13
4164151 23.5 35.5 22 13
4164152 23.5 35.5 22.5 13
4164153 23.5 35.5 23 13
4179660 24 35 21.5 13
4179661 24 35 22 13
4179662 24 35 22.5 13
4179663 24 35 23 13
4179707 24 35.5 21.5 13
4179708 24 35.5 22 13
4179709 24 35.5 22.5 13
4179710 24 35.5 23 13
4195217 24.5 35 21.5 13
4195218 24.5 35 22 13
4195219 24.5 35 22.5 13
4195220 24.5 35 23 13
4195264 24.5 35.5 21.5 13
4195265 24.5 35.5 22 13
4195266 24.5 35.5 22.5 13
4195267 24.5 35.5 23 13
