3832424 13 -18 21.5 10
3832425 13 -18 22 10
3832426 13 -18 22.5 10
3832427 13 -18 23 10
3832471 13 -17.5 21.5 10
3832472 13 -17.5 22 10
3832473 13 -17.5 22.5 10
3832474 13 -17.5 23 10
3847981 13.5 -18 21.5 10
3847982 13.5 -18 22 10
3847983 13.5 -18 22.5 10
3847984 13.5 -18 23 10
3848028 13.5 -17.5 21.5 10
3848029 13.5 -17.5 22 10
3848030 13.5 -17.5 22.5 10
3848031 13.5 -17.5 23 10
3863538 14 -18 21.5 10
3863539 14 -18 22 10
3863540 14 -18 22.5 10
3863541 14 -18 23 10
3863585 14 -17.5 21.5 10
3863586 14 -17.5 22 10
3863587 14 -17.5 22.5 10
3863588 14 -17.5 23 10
3879095 14.5 -18 21.5 10
3879096 14.5 -18 22 10
3879097 14.5 -18 22.5 10
3879098 14.5 -18 23 10
3879142 14.5 -17.5 21.5 10
3879143 14.5 -17.5 22 10
3879144 14.5 -17.5 22.5 10
3879145 14.5 -17.5 23 10
3894652 15 -18 21.5 10
3894653 15 -18 22 10
3894654 15 -18 22.5 10
3894655 15 -18 23 10
3894699 15 -17.5 21.5 10
3894700 15 -17.5 22 10
3894701 15 -17.5 22.5 10
3894702 15 -17.5 23 10
3910209 15.5 -18 21.5 10
3910210 15.5 -18 22 10
3910211 15.5 -18 22.5 10
3910212 15.5 -18 23 10
3910256 15.5 -17.5 21.5 10
3910257 15.5 -17.5 22 10
3910258 15.5 -17.5 22.5 10
3910259 15.5 -17.5 23 10
3925766 16 -18 21.5 10
3925767 16 -18 22 10
3925768 16 -18 22.5 10
3925769 16 -18 23 10
3925813 16 -17.5 21.5 10
3925814 16 -17.5 22 10
3925815 16 -17.5 22.5 10
3925816 16 -17.5 23 10
3941323 16.5 -18 21.5 10
3941324 16.5 -18 22 10
3941325 16.5 -18 22.5 10
3941326 16.5 -18 23 10
3941370 16.5 -17.5 21.5 10
3941371 16.5 -17.5 22 10
3941372 16.5 -17.5 22.5 10
3941373 16.5 -17.5 23 10
3956880 17 -18 21.5 10
3956881 17 -18 22 10
3956882 17 -18 22.5 10
3956883 17 -18 23 10
3956927 17 -17.5 21.5 10
3956928 17 -17.5 22 10
3956929 17 -17.5 22.5 10
3956930 17 -17.5 23 10
3972437 17.5 -18 21.5 10
3972438 17.5 -18 22 10
3972439 17.5 -18 22.5 10
3972440 17.5 -18 23 10
3972484 17.5 -17.5 21.5 10
3972485 17.5 -17.5 22 10
3972486 17.5 -17.5 22.5 10
3972487 17.5 -17.5 23 10
3987994 18 -18 21.5 10
3987995 18 -18 22 10
3987996 18 -18 22.5 10
3987997 18 -18 23 10
3988041 18 -17.5 21.5 10
3988042 18 -17.5 22 10
3988043 18 -17.5 22.5 10
3988044 18 -17.5 23 10
4003551 18.5 -18 21.5 10
4003552 18.5 -18 22 10
4003553 18.5 -18 22.5 10
4003554 18.5 -18 23 10
4003598 18.5 -17.5 21.5 10
4003599 18.5 -17.5 22 10
4003600 18.5 -17.5 22.5 10
4003601 18.5 -17.5 23 10
4019108 19 -18 21.5 10
4019109 19 -18 22 10
4019110 19 -18 22.5 10
4019111 19 -18 23 10
4019155 19 -17.5 21.5 10
4019156 19 -17.5 22 10
4019157 19 -17.5 22.5 10
4019158 19 -17.5 23 10
4034665 19.5 -18 21.5 10
4034666 19.5 -18 22 10
4034667 19.5 -18 22.5 10
4034668 19.5 -18 23 10
4034712 19.5 -17.5 21.5 10
4034713 19.5 -17.5 22 10
4034714 19.5 -17.5 22.5 10
4034715 19.5 -17.5 23 10
4050222 20 -18 21.5 10
4050223 20 -18 22 10
4050224 20 -18 22.5 10
4050225 20 -18 23 10
4050269 20 -17.5 21.5 10
4050270 20 -17.5 22 10
4050271 20 -17.5 22.5 10
4050272 20 -17.5 23 10
4065779 20.5 -18 21.5 10
4065780 20.5 -18 22 10
4065781 20.5 -18 22.5 10
4065782 20.5 -18 23 10
4065826 20.5 -17.5 21.5 10
4065827 20.5 -17.5 22 10
4065828 20.5 -17.5 22.5 10
4065829 20.5 -17.5 23 10
4081336 21 -18 21.5 10
4081337 21 -18 22 10
4081338 21 -18 22.5 10
4081339 21 -18 23 10
4081383 21 -17.5 21.5 10
4081384 21 -17.5 22 10
4081385 21 -17.5 22.5 10
4081386 21 -17.5 23 10
4096893 21.5 -18 21.5 10
4096894 21.5 -18 22 10
4096895 21.5 -18 22.5 10
4096896 21.5 -18 23 10
4096940 21.5 -17.5 21.5 10
4096941 21.5 -17.5 22 10
4096942 21.5 -17.5 22.5 10
4096943 21.5 -17.5 23 10
4112450 22 -18 21.5 10
4112451 22 -18 22 10
4112452 22 -18 22.5 10
4112453 22 -18 23 10
4112497 22 -17.5 21.5 10
4112498 22 -17.5 22 10
4112499 22 -17.5 22.5 10
4112500 22 -17.5 23 10
4128007 22.5 -18 21.5 10
4128008 22.5 -18 22 10
4128009 22.5 -18 22.5 10
4128010 22.5 -18 23 10
4128054 22.5 -17.5 21.5 10
4128055 22.5 -17.5 22 10
4128056 22.5 -17.5 22.5 10
4128057 22.5 -17.5 23 10
4143564 23 -18 21.5 10
4143565 23 -18 22 10
4143566 23 -18 22.5 10
4143567 23 -18 23 10
4143611 23 -17.5 21.5 10
4143612 23 -17.5 22 10
4143613 23 -17.5 22.5 10
4143614 23 -17.5 23 10
4159121 23.5 -18 21.5 10
4159122 23.5 -18 22 10
4159123 23.5 -18 22.5 10
4159124 23.5 -18 23 10
4159168 23.5 -17.5 21.5 10
4159169 23.5 -17.5 22 10
4159170 23.5 -17.5 22.5 10
4159171 23.5 -17.5 23 10
4174678 24 -18 21.5 10
4174679 24 -18 22 10
4174680 24 -18 22.5 10
4174681 24 -18 23 10
4174725 24 -17.5 21.5 10
4174726 24 -17.5 22 10
4174727 24 -17.5 22.5 10
4174728 24 -17.5 23 10
4190235 24.5 -18 21.5 10
4190236 24.5 -18 22 10
4190237 24.5 -18 22.5 10
4190238 24.5 -18 23 10
4190282 24.5 -17.5 21.5 10
4190283 24.5 -17.5 22 10
4190284 24.5 -17.5 22.5 10
4190285 24.5 -17.5 23 10
4205792 25 -18 21.5 10
4205793 25 -18 22 10
4205794 25 -18 22.5 10
4205795 25 -18 23 10
4205839 25 -17.5 21.5 10
4205840 25 -17.5 22 10
4205841 25 -17.5 22.5 10
4205842 25 -17.5 23 10
4221349 25.5 -18 21.5 10
4221350 25.5 -18 22 10
4221351 25.5 -18 22.5 10
4221352 25.5 -18 23 10
4221396 25.5 -17.5 21.5 10
4221397 25.5 -17.5 22 10
4221398 25.5 -17.5 22.5 10
4221399 25.5 -17.5 23 10
4236906 26 -18 21.5 10
4236907 26 -18 22 10
4236908 26 -18 22.5 10
4236909 26 -18 23 10
4236953 26 -17.5 21.5 10
4236954 26 -17.5 22 10
4236955 26 -17.5 22.5 10
4236956 26 -17.5 23 10
4252463 26.5 -18 21.5 10
4252464 26.5 -18 22 10
4252465 26.5 -18 22.5 10
4252466 26.5 -18 23 10
4252510 26.5 -17.5 21.5 10
4252511 26.5 -17.5 22 10
4252512 26.5 -17.5 22.5 10
4252513 26.5 -17.5 23 10
4268020 27 -18 21.5 10
4268021 27 -18 22 10
4268022 27 -18 22.5 10
4268023 27 -18 23 10
4268067 27 -17.5 21.5 10
4268068 27 -17.5 22 10
4268069 27 -17.5 22.5 10
4268070 27 -17.5 23 10
4283577 27.5 -18 21.5 10
4283578 27.5 -18 22 10
4283579 27.5 -18 22.5 10
4283580 27.5 -18 23 10
4283624 27.5 -17.5 21.5 10
4283625 27.5 -17.5 22 10
4283626 27.5 -17.5 22.5 10
4283627 27.5 -17.5 23 10
4299134 28 -18 21.5 10
4299135 28 -18 22 10
4299136 28 -18 22.5 10
4299137 28 -18 23 10
4299181 28 -17.5 21.5 10
4299182 28 -17.5 22 10
4299183 28 -17.5 22.5 10
4299184 28 -17.5 23 10
4314691 28.5 -18 21.5 10
4314692 28.5 -18 22 10
4314693 28.5 -18 22.5 10
4314694 28.5 -18 23 10
4314738 28.5 -17.5 21.5 10
4314739 28.5 -17.5 22 10
4314740 28.5 -17.5 22.5 10
4314741 28.5 -17.5 23 10
4330248 29 -18 21.5 10
4330249 29 -18 22 10
4330250 29 -18 22.5 10
4330251 29 -18 23 10
4330295 29 -17.5 21.5 10
4330296 29 -17.5 22 10
4330297 29 -17.5 22.5 10
4330298 29 -17.5 23 10
4345805 29.5 -18 21.5 10
4345806 29.5 -18 22 10
4345807 29.5 -18 22.5 10
4345808 29.5 -18 23 10
4345852 29.5 -17.5 21.5 10
4345853 29.5 -17.5 22 10
4345854 29.5 -17.5 22.5 10
4345855 29.5 -17.5 23 10
4361362 30 -18 21.5 10
4361363 30 -18 22 10
4361364 30 -18 22.5 10
4361365 30 -18 23 10
4361409 30 -17.5 21.5 10
4361410 30 -17.5 22 10
4361411 30 -17.5 22.5 10
4361412 30 -17.5 23 10
4376919 30.5 -18 21.5 10
4376920 30.5 -18 22 10
4376921 30.5 -18 22.5 10
4376922 30.5 -18 23 10
4376966 30.5 -17.5 21.5 10
4376967 30.5 -17.5 22 10
4376968 30.5 -17.5 22.5 10
4376969 30.5 -17.5 23 10
4392476 31 -18 21.5 10
4392477 31 -18 22 10
4392478 31 -18 22.5 10
4392479 31 -18 23 10
4392523 31 -17.5 21.5 10
4392524 31 -17.5 22 10
4392525 31 -17.5 22.5 10
4392526 31 -17.5 23 10
4408033 31.5 -18 21.5 10
4408034 31.5 -18 22 10
4408035 31.5 -18 22.5 10
4408036 31.5 -18 23 10
4408080 31.5 -17.5 21.5 10
4408081 31.5 -17.5 22 10
4408082 31.5 -17.5 22.5 10
4408083 31.5 -17.5 23 10
4423590 32 -18 21.5 10
4423591 32 -18 22 10
4423592 32 -18 22.5 10
4423593 32 -18 23 10
4423637 32 -17.5 21.5 10
4423638 32 -17.5 22 10
4423639 32 -17.5 22.5 10
4423640 32 -17.5 23 10
4439147 32.5 -18 21.5 10
4439148 32.5 -18 22 10
4439149 32.5 -18 22.5 10
4439150 32.5 -18 23 10
4439194 32.5 -17.5 21.5 10
4439195 32.5 -17.5 22 10
4439196 32.5 -17.5 22.5 10
4439197 32.5 -17.5 23 10
4454704 33 -18 21.5 10
4454705 33 -18 22 10
4454706 33 -18 22.5 10
4454707 33 -18 23 10
4454751 33 -17.5 21.5 10
4454752 33 -17.5 22 10
4454753 33 -17.5 22.5 10
4454754 33 -17.5 23 10
4470261 33.5 -18 21.5 10
4470262 33.5 -18 22 10
4470263 33.5 -18 22.5 10
4470264 33.5 -18 23 10
4470308 33.5 -17.5 21.5 10
4470309 33.5 -17.5 22 10
4470310 33.5 -17.5 22.5 10
4470311 33.5 -17.5 23 10
4485818 34 -18 21.5 10
4485819 34 -18 22 10
4485820 34 -18 22.5 10
4485821 34 -18 23 10
4485865 34 -17.5 21.5 10
4485866 34 -17.5 22 10
4485867 34 -17.5 22.5 10
4485868 34 -17.5 23 10
4501375 34.5 -18 21.5 10
4501376 34.5 -18 22 10
4501377 34.5 -18 22.5 10
4501378 34.5 -18 23 10
4501422 34.5 -17.5 21.5 10
4501423 34.5 -17.5 22 10
4501424 34.5 -17.5 22.5 10
4501425 34.5 -17.5 23 10
4516932 35 -18 21.5 10
4516933 35 -18 22 10
4516934 35 -18 22.5 10
4516935 35 -18 23 10
4516979 35 -17.5 21.5 10
4516980 35 -17.5 22 10
4516981 35 -17.5 22.5 10
4516982 35 -17.5 23 10
4532489 35.5 -18 21.5 10
4532490 35.5 -18 22 10
4532491 35.5 -18 22.5 10
4532492 35.5 -18 23 10
4532536 35.5 -17.5 21.5 10
4532537 35.5 -17.5 22 10
4532538 35.5 -17.5 22.5 10
4532539 35.5 -17.5 23 10
4548046 36 -18 21.5 10
4548047 36 -18 22 10
4548048 36 -18 22.5 10
4548049 36 -18 23 10
4548093 36 -17.5 21.5 10
4548094 36 -17.5 22 10
4548095 36 -17.5 22.5 10
4548096 36 -17.5 23 10
4563603 36.5 -18 21.5 10
4563604 36.5 -18 22 10
4563605 36.5 -18 22.5 10
4563606 36.5 -18 23 10
4563650 36.5 -17.5 21.5 10
4563651 36.5 -17.5 22 10
4563652 36.5 -17.5 22.5 10
4563653 36.5 -17.5 23 10
4579160 37 -18 21.5 10
4579161 37 -18 22 10
4579162 37 -18 22.5 10
4579163 37 -18 23 10
4579207 37 -17.5 21.5 10
4579208 37 -17.5 22 10
4579209 37 -17.5 22.5 10
4579210 37 -17.5 23 10
4594717 37.5 -18 21.5 10
4594718 37.5 -18 22 10
4594719 37.5 -18 22.5 10
4594720 37.5 -18 23 10
4594764 37.5 -17.5 21.5 10
4594765 37.5 -17.5 22 10
4594766 37.5 -17.5 22.5 10
4594767 37.5 -17.5 23 10
4610274 38 -18 21.5 10
4610275 38 -18 22 10
4610276 38 -18 22.5 10
4610277 38 -18 23 10
4610321 38 -17.5 21.5 10
4610322 38 -17.5 22 10
4610323 38 -17.5 22.5 10
4610324 38 -17.5 23 10
4625831 38.5 -18 21.5 10
4625832 38.5 -18 22 10
4625833 38.5 -18 22.5 10
4625834 38.5 -18 23 10
4625878 38.5 -17.5 21.5 10
4625879 38.5 -17.5 22 10
4625880 38.5 -17.5 22.5 10
4625881 38.5 -17.5 23 10
4641388 39 -18 21.5 10
4641389 39 -18 22 10
4641390 39 -18 22.5 10
4641391 39 -18 23 10
4641435 39 -17.5 21.5 10
4641436 39 -17.5 22 10
4641437 39 -17.5 22.5 10
4641438 39 -17.5 23 10
4656945 39.5 -18 21.5 10
4656946 39.5 -18 22 10
4656947 39.5 -18 22.5 10
4656948 39.5 -18 23 10
4656992 39.5 -17.5 21.5 10
4656993 39.5 -17.5 22 10
4656994 39.5 -17.5 22.5 10
4656995 39.5 -17.5 23 10
4672502 40 -18 21.5 10
4672503 40 -18 22 10
4672504 40 -18 22.5 10
4672505 40 -18 23 10
4672549 40 -17.5 21.5 10
4672550 40 -17.5 22 10
4672551 40 -17.5 22.5 10
4672552 40 -17.5 23 10
4688059 40.5 -18 21.5 10
4688060 40.5 -18 22 10
4688061 40.5 -18 22.5 10
4688062 40.5 -18 23 10
4688106 40.5 -17.5 21.5 10
4688107 40.5 -17.5 22 10
4688108 40.5 -17.5 22.5 10
4688109 40.5 -17.5 23 10
4703616 41 -18 21.5 10
4703617 41 -18 22 10
4703618 41 -18 22.5 10
4703619 41 -18 23 10
4703663 41 -17.5 21.5 10
4703664 41 -17.5 22 10
4703665 41 -17.5 22.5 10
4703666 41 -17.5 23 10
4719173 41.5 -18 21.5 10
4719174 41.5 -18 22 10
4719175 41.5 -18 22.5 10
4719176 41.5 -18 23 10
4719220 41.5 -17.5 21.5 10
4719221 41.5 -17.5 22 10
4719222 41.5 -17.5 22.5 10
4719223 41.5 -17.5 23 10
4734730 42 -18 21.5 10
4734731 42 -18 22 10
4734732 42 -18 22.5 10
4734733 42 -18 23 10
4734777 42 -17.5 21.5 10
4734778 42 -17.5 22 10
4734779 42 -17.5 22.5 10
4734780 42 -17.5 23 10
4750287 42.5 -18 21.5 10
4750288 42.5 -18 22 10
4750289 42.5 -18 22.5 10
4750290 42.5 -18 23 10
4750334 42.5 -17.5 21.5 10
4750335 42.5 -17.5 22 10
4750336 42.5 -17.5 22.5 10
4750337 42.5 -17.5 23 10
4765844 43 -18 21.5 10
4765845 43 -18 22 10
4765846 43 -18 22.5 10
4765847 43 -18 23 10
4765891 43 -17.5 21.5 10
4765892 43 -17.5 22 10
4765893 43 -17.5 22.5 10
4765894 43 -17.5 23 10
4781401 43.5 -18 21.5 10
4781402 43.5 -18 22 10
4781403 43.5 -18 22.5 10
4781404 43.5 -18 23 10
4781448 43.5 -17.5 21.5 10
4781449 43.5 -17.5 22 10
4781450 43.5 -17.5 22.5 10
4781451 43.5 -17.5 23 10
4796958 44 -18 21.5 10
4796959 44 -18 22 10
4796960 44 -18 22.5 10
4796961 44 -18 23 10
4797005 44 -17.5 21.5 10
4797006 44 -17.5 22 10
4797007 44 -17.5 22.5 10
4797008 44 -17.5 23 10
4812515 44.5 -18 21.5 10
4812516 44.5 -18 22 10
4812517 44.5 -18 22.5 10
4812518 44.5 -18 23 10
4812562 44.5 -17.5 21.5 10
4812563 44.5 -17.5 22 10
4812564 44.5 -17.5 22.5 10
4812565 44.5 -17.5 23 10
4828072 45 -18 21.5 10
4828073 45 -18 22 10
4828074 45 -18 22.5 10
4828075 45 -18 23 10
4828119 45 -17.5 21.5 10
4828120 45 -17.5 22 10
4828121 45 -17.5 22.5 10
4828122 45 -17.5 23 10
4843629 45.5 -18 21.5 10
4843630 45.5 -18 22 10
4843631 45.5 -18 22.5 10
4843632 45.5 -18 23 10
4843676 45.5 -17.5 21.5 10
4843677 45.5 -17.5 22 10
4843678 45.5 -17.5 22.5 10
4843679 45.5 -17.5 23 10
4859186 46 -18 21.5 10
4859187 46 -18 22 10
4859188 46 -18 22.5 10
4859189 46 -18 23 10
4859233 46 -17.5 21.5 10
4859234 46 -17.5 22 10
4859235 46 -17.5 22.5 10
4859236 46 -17.5 23 10
4874743 46.5 -18 21.5 10
4874744 46.5 -18 22 10
4874745 46.5 -18 22.5 10
4874746 46.5 -18 23 10
4874790 46.5 -17.5 21.5 10
4874791 46.5 -17.5 22 10
4874792 46.5 -17.5 22.5 10
4874793 46.5 -17.5 23 10
4890300 47 -18 21.5 10
4890301 47 -18 22 10
4890302 47 -18 22.5 10
4890303 47 -18 23 10
4890347 47 -17.5 21.5 10
4890348 47 -17.5 22 10
4890349 47 -17.5 22.5 10
4890350 47 -17.5 23 10
4905857 47.5 -18 21.5 10
4905858 47.5 -18 22 10
4905859 47.5 -18 22.5 10
4905860 47.5 -18 23 10
4905904 47.5 -17.5 21.5 10
4905905 47.5 -17.5 22 10
4905906 47.5 -17.5 22.5 10
4905907 47.5 -17.5 23 10
4921414 48 -18 21.5 10
4921415 48 -18 22 10
4921416 48 -18 22.5 10
4921417 48 -18 23 10
4921461 48 -17.5 21.5 10
4921462 48 -17.5 22 10
4921463 48 -17.5 22.5 10
4921464 48 -17.5 23 10
4936971 48.5 -18 21.5 10
4936972 48.5 -18 22 10
4936973 48.5 -18 22.5 10
4936974 48.5 -18 23 10
4937018 48.5 -17.5 21.5 10
4937019 48.5 -17.5 22 10
4937020 48.5 -17.5 22.5 10
4937021 48.5 -17.5 23 10
4952528 49 -18 21.5 10
4952529 49 -18 22 10
4952530 49 -18 22.5 10
4952531 49 -18 23 10
4952575 49 -17.5 21.5 10
4952576 49 -17.5 22 10
4952577 49 -17.5 22.5 10
4952578 49 -17.5 23 10
4968085 49.5 -18 21.5 10
4968086 49.5 -18 22 10
4968087 49.5 -18 22.5 10
4968088 49.5 -18 23 10
4968132 49.5 -17.5 21.5 10
4968133 49.5 -17.5 22 10
4968134 49.5 -17.5 22.5 10
4968135 49.5 -17.5 23 10
4983642 50 -18 21.5 10
4983643 50 -18 22 10
4983644 50 -18 22.5 10
4983645 50 -18 23 10
4983689 50 -17.5 21.5 10
4983690 50 -17.5 22 10
4983691 50 -17.5 22.5 10
4983692 50 -17.5 23 10
4999199 50.5 -18 21.5 10
4999200 50.5 -18 22 10
4999201 50.5 -18 22.5 10
4999202 50.5 -18 23 10
4999246 50.5 -17.5 21.5 10
4999247 50.5 -17.5 22 10
4999248 50.5 -17.5 22.5 10
4999249 50.5 -17.5 23 10
5014756 51 -18 21.5 10
5014757 51 -18 22 10
5014758 51 -18 22.5 10
5014759 51 -18 23 10
5014803 51 -17.5 21.5 10
5014804 51 -17.5 22 10
5014805 51 -17.5 22.5 10
5014806 51 -17.5 23 10
5030313 51.5 -18 21.5 10
5030314 51.5 -18 22 10
5030315 51.5 -18 22.5 10
5030316 51.5 -18 23 10
5030360 51.5 -17.5 21.5 10
5030361 51.5 -17.5 22 10
5030362 51.5 -17.5 22.5 10
5030363 51.5 -17.5 23 10
5045870 52 -18 21.5 10
5045871 52 -18 22 10
5045872 52 -18 22.5 10
5045873 52 -18 23 10
5045917 52 -17.5 21.5 10
5045918 52 -17.5 22 10
5045919 52 -17.5 22.5 10
5045920 52 -17.5 23 10
5061427 52.5 -18 21.5 10
5061428 52.5 -18 22 10
5061429 52.5 -18 22.5 10
5061430 52.5 -18 23 10
5061474 52.5 -17.5 21.5 10
5061475 52.5 -17.5 22 10
5061476 52.5 -17.5 22.5 10
5061477 52.5 -17.5 23 10
5076984 53 -18 21.5 10
5076985 53 -18 22 10
5076986 53 -18 22.5 10
5076987 53 -18 23 10
5077031 53 -17.5 21.5 10
5077032 53 -17.5 22 10
5077033 53 -17.5 22.5 10
5077034 53 -17.5 23 10
5092541 53.5 -18 21.5 10
5092542 53.5 -18 22 10
5092543 53.5 -18 22.5 10
5092544 53.5 -18 23 10
5092588 53.5 -17.5 21.5 10
5092589 53.5 -17.5 22 10
5092590 53.5 -17.5 22.5 10
5092591 53.5 -17.5 23 10
5108098 54 -18 21.5 10
5108099 54 -18 22 10
5108100 54 -18 22.5 10
5108101 54 -18 23 10
5108145 54 -17.5 21.5 10
5108146 54 -17.5 22 10
5108147 54 -17.5 22.5 10
5108148 54 -17.5 23 10
5123655 54.5 -18 21.5 10
5123656 54.5 -18 22 10
5123657 54.5 -18 22.5 10
5123658 54.5 -18 23 10
5123702 54.5 -17.5 21.5 10
5123703 54.5 -17.5 22 10
5123704 54.5 -17.5 22.5 10
5123705 54.5 -17.5 23 10
5139212 55 -18 21.5 10
5139213 55 -18 22 10
5139214 55 -18 22.5 10
5139215 55 -18 23 10
5139259 55 -17.5 21.5 10
5139260 55 -17.5 22 10
5139261 55 -17.5 22.5 10
5139262 55 -17.5 23 10
5154769 55.5 -18 21.5 10
5154770 55.5 -18 22 10
5154771 55.5 -18 22.5 10
5154772 55.5 -18 23 10
5154816 55.5 -17.5 21.5 10
5154817 55.5 -17.5 22 10
5154818 55.5 -17.5 22.5 10
5154819 55.5 -17.5 23 10
5170326 56 -18 21.5 10
5170327 56 -18 22 10
5170328 56 -18 22.5 10
5170329 56 -18 23 10
5170373 56 -17.5 21.5 10
5170374 56 -17.5 22 10
5170375 56 -17.5 22.5 10
5170376 56 -17.5 23 10
5185883 56.5 -18 21.5 10
5185884 56.5 -18 22 10
5185885 56.5 -18 22.5 10
5185886 56.5 -18 23 10
5185930 56.5 -17.5 21.5 10
5185931 56.5 -17.5 22 10
5185932 56.5 -17.5 22.5 10
5185933 56.5 -17.5 23 10
5201440 57 -18 21.5 10
5201441 57 -18 22 10
5201442 57 -18 22.5 10
5201443 57 -18 23 10
5201487 57 -17.5 21.5 10
5201488 57 -17.5 22 10
5201489 57 -17.5 22.5 10
5201490 57 -17.5 23 10
5216997 57.5 -18 21.5 10
5216998 57.5 -18 22 10
5216999 57.5 -18 22.5 10
5217000 57.5 -18 23 10
5217044 57.5 -17.5 21.5 10
5217045 57.5 -17.5 22 10
5217046 57.5 -17.5 22.5 10
5217047 57.5 -17.5 23 10
5232554 58 -18 21.5 10
5232555 58 -18 22 10
5232556 58 -18 22.5 10
5232557 58 -18 23 10
5232601 58 -17.5 21.5 10
5232602 58 -17.5 22 10
5232603 58 -17.5 22.5 10
5232604 58 -17.5 23 10
5248111 58.5 -18 21.5 10
5248112 58.5 -18 22 10
5248113 58.5 -18 22.5 10
5248114 58.5 -18 23 10
5248158 58.5 -17.5 21.5 10
5248159 58.5 -17.5 22 10
5248160 58.5 -17.5 22.5 10
5248161 58.5 -17.5 23 10
