4303881 28 32.5 21.5 8
4319391 28.5 32 21.5 8
4319438 28.5 32.5 21.5 8
4334854 29 31 21.5 8
4334901 29 31.5 21.5 8
4334948 29 32 21.5 8
4334995 29 32.5 21.5 8
4350364 29.5 30.5 21.5 8
4350411 29.5 31 21.5 8
4350458 29.5 31.5 21.5 8
4350505 29.5 32 21.5 8
4350552 29.5 32.5 21.5 8
4365827 30 29.5 21.5 8
4365874 30 30 21.5 8
4365921 30 30.5 21.5 8
4365968 30 31 21.5 8
4366015 30 31.5 21.5 8
4366062 30 32 21.5 8
4366109 30 32.5 21.5 8
4381337 30.5 29 21.5 8
4381384 30.5 29.5 21.5 8
4381431 30.5 30 21.5 8
4381478 30.5 30.5 21.5 8
4381525 30.5 31 21.5 8
4381572 30.5 31.5 21.5 8
4381619 30.5 32 21.5 8
4381666 30.5 32.5 21.5 8
4396847 31 28.5 21.5 8
4396894 31 29 21.5 8
4396941 31 29.5 21.5 8
4396988 31 30 21.5 8
4397035 31 30.5 21.5 8
4397082 31 31 21.5 8
4397129 31 31.5 21.5 8
4397176 31 32 21.5 8
4397223 31 32.5 21.5 8
4412404 31.5 28.5 21.5 8
4412451 31.5 29 21.5 8
4412498 31.5 29.5 21.5 8
4412545 31.5 30 21.5 8
4412592 31.5 30.5 21.5 8
4412639 31.5 31 21.5 8
4412686 31.5 31.5 21.5 8
4412733 31.5 32 21.5 8
4412780 31.5 32.5 21.5 8
4427961 32 28.5 21.5 8
4428008 32 29 21.5 8
4428055 32 29.5 21.5 8
4428102 32 30 21.5 8
4428149 32 30.5 21.5 8
4428196 32 31 21.5 8
4428243 32 31.5 21.5 8
4428290 32 32 21.5 8
4428337 32 32.5 21.5 8
4443518 32.5 28.5 21.5 8
4443565 32.5 29 21.5 8
4443612 32.5 29.5 21.5 8
4443659 32.5 30 21.5 8
4443706 32.5 30.5 21.5 8
4443753 32.5 31 21.5 8
4443800 32.5 31.5 21.5 8
4443847 32.5 32 21.5 8
4443894 32.5 32.5 21.5 8
4459075 33 28.5 21.5 8
4459122 33 29 21.5 8
4459169 33 29.5 21.5 8
4459216 33 30 21.5 8
4459263 33 30.5 21.5 8
4459310 33 31 21.5 8
4459357 33 31.5 21.5 8
4459404 33 32 21.5 8
4459451 33 32.5 21.5 8
4474632 33.5 28.5 21.5 8
4474679 33.5 29 21.5 8
4474726 33.5 29.5 21.5 8
4474773 33.5 30 21.5 8
4474820 33.5 30.5 21.5 8
4474867 33.5 31 21.5 8
4474914 33.5 31.5 21.5 8
4474961 33.5 32 21.5 8
4475008 33.5 32.5 21.5 8
4490189 34 28.5 21.5 8
4490236 34 29 21.5 8
4490283 34 29.5 21.5 8
4490330 34 30 21.5 8
4490377 34 30.5 21.5 8
4490424 34 31 21.5 8
4490471 34 31.5 21.5 8
4490518 34 32 21.5 8
4490565 34 32.5 21.5 8
4505746 34.5 28.5 21.5 8
4505793 34.5 29 21.5 8
4505840 34.5 29.5 21.5 8
4505887 34.5 30 21.5 8
4505934 34.5 30.5 21.5 8
4505981 34.5 31 21.5 8
4506028 34.5 31.5 21.5 8
4506075 34.5 32 21.5 8
4506122 34.5 32.5 21.5 8
4521303 35 28.5 21.5 8
4521350 35 29 21.5 8
4521397 35 29.5 21.5 8
4521444 35 30 21.5 8
4521491 35 30.5 21.5 8
4521538 35 31 21.5 8
4521585 35 31.5 21.5 8
4521632 35 32 21.5 8
4521679 35 32.5 21.5 8
4536860 35.5 28.5 21.5 8
4536907 35.5 29 21.5 8
4536954 35.5 29.5 21.5 8
4537001 35.5 30 21.5 8
4537048 35.5 30.5 21.5 8
4537095 35.5 31 21.5 8
4537142 35.5 31.5 21.5 8
4537189 35.5 32 21.5 8
4537236 35.5 32.5 21.5 8
4552417 36 28.5 21.5 8
4552464 36 29 21.5 8
4552511 36 29.5 21.5 8
4552558 36 30 21.5 8
4552605 36 30.5 21.5 8
4552652 36 31 21.5 8
4552699 36 31.5 21.5 8
4552746 36 32 21.5 8
4552793 36 32.5 21.5 8
4567974 36.5 28.5 21.5 8
4568021 36.5 29 21.5 8
4568068 36.5 29.5 21.5 8
4568115 36.5 30 21.5 8
4568162 36.5 30.5 21.5 8
4568209 36.5 31 21.5 8
4568256 36.5 31.5 21.5 8
4568303 36.5 32 21.5 8
4568350 36.5 32.5 21.5 8
4583531 37 28.5 21.5 8
4583578 37 29 21.5 8
4583625 37 29.5 21.5 8
4583672 37 30 21.5 8
4583719 37 30.5 21.5 8
4583766 37 31 21.5 8
4583813 37 31.5 21.5 8
4583860 37 32 21.5 8
4583907 37 32.5 21.5 8
4599088 37.5 28.5 21.5 8
4599135 37.5 29 21.5 8
4599182 37.5 29.5 21.5 8
4599229 37.5 30 21.5 8
4599276 37.5 30.5 21.5 8
4599323 37.5 31 21.5 8
4599370 37.5 31.5 21.5 8
4599417 37.5 32 21.5 8
4599464 37.5 32.5 21.5 8
4614645 38 28.5 21.5 8
4614692 38 29 21.5 8
4614739 38 29.5 21.5 8
4614786 38 30 21.5 8
4614833 38 30.5 21.5 8
4614880 38 31 21.5 8
4614927 38 31.5 21.5 8
4614974 38 32 21.5 8
4615021 38 32.5 21.5 8
4630202 38.5 28.5 21.5 8
4630249 38.5 29 21.5 8
4630296 38.5 29.5 21.5 8
4630343 38.5 30 21.5 8
4630390 38.5 30.5 21.5 8
4630437 38.5 31 21.5 8
4630484 38.5 31.5 21.5 8
4630531 38.5 32 21.5 8
4630578 38.5 32.5 21.5 8
4645759 39 28.5 21.5 8
4645806 39 29 21.5 8
4645853 39 29.5 21.5 8
4645900 39 30 21.5 8
4645947 39 30.5 21.5 8
4645994 39 31 21.5 8
4646041 39 31.5 21.5 8
4646088 39 32 21.5 8
4646135 39 32.5 21.5 8
4661316 39.5 28.5 21.5 8
4661363 39.5 29 21.5 8
4661410 39.5 29.5 21.5 8
4661457 39.5 30 21.5 8
4661504 39.5 30.5 21.5 8
4661551 39.5 31 21.5 8
4661598 39.5 31.5 21.5 8
4661645 39.5 32 21.5 8
4661692 39.5 32.5 21.5 8
4676873 40 28.5 21.5 8
4676920 40 29 21.5 8
4676967 40 29.5 21.5 8
4677014 40 30 21.5 8
4677061 40 30.5 21.5 8
4677108 40 31 21.5 8
4677155 40 31.5 21.5 8
4677202 40 32 21.5 8
4677249 40 32.5 21.5 8
4692430 40.5 28.5 21.5 8
4692477 40.5 29 21.5 8
4692524 40.5 29.5 21.5 8
4692571 40.5 30 21.5 8
4692618 40.5 30.5 21.5 8
4692665 40.5 31 21.5 8
4692712 40.5 31.5 21.5 8
4692759 40.5 32 21.5 8
4692806 40.5 32.5 21.5 8
4707987 41 28.5 21.5 8
4708034 41 29 21.5 8
4708081 41 29.5 21.5 8
4708128 41 30 21.5 8
4708175 41 30.5 21.5 8
4708222 41 31 21.5 8
4708269 41 31.5 21.5 8
4708316 41 32 21.5 8
4708363 41 32.5 21.5 8
4723544 41.5 28.5 21.5 8
4723591 41.5 29 21.5 8
4723638 41.5 29.5 21.5 8
4723685 41.5 30 21.5 8
4723732 41.5 30.5 21.5 8
4723779 41.5 31 21.5 8
4723826 41.5 31.5 21.5 8
4723873 41.5 32 21.5 8
4723920 41.5 32.5 21.5 8
4739101 42 28.5 21.5 8
4739148 42 29 21.5 8
4739195 42 29.5 21.5 8
4739242 42 30 21.5 8
4739289 42 30.5 21.5 8
4739336 42 31 21.5 8
4739383 42 31.5 21.5 8
4739430 42 32 21.5 8
4739477 42 32.5 21.5 8
4754658 42.5 28.5 21.5 8
4754705 42.5 29 21.5 8
4754752 42.5 29.5 21.5 8
4754799 42.5 30 21.5 8
4754846 42.5 30.5 21.5 8
4754893 42.5 31 21.5 8
4754940 42.5 31.5 21.5 8
4754987 42.5 32 21.5 8
4755034 42.5 32.5 21.5 8
4770215 43 28.5 21.5 8
4770262 43 29 21.5 8
4770309 43 29.5 21.5 8
4770356 43 30 21.5 8
4770403 43 30.5 21.5 8
4770450 43 31 21.5 8
4770497 43 31.5 21.5 8
4770544 43 32 21.5 8
4770591 43 32.5 21.5 8
4785772 43.5 28.5 21.5 8
4785819 43.5 29 21.5 8
4785866 43.5 29.5 21.5 8
4785913 43.5 30 21.5 8
4785960 43.5 30.5 21.5 8
4786007 43.5 31 21.5 8
4786054 43.5 31.5 21.5 8
4786101 43.5 32 21.5 8
4786148 43.5 32.5 21.5 8
4801329 44 28.5 21.5 8
4801376 44 29 21.5 8
4801423 44 29.5 21.5 8
4801470 44 30 21.5 8
4801517 44 30.5 21.5 8
4801564 44 31 21.5 8
4801611 44 31.5 21.5 8
4801658 44 32 21.5 8
4801705 44 32.5 21.5 8
4816886 44.5 28.5 21.5 8
4816933 44.5 29 21.5 8
4816980 44.5 29.5 21.5 8
4817027 44.5 30 21.5 8
4817074 44.5 30.5 21.5 8
4817121 44.5 31 21.5 8
4817168 44.5 31.5 21.5 8
4817215 44.5 32 21.5 8
4817262 44.5 32.5 21.5 8
4832443 45 28.5 21.5 8
4832490 45 29 21.5 8
4832537 45 29.5 21.5 8
4832584 45 30 21.5 8
4832631 45 30.5 21.5 8
4832678 45 31 21.5 8
4832725 45 31.5 21.5 8
4832772 45 32 21.5 8
4832819 45 32.5 21.5 8
4848000 45.5 28.5 21.5 8
4848047 45.5 29 21.5 8
4848094 45.5 29.5 21.5 8
4848141 45.5 30 21.5 8
4848188 45.5 30.5 21.5 8
4848235 45.5 31 21.5 8
4848282 45.5 31.5 21.5 8
4848329 45.5 32 21.5 8
4848376 45.5 32.5 21.5 8
4863557 46 28.5 21.5 8
4863604 46 29 21.5 8
4863651 46 29.5 21.5 8
4863698 46 30 21.5 8
4863745 46 30.5 21.5 8
4863792 46 31 21.5 8
4863839 46 31.5 21.5 8
4863886 46 32 21.5 8
4863933 46 32.5 21.5 8
4879114 46.5 28.5 21.5 8
4879161 46.5 29 21.5 8
4879208 46.5 29.5 21.5 8
4879255 46.5 30 21.5 8
4879302 46.5 30.5 21.5 8
4879349 46.5 31 21.5 8
4879396 46.5 31.5 21.5 8
4879443 46.5 32 21.5 8
4879490 46.5 32.5 21.5 8
4894671 47 28.5 21.5 8
4894718 47 29 21.5 8
4894765 47 29.5 21.5 8
4894812 47 30 21.5 8
4894859 47 30.5 21.5 8
4894906 47 31 21.5 8
4894953 47 31.5 21.5 8
4895000 47 32 21.5 8
4895047 47 32.5 21.5 8
4910228 47.5 28.5 21.5 8
4910275 47.5 29 21.5 8
4910322 47.5 29.5 21.5 8
4910369 47.5 30 21.5 8
4910416 47.5 30.5 21.5 8
4910463 47.5 31 21.5 8
4910510 47.5 31.5 21.5 8
4910557 47.5 32 21.5 8
4910604 47.5 32.5 21.5 8
4925785 48 28.5 21.5 8
4925832 48 29 21.5 8
4925879 48 29.5 21.5 8
4925926 48 30 21.5 8
4925973 48 30.5 21.5 8
4926020 48 31 21.5 8
4926067 48 31.5 21.5 8
4926114 48 32 21.5 8
4926161 48 32.5 21.5 8
4941342 48.5 28.5 21.5 8
4941389 48.5 29 21.5 8
4941436 48.5 29.5 21.5 8
4941483 48.5 30 21.5 8
4941530 48.5 30.5 21.5 8
4941577 48.5 31 21.5 8
4941624 48.5 31.5 21.5 8
4941671 48.5 32 21.5 8
4941718 48.5 32.5 21.5 8
4956899 49 28.5 21.5 8
4956946 49 29 21.5 8
4956993 49 29.5 21.5 8
4957040 49 30 21.5 8
4957087 49 30.5 21.5 8
4957134 49 31 21.5 8
4957181 49 31.5 21.5 8
4957228 49 32 21.5 8
4957275 49 32.5 21.5 8
4972456 49.5 28.5 21.5 8
4972503 49.5 29 21.5 8
4972550 49.5 29.5 21.5 8
4972597 49.5 30 21.5 8
4972644 49.5 30.5 21.5 8
4972691 49.5 31 21.5 8
4972738 49.5 31.5 21.5 8
4972785 49.5 32 21.5 8
4972832 49.5 32.5 21.5 8
4988013 50 28.5 21.5 8
4988060 50 29 21.5 8
4988107 50 29.5 21.5 8
4988154 50 30 21.5 8
4988201 50 30.5 21.5 8
4988248 50 31 21.5 8
4988295 50 31.5 21.5 8
4988342 50 32 21.5 8
4988389 50 32.5 21.5 8
5003570 50.5 28.5 21.5 8
5003617 50.5 29 21.5 8
5003664 50.5 29.5 21.5 8
5003711 50.5 30 21.5 8
5003758 50.5 30.5 21.5 8
5003805 50.5 31 21.5 8
5003852 50.5 31.5 21.5 8
5003899 50.5 32 21.5 8
5003946 50.5 32.5 21.5 8
5019127 51 28.5 21.5 8
5019174 51 29 21.5 8
5019221 51 29.5 21.5 8
5019268 51 30 21.5 8
5019315 51 30.5 21.5 8
5019362 51 31 21.5 8
5019409 51 31.5 21.5 8
5019456 51 32 21.5 8
5019503 51 32.5 21.5 8
5034684 51.5 28.5 21.5 8
5034731 51.5 29 21.5 8
5034778 51.5 29.5 21.5 8
5034825 51.5 30 21.5 8
5034872 51.5 30.5 21.5 8
5034919 51.5 31 21.5 8
5034966 51.5 31.5 21.5 8
5035013 51.5 32 21.5 8
5035060 51.5 32.5 21.5 8
5050241 52 28.5 21.5 8
5050288 52 29 21.5 8
5050335 52 29.5 21.5 8
5050382 52 30 21.5 8
5050429 52 30.5 21.5 8
5050476 52 31 21.5 8
5050523 52 31.5 21.5 8
5050570 52 32 21.5 8
5050617 52 32.5 21.5 8
5065798 52.5 28.5 21.5 8
5065845 52.5 29 21.5 8
5065892 52.5 29.5 21.5 8
5065939 52.5 30 21.5 8
5065986 52.5 30.5 21.5 8
5066033 52.5 31 21.5 8
5066080 52.5 31.5 21.5 8
5066127 52.5 32 21.5 8
5066174 52.5 32.5 21.5 8
5081355 53 28.5 21.5 8
5081402 53 29 21.5 8
5081449 53 29.5 21.5 8
5081496 53 30 21.5 8
5081543 53 30.5 21.5 8
5081590 53 31 21.5 8
5081637 53 31.5 21.5 8
5081684 53 32 21.5 8
5081731 53 32.5 21.5 8
5096912 53.5 28.5 21.5 8
5096959 53.5 29 21.5 8
5097006 53.5 29.5 21.5 8
5097053 53.5 30 21.5 8
5097100 53.5 30.5 21.5 8
5097147 53.5 31 21.5 8
5097194 53.5 31.5 21.5 8
5097241 53.5 32 21.5 8
5097288 53.5 32.5 21.5 8
5112469 54 28.5 21.5 8
5112516 54 29 21.5 8
5112563 54 29.5 21.5 8
5112610 54 30 21.5 8
5112657 54 30.5 21.5 8
5112704 54 31 21.5 8
5112751 54 31.5 21.5 8
5112798 54 32 21.5 8
5112845 54 32.5 21.5 8
5128026 54.5 28.5 21.5 8
5128073 54.5 29 21.5 8
5128120 54.5 29.5 21.5 8
5128167 54.5 30 21.5 8
5128214 54.5 30.5 21.5 8
5128261 54.5 31 21.5 8
5128308 54.5 31.5 21.5 8
5128355 54.5 32 21.5 8
5128402 54.5 32.5 21.5 8
5143583 55 28.5 21.5 8
5143630 55 29 21.5 8
5143677 55 29.5 21.5 8
5143724 55 30 21.5 8
5143771 55 30.5 21.5 8
5143818 55 31 21.5 8
5143865 55 31.5 21.5 8
5143912 55 32 21.5 8
5143959 55 32.5 21.5 8
5159140 55.5 28.5 21.5 8
5159187 55.5 29 21.5 8
5159234 55.5 29.5 21.5 8
5159281 55.5 30 21.5 8
5159328 55.5 30.5 21.5 8
5159375 55.5 31 21.5 8
5159422 55.5 31.5 21.5 8
5159469 55.5 32 21.5 8
5159516 55.5 32.5 21.5 8
5174697 56 28.5 21.5 8
5174744 56 29 21.5 8
5174791 56 29.5 21.5 8
5174838 56 30 21.5 8
5174885 56 30.5 21.5 8
5174932 56 31 21.5 8
5174979 56 31.5 21.5 8
5175026 56 32 21.5 8
5175073 56 32.5 21.5 8
5190254 56.5 28.5 21.5 8
5190301 56.5 29 21.5 8
5190348 56.5 29.5 21.5 8
5190395 56.5 30 21.5 8
5190442 56.5 30.5 21.5 8
5190489 56.5 31 21.5 8
5190536 56.5 31.5 21.5 8
5190583 56.5 32 21.5 8
5190630 56.5 32.5 21.5 8
5205811 57 28.5 21.5 8
5205858 57 29 21.5 8
5205905 57 29.5 21.5 8
5205952 57 30 21.5 8
5205999 57 30.5 21.5 8
5206046 57 31 21.5 8
5206093 57 31.5 21.5 8
5206140 57 32 21.5 8
5206187 57 32.5 21.5 8
5221368 57.5 28.5 21.5 8
5221415 57.5 29 21.5 8
5221462 57.5 29.5 21.5 8
5221509 57.5 30 21.5 8
5221556 57.5 30.5 21.5 8
5221603 57.5 31 21.5 8
5221650 57.5 31.5 21.5 8
5221697 57.5 32 21.5 8
5221744 57.5 32.5 21.5 8
5236925 58 28.5 21.5 8
5236972 58 29 21.5 8
5237019 58 29.5 21.5 8
5237066 58 30 21.5 8
5237113 58 30.5 21.5 8
5237160 58 31 21.5 8
5237207 58 31.5 21.5 8
5237254 58 32 21.5 8
5237301 58 32.5 21.5 8
5252482 58.5 28.5 21.5 8
5252529 58.5 29 21.5 8
5252576 58.5 29.5 21.5 8
5252623 58.5 30 21.5 8
5252670 58.5 30.5 21.5 8
5252717 58.5 31 21.5 8
5252764 58.5 31.5 21.5 8
5252811 58.5 32 21.5 8
5252858 58.5 32.5 21.5 8
5268039 59 28.5 21.5 8
5268086 59 29 21.5 8
5268133 59 29.5 21.5 8
5268180 59 30 21.5 8
5268227 59 30.5 21.5 8
5268274 59 31 21.5 8
5268321 59 31.5 21.5 8
5268368 59 32 21.5 8
5268415 59 32.5 21.5 8
5283596 59.5 28.5 21.5 8
5283643 59.5 29 21.5 8
5283690 59.5 29.5 21.5 8
5283737 59.5 30 21.5 8
5283784 59.5 30.5 21.5 8
5283831 59.5 31 21.5 8
5283878 59.5 31.5 21.5 8
5283925 59.5 32 21.5 8
5283972 59.5 32.5 21.5 8
5299153 60 28.5 21.5 8
5299200 60 29 21.5 8
5299247 60 29.5 21.5 8
5299294 60 30 21.5 8
5299341 60 30.5 21.5 8
5299388 60 31 21.5 8
5299435 60 31.5 21.5 8
5299482 60 32 21.5 8
5299529 60 32.5 21.5 8
5314710 60.5 28.5 21.5 8
5314757 60.5 29 21.5 8
5314804 60.5 29.5 21.5 8
5314851 60.5 30 21.5 8
5314898 60.5 30.5 21.5 8
5314945 60.5 31 21.5 8
5314992 60.5 31.5 21.5 8
5315039 60.5 32 21.5 8
5315086 60.5 32.5 21.5 8
5330267 61 28.5 21.5 8
5330314 61 29 21.5 8
5330361 61 29.5 21.5 8
5330408 61 30 21.5 8
5330455 61 30.5 21.5 8
5330502 61 31 21.5 8
5330549 61 31.5 21.5 8
5330596 61 32 21.5 8
5330643 61 32.5 21.5 8
5345824 61.5 28.5 21.5 8
5345871 61.5 29 21.5 8
5345918 61.5 29.5 21.5 8
5345965 61.5 30 21.5 8
5346012 61.5 30.5 21.5 8
5346059 61.5 31 21.5 8
5346106 61.5 31.5 21.5 8
5346153 61.5 32 21.5 8
5346200 61.5 32.5 21.5 8
5361381 62 28.5 21.5 8
5361428 62 29 21.5 8
5361475 62 29.5 21.5 8
5361522 62 30 21.5 8
5361569 62 30.5 21.5 8
5361616 62 31 21.5 8
5361663 62 31.5 21.5 8
5361710 62 32 21.5 8
5361757 62 32.5 21.5 8
5376938 62.5 28.5 21.5 8
5376985 62.5 29 21.5 8
5377032 62.5 29.5 21.5 8
5377079 62.5 30 21.5 8
5377126 62.5 30.5 21.5 8
5377173 62.5 31 21.5 8
5377220 62.5 31.5 21.5 8
5377267 62.5 32 21.5 8
5377314 62.5 32.5 21.5 8
5392495 63 28.5 21.5 8
5392542 63 29 21.5 8
5392589 63 29.5 21.5 8
5392636 63 30 21.5 8
5392683 63 30.5 21.5 8
5392730 63 31 21.5 8
5392777 63 31.5 21.5 8
5392824 63 32 21.5 8
5392871 63 32.5 21.5 8
5408052 63.5 28.5 21.5 8
5408099 63.5 29 21.5 8
5408146 63.5 29.5 21.5 8
5408193 63.5 30 21.5 8
5408240 63.5 30.5 21.5 8
5408287 63.5 31 21.5 8
5408334 63.5 31.5 21.5 8
5408381 63.5 32 21.5 8
5408428 63.5 32.5 21.5 8
5423609 64 28.5 21.5 8
5423656 64 29 21.5 8
5423703 64 29.5 21.5 8
5423750 64 30 21.5 8
5423797 64 30.5 21.5 8
5423844 64 31 21.5 8
5423891 64 31.5 21.5 8
5423938 64 32 21.5 8
5423985 64 32.5 21.5 8
5439166 64.5 28.5 21.5 8
5439213 64.5 29 21.5 8
5439260 64.5 29.5 21.5 8
5439307 64.5 30 21.5 8
5439354 64.5 30.5 21.5 8
5439401 64.5 31 21.5 8
5439448 64.5 31.5 21.5 8
5439495 64.5 32 21.5 8
5439542 64.5 32.5 21.5 8
5454723 65 28.5 21.5 8
5454770 65 29 21.5 8
5454817 65 29.5 21.5 8
5454864 65 30 21.5 8
5454911 65 30.5 21.5 8
5454958 65 31 21.5 8
5455005 65 31.5 21.5 8
5455052 65 32 21.5 8
5455099 65 32.5 21.5 8
5470280 65.5 28.5 21.5 8
5470327 65.5 29 21.5 8
5470374 65.5 29.5 21.5 8
5470421 65.5 30 21.5 8
5470468 65.5 30.5 21.5 8
5470515 65.5 31 21.5 8
5470562 65.5 31.5 21.5 8
5470609 65.5 32 21.5 8
5470656 65.5 32.5 21.5 8
5485837 66 28.5 21.5 8
5485884 66 29 21.5 8
5485931 66 29.5 21.5 8
5485978 66 30 21.5 8
5486025 66 30.5 21.5 8
5486072 66 31 21.5 8
5486119 66 31.5 21.5 8
5486166 66 32 21.5 8
5486213 66 32.5 21.5 8
5501394 66.5 28.5 21.5 8
5501441 66.5 29 21.5 8
5501488 66.5 29.5 21.5 8
5501535 66.5 30 21.5 8
5501582 66.5 30.5 21.5 8
5501629 66.5 31 21.5 8
5501676 66.5 31.5 21.5 8
5501723 66.5 32 21.5 8
5501770 66.5 32.5 21.5 8
5516951 67 28.5 21.5 8
5516998 67 29 21.5 8
5517045 67 29.5 21.5 8
5517092 67 30 21.5 8
5517139 67 30.5 21.5 8
5517186 67 31 21.5 8
5517233 67 31.5 21.5 8
5517280 67 32 21.5 8
5517327 67 32.5 21.5 8
5532508 67.5 28.5 21.5 8
5532555 67.5 29 21.5 8
5532602 67.5 29.5 21.5 8
5532649 67.5 30 21.5 8
5532696 67.5 30.5 21.5 8
5532743 67.5 31 21.5 8
5532790 67.5 31.5 21.5 8
5532837 67.5 32 21.5 8
5532884 67.5 32.5 21.5 8
5548065 68 28.5 21.5 8
5548112 68 29 21.5 8
5548159 68 29.5 21.5 8
5548206 68 30 21.5 8
5548253 68 30.5 21.5 8
5548300 68 31 21.5 8
5548347 68 31.5 21.5 8
5548394 68 32 21.5 8
5548441 68 32.5 21.5 8
5563622 68.5 28.5 21.5 8
5563669 68.5 29 21.5 8
5563716 68.5 29.5 21.5 8
5563763 68.5 30 21.5 8
5563810 68.5 30.5 21.5 8
5563857 68.5 31 21.5 8
5563904 68.5 31.5 21.5 8
5563951 68.5 32 21.5 8
5563998 68.5 32.5 21.5 8
5579179 69 28.5 21.5 8
5579226 69 29 21.5 8
5579273 69 29.5 21.5 8
5579320 69 30 21.5 8
5579367 69 30.5 21.5 8
5579414 69 31 21.5 8
5579461 69 31.5 21.5 8
5579508 69 32 21.5 8
5579555 69 32.5 21.5 8
5594736 69.5 28.5 21.5 8
5594783 69.5 29 21.5 8
5594830 69.5 29.5 21.5 8
5594877 69.5 30 21.5 8
5594924 69.5 30.5 21.5 8
5594971 69.5 31 21.5 8
5595018 69.5 31.5 21.5 8
5595065 69.5 32 21.5 8
5595112 69.5 32.5 21.5 8
5610293 70 28.5 21.5 8
5610340 70 29 21.5 8
5610387 70 29.5 21.5 8
5610434 70 30 21.5 8
5610481 70 30.5 21.5 8
5610528 70 31 21.5 8
5610575 70 31.5 21.5 8
5610622 70 32 21.5 8
5610669 70 32.5 21.5 8
5625850 70.5 28.5 21.5 8
5625897 70.5 29 21.5 8
5625944 70.5 29.5 21.5 8
5625991 70.5 30 21.5 8
5626038 70.5 30.5 21.5 8
5626085 70.5 31 21.5 8
5626132 70.5 31.5 21.5 8
5626179 70.5 32 21.5 8
5626226 70.5 32.5 21.5 8
5641407 71 28.5 21.5 8
5641454 71 29 21.5 8
5641501 71 29.5 21.5 8
5641548 71 30 21.5 8
5641595 71 30.5 21.5 8
5641642 71 31 21.5 8
5641689 71 31.5 21.5 8
5641736 71 32 21.5 8
5641783 71 32.5 21.5 8
5656964 71.5 28.5 21.5 8
5657011 71.5 29 21.5 8
5657058 71.5 29.5 21.5 8
5657105 71.5 30 21.5 8
5657152 71.5 30.5 21.5 8
5657199 71.5 31 21.5 8
5657246 71.5 31.5 21.5 8
5657293 71.5 32 21.5 8
5657340 71.5 32.5 21.5 8
5672521 72 28.5 21.5 8
5672568 72 29 21.5 8
5672615 72 29.5 21.5 8
5672662 72 30 21.5 8
5672709 72 30.5 21.5 8
5672756 72 31 21.5 8
5672803 72 31.5 21.5 8
5672850 72 32 21.5 8
5672897 72 32.5 21.5 8
5688078 72.5 28.5 21.5 8
5688125 72.5 29 21.5 8
5688172 72.5 29.5 21.5 8
5688219 72.5 30 21.5 8
5688266 72.5 30.5 21.5 8
5688313 72.5 31 21.5 8
5688360 72.5 31.5 21.5 8
5688407 72.5 32 21.5 8
5688454 72.5 32.5 21.5 8
5703635 73 28.5 21.5 8
5703682 73 29 21.5 8
5703729 73 29.5 21.5 8
5703776 73 30 21.5 8
5703823 73 30.5 21.5 8
5703870 73 31 21.5 8
5703917 73 31.5 21.5 8
5703964 73 32 21.5 8
5704011 73 32.5 21.5 8
5719192 73.5 28.5 21.5 8
5719239 73.5 29 21.5 8
5719286 73.5 29.5 21.5 8
5719333 73.5 30 21.5 8
5719380 73.5 30.5 21.5 8
5719427 73.5 31 21.5 8
5719474 73.5 31.5 21.5 8
5719521 73.5 32 21.5 8
5719568 73.5 32.5 21.5 8
5734749 74 28.5 21.5 8
5734796 74 29 21.5 8
5734843 74 29.5 21.5 8
5734890 74 30 21.5 8
5734937 74 30.5 21.5 8
5734984 74 31 21.5 8
5735031 74 31.5 21.5 8
5735078 74 32 21.5 8
5735125 74 32.5 21.5 8
5750306 74.5 28.5 21.5 8
5750353 74.5 29 21.5 8
5750400 74.5 29.5 21.5 8
5750447 74.5 30 21.5 8
5750494 74.5 30.5 21.5 8
5750541 74.5 31 21.5 8
5750588 74.5 31.5 21.5 8
5750635 74.5 32 21.5 8
5750682 74.5 32.5 21.5 8
5765863 75 28.5 21.5 8
5765910 75 29 21.5 8
5765957 75 29.5 21.5 8
5766004 75 30 21.5 8
5766051 75 30.5 21.5 8
5766098 75 31 21.5 8
5766145 75 31.5 21.5 8
5766192 75 32 21.5 8
5766239 75 32.5 21.5 8
5781420 75.5 28.5 21.5 8
5781467 75.5 29 21.5 8
5781514 75.5 29.5 21.5 8
5781561 75.5 30 21.5 8
5781608 75.5 30.5 21.5 8
5781655 75.5 31 21.5 8
5781702 75.5 31.5 21.5 8
5781749 75.5 32 21.5 8
5781796 75.5 32.5 21.5 8
5796977 76 28.5 21.5 8
5797024 76 29 21.5 8
5797071 76 29.5 21.5 8
5797118 76 30 21.5 8
5797165 76 30.5 21.5 8
5797212 76 31 21.5 8
5797259 76 31.5 21.5 8
5797306 76 32 21.5 8
5797353 76 32.5 21.5 8
5812534 76.5 28.5 21.5 8
5812581 76.5 29 21.5 8
5812628 76.5 29.5 21.5 8
5812675 76.5 30 21.5 8
5812722 76.5 30.5 21.5 8
5812769 76.5 31 21.5 8
5812816 76.5 31.5 21.5 8
5812863 76.5 32 21.5 8
5812910 76.5 32.5 21.5 8
5828091 77 28.5 21.5 8
5828138 77 29 21.5 8
5828185 77 29.5 21.5 8
5828232 77 30 21.5 8
5828279 77 30.5 21.5 8
5828326 77 31 21.5 8
5828373 77 31.5 21.5 8
5828420 77 32 21.5 8
5828467 77 32.5 21.5 8
5843648 77.5 28.5 21.5 8
5843695 77.5 29 21.5 8
5843742 77.5 29.5 21.5 8
5843789 77.5 30 21.5 8
5843836 77.5 30.5 21.5 8
5843883 77.5 31 21.5 8
5843930 77.5 31.5 21.5 8
5843977 77.5 32 21.5 8
5844024 77.5 32.5 21.5 8
5859205 78 28.5 21.5 8
5859252 78 29 21.5 8
5859299 78 29.5 21.5 8
5859346 78 30 21.5 8
5859393 78 30.5 21.5 8
5859440 78 31 21.5 8
5859487 78 31.5 21.5 8
5859534 78 32 21.5 8
5859581 78 32.5 21.5 8
5874762 78.5 28.5 21.5 8
5874809 78.5 29 21.5 8
5874856 78.5 29.5 21.5 8
5874903 78.5 30 21.5 8
5874950 78.5 30.5 21.5 8
5874997 78.5 31 21.5 8
5875044 78.5 31.5 21.5 8
5875091 78.5 32 21.5 8
5875138 78.5 32.5 21.5 8
5890319 79 28.5 21.5 8
5890366 79 29 21.5 8
5890413 79 29.5 21.5 8
5890460 79 30 21.5 8
5890507 79 30.5 21.5 8
5890554 79 31 21.5 8
5890601 79 31.5 21.5 8
5890648 79 32 21.5 8
5890695 79 32.5 21.5 8
5905876 79.5 28.5 21.5 8
5905923 79.5 29 21.5 8
5905970 79.5 29.5 21.5 8
5906017 79.5 30 21.5 8
5906064 79.5 30.5 21.5 8
5906111 79.5 31 21.5 8
5906158 79.5 31.5 21.5 8
5906205 79.5 32 21.5 8
5906252 79.5 32.5 21.5 8
5921433 80 28.5 21.5 8
5921480 80 29 21.5 8
5921527 80 29.5 21.5 8
5921574 80 30 21.5 8
5921621 80 30.5 21.5 8
5921668 80 31 21.5 8
5921715 80 31.5 21.5 8
5921762 80 32 21.5 8
5921809 80 32.5 21.5 8
5936990 80.5 28.5 21.5 8
5937037 80.5 29 21.5 8
5937084 80.5 29.5 21.5 8
5937131 80.5 30 21.5 8
5937178 80.5 30.5 21.5 8
5937225 80.5 31 21.5 8
5937272 80.5 31.5 21.5 8
5937319 80.5 32 21.5 8
5937366 80.5 32.5 21.5 8
5952547 81 28.5 21.5 8
5952594 81 29 21.5 8
5952641 81 29.5 21.5 8
5952688 81 30 21.5 8
5952735 81 30.5 21.5 8
5952782 81 31 21.5 8
5952829 81 31.5 21.5 8
5952876 81 32 21.5 8
5952923 81 32.5 21.5 8
5968104 81.5 28.5 21.5 8
5968151 81.5 29 21.5 8
5968198 81.5 29.5 21.5 8
5968245 81.5 30 21.5 8
5968292 81.5 30.5 21.5 8
5968339 81.5 31 21.5 8
5968386 81.5 31.5 21.5 8
5968433 81.5 32 21.5 8
5968480 81.5 32.5 21.5 8
5983661 82 28.5 21.5 8
5983708 82 29 21.5 8
5983755 82 29.5 21.5 8
5983802 82 30 21.5 8
5983849 82 30.5 21.5 8
5983896 82 31 21.5 8
5983943 82 31.5 21.5 8
5983990 82 32 21.5 8
5984037 82 32.5 21.5 8
5999218 82.5 28.5 21.5 8
5999265 82.5 29 21.5 8
5999312 82.5 29.5 21.5 8
5999359 82.5 30 21.5 8
5999406 82.5 30.5 21.5 8
5999453 82.5 31 21.5 8
5999500 82.5 31.5 21.5 8
5999547 82.5 32 21.5 8
5999594 82.5 32.5 21.5 8
6014775 83 28.5 21.5 8
6014822 83 29 21.5 8
6014869 83 29.5 21.5 8
6014916 83 30 21.5 8
6014963 83 30.5 21.5 8
6015010 83 31 21.5 8
6015057 83 31.5 21.5 8
6015104 83 32 21.5 8
6015151 83 32.5 21.5 8
6030332 83.5 28.5 21.5 8
6030379 83.5 29 21.5 8
6030426 83.5 29.5 21.5 8
6030473 83.5 30 21.5 8
6030520 83.5 30.5 21.5 8
6030567 83.5 31 21.5 8
6030614 83.5 31.5 21.5 8
6030661 83.5 32 21.5 8
6030708 83.5 32.5 21.5 8
6045889 84 28.5 21.5 8
6045936 84 29 21.5 8
6045983 84 29.5 21.5 8
6046030 84 30 21.5 8
6046077 84 30.5 21.5 8
6046124 84 31 21.5 8
6046171 84 31.5 21.5 8
6046218 84 32 21.5 8
6046265 84 32.5 21.5 8
6061446 84.5 28.5 21.5 8
6061493 84.5 29 21.5 8
6061540 84.5 29.5 21.5 8
6061587 84.5 30 21.5 8
6061634 84.5 30.5 21.5 8
6061681 84.5 31 21.5 8
6061728 84.5 31.5 21.5 8
6061775 84.5 32 21.5 8
6061822 84.5 32.5 21.5 8
6077003 85 28.5 21.5 8
6077050 85 29 21.5 8
6077097 85 29.5 21.5 8
6077144 85 30 21.5 8
6077191 85 30.5 21.5 8
6077238 85 31 21.5 8
6077285 85 31.5 21.5 8
6077332 85 32 21.5 8
6077379 85 32.5 21.5 8
6092560 85.5 28.5 21.5 8
6092607 85.5 29 21.5 8
6092654 85.5 29.5 21.5 8
6092701 85.5 30 21.5 8
6092748 85.5 30.5 21.5 8
6092795 85.5 31 21.5 8
6092842 85.5 31.5 21.5 8
6092889 85.5 32 21.5 8
6092936 85.5 32.5 21.5 8
6108117 86 28.5 21.5 8
6108164 86 29 21.5 8
6108211 86 29.5 21.5 8
6108258 86 30 21.5 8
6108305 86 30.5 21.5 8
6108352 86 31 21.5 8
6108399 86 31.5 21.5 8
6108446 86 32 21.5 8
6108493 86 32.5 21.5 8
6123674 86.5 28.5 21.5 8
6123721 86.5 29 21.5 8
6123768 86.5 29.5 21.5 8
6123815 86.5 30 21.5 8
6123862 86.5 30.5 21.5 8
6123909 86.5 31 21.5 8
6123956 86.5 31.5 21.5 8
6124003 86.5 32 21.5 8
6124050 86.5 32.5 21.5 8
6139231 87 28.5 21.5 8
6139278 87 29 21.5 8
6139325 87 29.5 21.5 8
6139372 87 30 21.5 8
6139419 87 30.5 21.5 8
6139466 87 31 21.5 8
6139513 87 31.5 21.5 8
6139560 87 32 21.5 8
6139607 87 32.5 21.5 8
6154788 87.5 28.5 21.5 8
6154835 87.5 29 21.5 8
6154882 87.5 29.5 21.5 8
6154929 87.5 30 21.5 8
6154976 87.5 30.5 21.5 8
6155023 87.5 31 21.5 8
6155070 87.5 31.5 21.5 8
6155117 87.5 32 21.5 8
6155164 87.5 32.5 21.5 8
6170345 88 28.5 21.5 8
6170392 88 29 21.5 8
6170439 88 29.5 21.5 8
6170486 88 30 21.5 8
6170533 88 30.5 21.5 8
6170580 88 31 21.5 8
6170627 88 31.5 21.5 8
6170674 88 32 21.5 8
6170721 88 32.5 21.5 8
6185902 88.5 28.5 21.5 8
6185949 88.5 29 21.5 8
6185996 88.5 29.5 21.5 8
6186043 88.5 30 21.5 8
6186090 88.5 30.5 21.5 8
6186137 88.5 31 21.5 8
6186184 88.5 31.5 21.5 8
6186231 88.5 32 21.5 8
6186278 88.5 32.5 21.5 8
6201459 89 28.5 21.5 8
6201506 89 29 21.5 8
6201553 89 29.5 21.5 8
6201600 89 30 21.5 8
6201647 89 30.5 21.5 8
6201694 89 31 21.5 8
6201741 89 31.5 21.5 8
6201788 89 32 21.5 8
6201835 89 32.5 21.5 8
6217016 89.5 28.5 21.5 8
6217063 89.5 29 21.5 8
6217110 89.5 29.5 21.5 8
6217157 89.5 30 21.5 8
6217204 89.5 30.5 21.5 8
6217251 89.5 31 21.5 8
6217298 89.5 31.5 21.5 8
6217345 89.5 32 21.5 8
6217392 89.5 32.5 21.5 8
6232573 90 28.5 21.5 8
6232620 90 29 21.5 8
6232667 90 29.5 21.5 8
6232714 90 30 21.5 8
6232761 90 30.5 21.5 8
6232808 90 31 21.5 8
6232855 90 31.5 21.5 8
6232902 90 32 21.5 8
6232949 90 32.5 21.5 8
6248130 90.5 28.5 21.5 8
6248177 90.5 29 21.5 8
6248224 90.5 29.5 21.5 8
6248271 90.5 30 21.5 8
6248318 90.5 30.5 21.5 8
6248365 90.5 31 21.5 8
6248412 90.5 31.5 21.5 8
6248459 90.5 32 21.5 8
6248506 90.5 32.5 21.5 8
6263687 91 28.5 21.5 8
6263734 91 29 21.5 8
6263781 91 29.5 21.5 8
6263828 91 30 21.5 8
6263875 91 30.5 21.5 8
6263922 91 31 21.5 8
6263969 91 31.5 21.5 8
6264016 91 32 21.5 8
6264063 91 32.5 21.5 8
6279244 91.5 28.5 21.5 8
6279291 91.5 29 21.5 8
6279338 91.5 29.5 21.5 8
6279385 91.5 30 21.5 8
6279432 91.5 30.5 21.5 8
6279479 91.5 31 21.5 8
6279526 91.5 31.5 21.5 8
6279573 91.5 32 21.5 8
6279620 91.5 32.5 21.5 8
6294801 92 28.5 21.5 8
6294848 92 29 21.5 8
6294895 92 29.5 21.5 8
6294942 92 30 21.5 8
6294989 92 30.5 21.5 8
6295036 92 31 21.5 8
6295083 92 31.5 21.5 8
6295130 92 32 21.5 8
6295177 92 32.5 21.5 8
6310358 92.5 28.5 21.5 8
6310405 92.5 29 21.5 8
6310452 92.5 29.5 21.5 8
6310499 92.5 30 21.5 8
6310546 92.5 30.5 21.5 8
6310593 92.5 31 21.5 8
6310640 92.5 31.5 21.5 8
6310687 92.5 32 21.5 8
6310734 92.5 32.5 21.5 8
6325915 93 28.5 21.5 8
6325962 93 29 21.5 8
6326009 93 29.5 21.5 8
6326056 93 30 21.5 8
6326103 93 30.5 21.5 8
6326150 93 31 21.5 8
6326197 93 31.5 21.5 8
6326244 93 32 21.5 8
6326291 93 32.5 21.5 8
6341472 93.5 28.5 21.5 8
6341519 93.5 29 21.5 8
6341566 93.5 29.5 21.5 8
6341613 93.5 30 21.5 8
6341660 93.5 30.5 21.5 8
6341707 93.5 31 21.5 8
6341754 93.5 31.5 21.5 8
6341801 93.5 32 21.5 8
6341848 93.5 32.5 21.5 8
6357029 94 28.5 21.5 8
6357076 94 29 21.5 8
6357123 94 29.5 21.5 8
6357170 94 30 21.5 8
6357217 94 30.5 21.5 8
6357264 94 31 21.5 8
6357311 94 31.5 21.5 8
6357358 94 32 21.5 8
6357405 94 32.5 21.5 8
6372586 94.5 28.5 21.5 8
6372633 94.5 29 21.5 8
6372680 94.5 29.5 21.5 8
6372727 94.5 30 21.5 8
6372774 94.5 30.5 21.5 8
6372821 94.5 31 21.5 8
6372868 94.5 31.5 21.5 8
6372915 94.5 32 21.5 8
6372962 94.5 32.5 21.5 8
6388143 95 28.5 21.5 8
6388190 95 29 21.5 8
6388237 95 29.5 21.5 8
6388284 95 30 21.5 8
6388331 95 30.5 21.5 8
6388378 95 31 21.5 8
6388425 95 31.5 21.5 8
6388472 95 32 21.5 8
6388519 95 32.5 21.5 8
6403700 95.5 28.5 21.5 8
6403747 95.5 29 21.5 8
6403794 95.5 29.5 21.5 8
6403841 95.5 30 21.5 8
6403888 95.5 30.5 21.5 8
6403935 95.5 31 21.5 8
6403982 95.5 31.5 21.5 8
6404029 95.5 32 21.5 8
6404076 95.5 32.5 21.5 8
6419257 96 28.5 21.5 8
6419304 96 29 21.5 8
6419351 96 29.5 21.5 8
6419398 96 30 21.5 8
6419445 96 30.5 21.5 8
6419492 96 31 21.5 8
6419539 96 31.5 21.5 8
6419586 96 32 21.5 8
6419633 96 32.5 21.5 8
6434814 96.5 28.5 21.5 8
6434861 96.5 29 21.5 8
6434908 96.5 29.5 21.5 8
6434955 96.5 30 21.5 8
6435002 96.5 30.5 21.5 8
6435049 96.5 31 21.5 8
6435096 96.5 31.5 21.5 8
6435143 96.5 32 21.5 8
6435190 96.5 32.5 21.5 8
6450371 97 28.5 21.5 8
6450418 97 29 21.5 8
6450465 97 29.5 21.5 8
6450512 97 30 21.5 8
6450559 97 30.5 21.5 8
6450606 97 31 21.5 8
6450653 97 31.5 21.5 8
6450700 97 32 21.5 8
6450747 97 32.5 21.5 8
6465928 97.5 28.5 21.5 8
6465975 97.5 29 21.5 8
6466022 97.5 29.5 21.5 8
6466069 97.5 30 21.5 8
6466116 97.5 30.5 21.5 8
6466163 97.5 31 21.5 8
6466210 97.5 31.5 21.5 8
6466257 97.5 32 21.5 8
6466304 97.5 32.5 21.5 8
6481485 98 28.5 21.5 8
6481532 98 29 21.5 8
6481579 98 29.5 21.5 8
6481626 98 30 21.5 8
6481673 98 30.5 21.5 8
6481720 98 31 21.5 8
6481767 98 31.5 21.5 8
6481814 98 32 21.5 8
6481861 98 32.5 21.5 8
6497042 98.5 28.5 21.5 8
6497089 98.5 29 21.5 8
6497136 98.5 29.5 21.5 8
6497183 98.5 30 21.5 8
6497230 98.5 30.5 21.5 8
6497277 98.5 31 21.5 8
6497324 98.5 31.5 21.5 8
6497371 98.5 32 21.5 8
6497418 98.5 32.5 21.5 8
6512599 99 28.5 21.5 8
6512646 99 29 21.5 8
6512693 99 29.5 21.5 8
6512740 99 30 21.5 8
6512787 99 30.5 21.5 8
6512834 99 31 21.5 8
6512881 99 31.5 21.5 8
6512928 99 32 21.5 8
6512975 99 32.5 21.5 8
6528156 99.5 28.5 21.5 8
6528203 99.5 29 21.5 8
6528250 99.5 29.5 21.5 8
6528297 99.5 30 21.5 8
6528344 99.5 30.5 21.5 8
6528391 99.5 31 21.5 8
6528438 99.5 31.5 21.5 8
6528485 99.5 32 21.5 8
6528532 99.5 32.5 21.5 8
6543713 100 28.5 21.5 8
6543760 100 29 21.5 8
6543807 100 29.5 21.5 8
6543854 100 30 21.5 8
6543901 100 30.5 21.5 8
6543948 100 31 21.5 8
6543995 100 31.5 21.5 8
6544042 100 32 21.5 8
6544089 100 32.5 21.5 8
6559270 100.5 28.5 21.5 8
6559317 100.5 29 21.5 8
6559364 100.5 29.5 21.5 8
6559411 100.5 30 21.5 8
6559458 100.5 30.5 21.5 8
6559505 100.5 31 21.5 8
6559552 100.5 31.5 21.5 8
6559599 100.5 32 21.5 8
6559646 100.5 32.5 21.5 8
6574827 101 28.5 21.5 8
6574874 101 29 21.5 8
6574921 101 29.5 21.5 8
6574968 101 30 21.5 8
6575015 101 30.5 21.5 8
6575062 101 31 21.5 8
6575109 101 31.5 21.5 8
6575156 101 32 21.5 8
6575203 101 32.5 21.5 8
6590384 101.5 28.5 21.5 8
6590431 101.5 29 21.5 8
6590478 101.5 29.5 21.5 8
6590525 101.5 30 21.5 8
6590572 101.5 30.5 21.5 8
6590619 101.5 31 21.5 8
6590666 101.5 31.5 21.5 8
6590713 101.5 32 21.5 8
6590760 101.5 32.5 21.5 8
6605941 102 28.5 21.5 8
6605988 102 29 21.5 8
6606035 102 29.5 21.5 8
6606082 102 30 21.5 8
6606129 102 30.5 21.5 8
6606176 102 31 21.5 8
6606223 102 31.5 21.5 8
6606270 102 32 21.5 8
6606317 102 32.5 21.5 8
6621498 102.5 28.5 21.5 8
6621545 102.5 29 21.5 8
6621592 102.5 29.5 21.5 8
6621639 102.5 30 21.5 8
6621686 102.5 30.5 21.5 8
6621733 102.5 31 21.5 8
6621780 102.5 31.5 21.5 8
6621827 102.5 32 21.5 8
6621874 102.5 32.5 21.5 8
6637055 103 28.5 21.5 8
6637102 103 29 21.5 8
6637149 103 29.5 21.5 8
6637196 103 30 21.5 8
6637243 103 30.5 21.5 8
6637290 103 31 21.5 8
6637337 103 31.5 21.5 8
6637384 103 32 21.5 8
6637431 103 32.5 21.5 8
6652612 103.5 28.5 21.5 8
6652659 103.5 29 21.5 8
6652706 103.5 29.5 21.5 8
6652753 103.5 30 21.5 8
6652800 103.5 30.5 21.5 8
6652847 103.5 31 21.5 8
6652894 103.5 31.5 21.5 8
6652941 103.5 32 21.5 8
6652988 103.5 32.5 21.5 8
6668169 104 28.5 21.5 8
6668216 104 29 21.5 8
6668263 104 29.5 21.5 8
6668310 104 30 21.5 8
6668357 104 30.5 21.5 8
6668404 104 31 21.5 8
6668451 104 31.5 21.5 8
6668498 104 32 21.5 8
6668545 104 32.5 21.5 8
6683726 104.5 28.5 21.5 8
6683773 104.5 29 21.5 8
6683820 104.5 29.5 21.5 8
6683867 104.5 30 21.5 8
6683914 104.5 30.5 21.5 8
6683961 104.5 31 21.5 8
6684008 104.5 31.5 21.5 8
6684055 104.5 32 21.5 8
6684102 104.5 32.5 21.5 8
6699283 105 28.5 21.5 8
6699330 105 29 21.5 8
6699377 105 29.5 21.5 8
6699424 105 30 21.5 8
6699471 105 30.5 21.5 8
6699518 105 31 21.5 8
6699565 105 31.5 21.5 8
6699612 105 32 21.5 8
6699659 105 32.5 21.5 8
6714840 105.5 28.5 21.5 8
6714887 105.5 29 21.5 8
6714934 105.5 29.5 21.5 8
6714981 105.5 30 21.5 8
6715028 105.5 30.5 21.5 8
6715075 105.5 31 21.5 8
6715122 105.5 31.5 21.5 8
6715169 105.5 32 21.5 8
6715216 105.5 32.5 21.5 8
6730397 106 28.5 21.5 8
6730444 106 29 21.5 8
6730491 106 29.5 21.5 8
6730538 106 30 21.5 8
6730585 106 30.5 21.5 8
6730632 106 31 21.5 8
6730679 106 31.5 21.5 8
6730726 106 32 21.5 8
6730773 106 32.5 21.5 8
6745954 106.5 28.5 21.5 8
6746001 106.5 29 21.5 8
6746048 106.5 29.5 21.5 8
6746095 106.5 30 21.5 8
6746142 106.5 30.5 21.5 8
6746189 106.5 31 21.5 8
6746236 106.5 31.5 21.5 8
6746283 106.5 32 21.5 8
6746330 106.5 32.5 21.5 8
6761511 107 28.5 21.5 8
6761558 107 29 21.5 8
6761605 107 29.5 21.5 8
6761652 107 30 21.5 8
6761699 107 30.5 21.5 8
6761746 107 31 21.5 8
6761793 107 31.5 21.5 8
6761840 107 32 21.5 8
6761887 107 32.5 21.5 8
6777068 107.5 28.5 21.5 8
6777115 107.5 29 21.5 8
6777162 107.5 29.5 21.5 8
6777209 107.5 30 21.5 8
6777256 107.5 30.5 21.5 8
6777303 107.5 31 21.5 8
6777350 107.5 31.5 21.5 8
6777397 107.5 32 21.5 8
6777444 107.5 32.5 21.5 8
6792625 108 28.5 21.5 8
6792672 108 29 21.5 8
6792719 108 29.5 21.5 8
6792766 108 30 21.5 8
6792813 108 30.5 21.5 8
6792860 108 31 21.5 8
6792907 108 31.5 21.5 8
6792954 108 32 21.5 8
6793001 108 32.5 21.5 8
6808182 108.5 28.5 21.5 8
6808229 108.5 29 21.5 8
6808276 108.5 29.5 21.5 8
6808323 108.5 30 21.5 8
6808370 108.5 30.5 21.5 8
6808417 108.5 31 21.5 8
6808464 108.5 31.5 21.5 8
6808511 108.5 32 21.5 8
6808558 108.5 32.5 21.5 8
6823739 109 28.5 21.5 8
6823786 109 29 21.5 8
6823833 109 29.5 21.5 8
6823880 109 30 21.5 8
6823927 109 30.5 21.5 8
6823974 109 31 21.5 8
6824021 109 31.5 21.5 8
6824068 109 32 21.5 8
6824115 109 32.5 21.5 8
6839296 109.5 28.5 21.5 8
6839343 109.5 29 21.5 8
6839390 109.5 29.5 21.5 8
6839437 109.5 30 21.5 8
6839484 109.5 30.5 21.5 8
6839531 109.5 31 21.5 8
6839578 109.5 31.5 21.5 8
6839625 109.5 32 21.5 8
6839672 109.5 32.5 21.5 8
6854853 110 28.5 21.5 8
6854900 110 29 21.5 8
6854947 110 29.5 21.5 8
6854994 110 30 21.5 8
6855041 110 30.5 21.5 8
6855088 110 31 21.5 8
6855135 110 31.5 21.5 8
6855182 110 32 21.5 8
6855229 110 32.5 21.5 8
6870410 110.5 28.5 21.5 8
6870457 110.5 29 21.5 8
6870504 110.5 29.5 21.5 8
6870551 110.5 30 21.5 8
6870598 110.5 30.5 21.5 8
6870645 110.5 31 21.5 8
6870692 110.5 31.5 21.5 8
6870739 110.5 32 21.5 8
6870786 110.5 32.5 21.5 8
6885967 111 28.5 21.5 8
6886014 111 29 21.5 8
6886061 111 29.5 21.5 8
6886108 111 30 21.5 8
6886155 111 30.5 21.5 8
6886202 111 31 21.5 8
6886249 111 31.5 21.5 8
6886296 111 32 21.5 8
6886343 111 32.5 21.5 8
6901524 111.5 28.5 21.5 8
6901571 111.5 29 21.5 8
6901618 111.5 29.5 21.5 8
6901665 111.5 30 21.5 8
6901712 111.5 30.5 21.5 8
6901759 111.5 31 21.5 8
6901806 111.5 31.5 21.5 8
6901853 111.5 32 21.5 8
6901900 111.5 32.5 21.5 8
6917081 112 28.5 21.5 8
6917128 112 29 21.5 8
6917175 112 29.5 21.5 8
6917222 112 30 21.5 8
6917269 112 30.5 21.5 8
6917316 112 31 21.5 8
6917363 112 31.5 21.5 8
6917410 112 32 21.5 8
6917457 112 32.5 21.5 8
6932638 112.5 28.5 21.5 8
6932685 112.5 29 21.5 8
6932732 112.5 29.5 21.5 8
6932779 112.5 30 21.5 8
6932826 112.5 30.5 21.5 8
6932873 112.5 31 21.5 8
6932920 112.5 31.5 21.5 8
6932967 112.5 32 21.5 8
6933014 112.5 32.5 21.5 8
6948195 113 28.5 21.5 8
6948242 113 29 21.5 8
6948289 113 29.5 21.5 8
6948336 113 30 21.5 8
6948383 113 30.5 21.5 8
6948430 113 31 21.5 8
6948477 113 31.5 21.5 8
6948524 113 32 21.5 8
6948571 113 32.5 21.5 8
6963752 113.5 28.5 21.5 8
6963799 113.5 29 21.5 8
6963846 113.5 29.5 21.5 8
6963893 113.5 30 21.5 8
6963940 113.5 30.5 21.5 8
6963987 113.5 31 21.5 8
6964034 113.5 31.5 21.5 8
6964081 113.5 32 21.5 8
6964128 113.5 32.5 21.5 8
6979309 114 28.5 21.5 8
6979356 114 29 21.5 8
6979403 114 29.5 21.5 8
6979450 114 30 21.5 8
6979497 114 30.5 21.5 8
6979544 114 31 21.5 8
6979591 114 31.5 21.5 8
6979638 114 32 21.5 8
6979685 114 32.5 21.5 8
6994866 114.5 28.5 21.5 8
6994913 114.5 29 21.5 8
6994960 114.5 29.5 21.5 8
6995007 114.5 30 21.5 8
6995054 114.5 30.5 21.5 8
6995101 114.5 31 21.5 8
6995148 114.5 31.5 21.5 8
6995195 114.5 32 21.5 8
6995242 114.5 32.5 21.5 8
7010423 115 28.5 21.5 8
7010470 115 29 21.5 8
7010517 115 29.5 21.5 8
7010564 115 30 21.5 8
7010611 115 30.5 21.5 8
7010658 115 31 21.5 8
7010705 115 31.5 21.5 8
7010752 115 32 21.5 8
7010799 115 32.5 21.5 8
7025980 115.5 28.5 21.5 8
7026027 115.5 29 21.5 8
7026074 115.5 29.5 21.5 8
7026121 115.5 30 21.5 8
7026168 115.5 30.5 21.5 8
7026215 115.5 31 21.5 8
7026262 115.5 31.5 21.5 8
7026309 115.5 32 21.5 8
7026356 115.5 32.5 21.5 8
7041537 116 28.5 21.5 8
7041584 116 29 21.5 8
7041631 116 29.5 21.5 8
7041678 116 30 21.5 8
7041725 116 30.5 21.5 8
7041772 116 31 21.5 8
7041819 116 31.5 21.5 8
7041866 116 32 21.5 8
7041913 116 32.5 21.5 8
7057094 116.5 28.5 21.5 8
7057141 116.5 29 21.5 8
7057188 116.5 29.5 21.5 8
7057235 116.5 30 21.5 8
7057282 116.5 30.5 21.5 8
7057329 116.5 31 21.5 8
7057376 116.5 31.5 21.5 8
7057423 116.5 32 21.5 8
7057470 116.5 32.5 21.5 8
7072651 117 28.5 21.5 8
7072698 117 29 21.5 8
7072745 117 29.5 21.5 8
7072792 117 30 21.5 8
7072839 117 30.5 21.5 8
7072886 117 31 21.5 8
7072933 117 31.5 21.5 8
7072980 117 32 21.5 8
7073027 117 32.5 21.5 8
7088208 117.5 28.5 21.5 8
7088255 117.5 29 21.5 8
7088302 117.5 29.5 21.5 8
7088349 117.5 30 21.5 8
7088396 117.5 30.5 21.5 8
7088443 117.5 31 21.5 8
7088490 117.5 31.5 21.5 8
7088537 117.5 32 21.5 8
7088584 117.5 32.5 21.5 8
7103765 118 28.5 21.5 8
7103812 118 29 21.5 8
7103859 118 29.5 21.5 8
7103906 118 30 21.5 8
7103953 118 30.5 21.5 8
7104000 118 31 21.5 8
7104047 118 31.5 21.5 8
7104094 118 32 21.5 8
7104141 118 32.5 21.5 8
7119322 118.5 28.5 21.5 8
7119369 118.5 29 21.5 8
7119416 118.5 29.5 21.5 8
7119463 118.5 30 21.5 8
7119510 118.5 30.5 21.5 8
7119557 118.5 31 21.5 8
7119604 118.5 31.5 21.5 8
7119651 118.5 32 21.5 8
7119698 118.5 32.5 21.5 8
7134879 119 28.5 21.5 8
7134926 119 29 21.5 8
7134973 119 29.5 21.5 8
7135020 119 30 21.5 8
7135067 119 30.5 21.5 8
7135114 119 31 21.5 8
7135161 119 31.5 21.5 8
7135208 119 32 21.5 8
7135255 119 32.5 21.5 8
7150436 119.5 28.5 21.5 8
7150483 119.5 29 21.5 8
7150530 119.5 29.5 21.5 8
7150577 119.5 30 21.5 8
7150624 119.5 30.5 21.5 8
7150671 119.5 31 21.5 8
7150718 119.5 31.5 21.5 8
7150765 119.5 32 21.5 8
7150812 119.5 32.5 21.5 8
7165993 120 28.5 21.5 8
7166040 120 29 21.5 8
7166087 120 29.5 21.5 8
7166134 120 30 21.5 8
7166181 120 30.5 21.5 8
7166228 120 31 21.5 8
7166275 120 31.5 21.5 8
7166322 120 32 21.5 8
7166369 120 32.5 21.5 8
7181550 120.5 28.5 21.5 8
7181597 120.5 29 21.5 8
7181644 120.5 29.5 21.5 8
7181691 120.5 30 21.5 8
7181738 120.5 30.5 21.5 8
7181785 120.5 31 21.5 8
7181832 120.5 31.5 21.5 8
7181879 120.5 32 21.5 8
7181926 120.5 32.5 21.5 8
7197107 121 28.5 21.5 8
7197154 121 29 21.5 8
7197201 121 29.5 21.5 8
7197248 121 30 21.5 8
7197295 121 30.5 21.5 8
7197342 121 31 21.5 8
7197389 121 31.5 21.5 8
7197436 121 32 21.5 8
7197483 121 32.5 21.5 8
7212664 121.5 28.5 21.5 8
7212711 121.5 29 21.5 8
7212758 121.5 29.5 21.5 8
7212805 121.5 30 21.5 8
7212852 121.5 30.5 21.5 8
7212899 121.5 31 21.5 8
7212946 121.5 31.5 21.5 8
7212993 121.5 32 21.5 8
7213040 121.5 32.5 21.5 8
7228221 122 28.5 21.5 8
7228268 122 29 21.5 8
7228315 122 29.5 21.5 8
7228362 122 30 21.5 8
7228409 122 30.5 21.5 8
7228456 122 31 21.5 8
7228503 122 31.5 21.5 8
7228550 122 32 21.5 8
7228597 122 32.5 21.5 8
7243778 122.5 28.5 21.5 8
7243825 122.5 29 21.5 8
7243872 122.5 29.5 21.5 8
7243919 122.5 30 21.5 8
7243966 122.5 30.5 21.5 8
7244013 122.5 31 21.5 8
7244060 122.5 31.5 21.5 8
7244107 122.5 32 21.5 8
7244154 122.5 32.5 21.5 8
7259335 123 28.5 21.5 8
7259382 123 29 21.5 8
7259429 123 29.5 21.5 8
7259476 123 30 21.5 8
7259523 123 30.5 21.5 8
7259570 123 31 21.5 8
7259617 123 31.5 21.5 8
7259664 123 32 21.5 8
7259711 123 32.5 21.5 8
7274892 123.5 28.5 21.5 8
7274939 123.5 29 21.5 8
7274986 123.5 29.5 21.5 8
7275033 123.5 30 21.5 8
7275080 123.5 30.5 21.5 8
7275127 123.5 31 21.5 8
7275174 123.5 31.5 21.5 8
7275221 123.5 32 21.5 8
7275268 123.5 32.5 21.5 8
7290449 124 28.5 21.5 8
7290496 124 29 21.5 8
7290543 124 29.5 21.5 8
7290590 124 30 21.5 8
7290637 124 30.5 21.5 8
7290684 124 31 21.5 8
7290731 124 31.5 21.5 8
7290778 124 32 21.5 8
7290825 124 32.5 21.5 8
7306006 124.5 28.5 21.5 8
7306053 124.5 29 21.5 8
7306100 124.5 29.5 21.5 8
7306147 124.5 30 21.5 8
7306194 124.5 30.5 21.5 8
7306241 124.5 31 21.5 8
7306288 124.5 31.5 21.5 8
7306335 124.5 32 21.5 8
7306382 124.5 32.5 21.5 8
7321563 125 28.5 21.5 8
7321610 125 29 21.5 8
7321657 125 29.5 21.5 8
7321704 125 30 21.5 8
7321751 125 30.5 21.5 8
7321798 125 31 21.5 8
7321845 125 31.5 21.5 8
7321892 125 32 21.5 8
7321939 125 32.5 21.5 8
7337120 125.5 28.5 21.5 8
7337167 125.5 29 21.5 8
7337214 125.5 29.5 21.5 8
7337261 125.5 30 21.5 8
7337308 125.5 30.5 21.5 8
7337355 125.5 31 21.5 8
7337402 125.5 31.5 21.5 8
7337449 125.5 32 21.5 8
7337496 125.5 32.5 21.5 8
7352677 126 28.5 21.5 8
7352724 126 29 21.5 8
7352771 126 29.5 21.5 8
7352818 126 30 21.5 8
7352865 126 30.5 21.5 8
7352912 126 31 21.5 8
7352959 126 31.5 21.5 8
7353006 126 32 21.5 8
7353053 126 32.5 21.5 8
7368234 126.5 28.5 21.5 8
7368281 126.5 29 21.5 8
7368328 126.5 29.5 21.5 8
7368375 126.5 30 21.5 8
7368422 126.5 30.5 21.5 8
7368469 126.5 31 21.5 8
7368516 126.5 31.5 21.5 8
7368563 126.5 32 21.5 8
7368610 126.5 32.5 21.5 8
7383791 127 28.5 21.5 8
7383838 127 29 21.5 8
7383885 127 29.5 21.5 8
7383932 127 30 21.5 8
7383979 127 30.5 21.5 8
7384026 127 31 21.5 8
7384073 127 31.5 21.5 8
7384120 127 32 21.5 8
7384167 127 32.5 21.5 8
7399348 127.5 28.5 21.5 8
7399395 127.5 29 21.5 8
7399442 127.5 29.5 21.5 8
7399489 127.5 30 21.5 8
7399536 127.5 30.5 21.5 8
7399583 127.5 31 21.5 8
7399630 127.5 31.5 21.5 8
7399677 127.5 32 21.5 8
7399724 127.5 32.5 21.5 8
7414905 128 28.5 21.5 8
7414952 128 29 21.5 8
7414999 128 29.5 21.5 8
7415046 128 30 21.5 8
7415093 128 30.5 21.5 8
7415140 128 31 21.5 8
7415187 128 31.5 21.5 8
7415234 128 32 21.5 8
7415281 128 32.5 21.5 8
7430462 128.5 28.5 21.5 8
7430509 128.5 29 21.5 8
7430556 128.5 29.5 21.5 8
7430603 128.5 30 21.5 8
7430650 128.5 30.5 21.5 8
7430697 128.5 31 21.5 8
7430744 128.5 31.5 21.5 8
7430791 128.5 32 21.5 8
7430838 128.5 32.5 21.5 8
7446019 129 28.5 21.5 8
7446066 129 29 21.5 8
7446113 129 29.5 21.5 8
7446160 129 30 21.5 8
7446207 129 30.5 21.5 8
7446254 129 31 21.5 8
7446301 129 31.5 21.5 8
7446348 129 32 21.5 8
7446395 129 32.5 21.5 8
7461576 129.5 28.5 21.5 8
7461623 129.5 29 21.5 8
7461670 129.5 29.5 21.5 8
7461717 129.5 30 21.5 8
7461764 129.5 30.5 21.5 8
7461811 129.5 31 21.5 8
7461858 129.5 31.5 21.5 8
7461905 129.5 32 21.5 8
7461952 129.5 32.5 21.5 8
7477133 130 28.5 21.5 8
7477180 130 29 21.5 8
7477227 130 29.5 21.5 8
7477274 130 30 21.5 8
7477321 130 30.5 21.5 8
7477368 130 31 21.5 8
7477415 130 31.5 21.5 8
7477462 130 32 21.5 8
7477509 130 32.5 21.5 8
7492690 130.5 28.5 21.5 8
7492737 130.5 29 21.5 8
7492784 130.5 29.5 21.5 8
7492831 130.5 30 21.5 8
7492878 130.5 30.5 21.5 8
7492925 130.5 31 21.5 8
7492972 130.5 31.5 21.5 8
7493019 130.5 32 21.5 8
7493066 130.5 32.5 21.5 8
7508247 131 28.5 21.5 8
7508294 131 29 21.5 8
7508341 131 29.5 21.5 8
7508388 131 30 21.5 8
7508435 131 30.5 21.5 8
7508482 131 31 21.5 8
7508529 131 31.5 21.5 8
7508576 131 32 21.5 8
7508623 131 32.5 21.5 8
7523804 131.5 28.5 21.5 8
7523851 131.5 29 21.5 8
7523898 131.5 29.5 21.5 8
7523945 131.5 30 21.5 8
7523992 131.5 30.5 21.5 8
7524039 131.5 31 21.5 8
7524086 131.5 31.5 21.5 8
7524133 131.5 32 21.5 8
7524180 131.5 32.5 21.5 8
7539361 132 28.5 21.5 8
7539408 132 29 21.5 8
7539455 132 29.5 21.5 8
7539502 132 30 21.5 8
7539549 132 30.5 21.5 8
7539596 132 31 21.5 8
7539643 132 31.5 21.5 8
7539690 132 32 21.5 8
7539737 132 32.5 21.5 8
7554918 132.5 28.5 21.5 8
7554965 132.5 29 21.5 8
7555012 132.5 29.5 21.5 8
7555059 132.5 30 21.5 8
7555106 132.5 30.5 21.5 8
7555153 132.5 31 21.5 8
7555200 132.5 31.5 21.5 8
7555247 132.5 32 21.5 8
7555294 132.5 32.5 21.5 8
7570475 133 28.5 21.5 8
7570522 133 29 21.5 8
7570569 133 29.5 21.5 8
7570616 133 30 21.5 8
7570663 133 30.5 21.5 8
7570710 133 31 21.5 8
7570757 133 31.5 21.5 8
7570804 133 32 21.5 8
7570851 133 32.5 21.5 8
7586032 133.5 28.5 21.5 8
7586079 133.5 29 21.5 8
7586126 133.5 29.5 21.5 8
7586173 133.5 30 21.5 8
7586220 133.5 30.5 21.5 8
7586267 133.5 31 21.5 8
7586314 133.5 31.5 21.5 8
7586361 133.5 32 21.5 8
7586408 133.5 32.5 21.5 8
7601589 134 28.5 21.5 8
7601636 134 29 21.5 8
7601683 134 29.5 21.5 8
7601730 134 30 21.5 8
7601777 134 30.5 21.5 8
7601824 134 31 21.5 8
7601871 134 31.5 21.5 8
7601918 134 32 21.5 8
7601965 134 32.5 21.5 8
7617146 134.5 28.5 21.5 8
7617193 134.5 29 21.5 8
7617240 134.5 29.5 21.5 8
7617287 134.5 30 21.5 8
7617334 134.5 30.5 21.5 8
7617381 134.5 31 21.5 8
7617428 134.5 31.5 21.5 8
7617475 134.5 32 21.5 8
7617522 134.5 32.5 21.5 8
7632703 135 28.5 21.5 8
7632750 135 29 21.5 8
7632797 135 29.5 21.5 8
7632844 135 30 21.5 8
7632891 135 30.5 21.5 8
7632938 135 31 21.5 8
7632985 135 31.5 21.5 8
7633032 135 32 21.5 8
7633079 135 32.5 21.5 8
7648260 135.5 28.5 21.5 8
7648307 135.5 29 21.5 8
7648354 135.5 29.5 21.5 8
7648401 135.5 30 21.5 8
7648448 135.5 30.5 21.5 8
7648495 135.5 31 21.5 8
7648542 135.5 31.5 21.5 8
7648589 135.5 32 21.5 8
7648636 135.5 32.5 21.5 8
7663817 136 28.5 21.5 8
7663864 136 29 21.5 8
7663911 136 29.5 21.5 8
7663958 136 30 21.5 8
7664005 136 30.5 21.5 8
7664052 136 31 21.5 8
7664099 136 31.5 21.5 8
7664146 136 32 21.5 8
7664193 136 32.5 21.5 8
7679374 136.5 28.5 21.5 8
7679421 136.5 29 21.5 8
7679468 136.5 29.5 21.5 8
7679515 136.5 30 21.5 8
7679562 136.5 30.5 21.5 8
7679609 136.5 31 21.5 8
7679656 136.5 31.5 21.5 8
7679703 136.5 32 21.5 8
7679750 136.5 32.5 21.5 8
7694931 137 28.5 21.5 8
7694978 137 29 21.5 8
7695025 137 29.5 21.5 8
7695072 137 30 21.5 8
7695119 137 30.5 21.5 8
7695166 137 31 21.5 8
7695213 137 31.5 21.5 8
7695260 137 32 21.5 8
7695307 137 32.5 21.5 8
7710488 137.5 28.5 21.5 8
7710535 137.5 29 21.5 8
7710582 137.5 29.5 21.5 8
7710629 137.5 30 21.5 8
7710676 137.5 30.5 21.5 8
7710723 137.5 31 21.5 8
7710770 137.5 31.5 21.5 8
7710817 137.5 32 21.5 8
7710864 137.5 32.5 21.5 8
7726045 138 28.5 21.5 8
7726092 138 29 21.5 8
7726139 138 29.5 21.5 8
7726186 138 30 21.5 8
7726233 138 30.5 21.5 8
7726280 138 31 21.5 8
7726327 138 31.5 21.5 8
7726374 138 32 21.5 8
7726421 138 32.5 21.5 8
7741602 138.5 28.5 21.5 8
7741649 138.5 29 21.5 8
7741696 138.5 29.5 21.5 8
7741743 138.5 30 21.5 8
7741790 138.5 30.5 21.5 8
7741837 138.5 31 21.5 8
7741884 138.5 31.5 21.5 8
7741931 138.5 32 21.5 8
7741978 138.5 32.5 21.5 8
7757159 139 28.5 21.5 8
7757206 139 29 21.5 8
7757253 139 29.5 21.5 8
7757300 139 30 21.5 8
7757347 139 30.5 21.5 8
7757394 139 31 21.5 8
7757441 139 31.5 21.5 8
7757488 139 32 21.5 8
7757535 139 32.5 21.5 8
7772716 139.5 28.5 21.5 8
7772763 139.5 29 21.5 8
7772810 139.5 29.5 21.5 8
7772857 139.5 30 21.5 8
7772904 139.5 30.5 21.5 8
7772951 139.5 31 21.5 8
7772998 139.5 31.5 21.5 8
7773045 139.5 32 21.5 8
7773092 139.5 32.5 21.5 8
7788273 140 28.5 21.5 8
7788320 140 29 21.5 8
7788367 140 29.5 21.5 8
7788414 140 30 21.5 8
7788461 140 30.5 21.5 8
7788508 140 31 21.5 8
7788555 140 31.5 21.5 8
7788602 140 32 21.5 8
7788649 140 32.5 21.5 8
7803830 140.5 28.5 21.5 8
7803877 140.5 29 21.5 8
7803924 140.5 29.5 21.5 8
7803971 140.5 30 21.5 8
7804018 140.5 30.5 21.5 8
7804065 140.5 31 21.5 8
7804112 140.5 31.5 21.5 8
7804159 140.5 32 21.5 8
7804206 140.5 32.5 21.5 8
7819387 141 28.5 21.5 8
7819434 141 29 21.5 8
7819481 141 29.5 21.5 8
7819528 141 30 21.5 8
7819575 141 30.5 21.5 8
7819622 141 31 21.5 8
7819669 141 31.5 21.5 8
7819716 141 32 21.5 8
7819763 141 32.5 21.5 8
7834944 141.5 28.5 21.5 8
7834991 141.5 29 21.5 8
7835038 141.5 29.5 21.5 8
7835085 141.5 30 21.5 8
7835132 141.5 30.5 21.5 8
7835179 141.5 31 21.5 8
7835226 141.5 31.5 21.5 8
7835273 141.5 32 21.5 8
7835320 141.5 32.5 21.5 8
7850501 142 28.5 21.5 8
7850548 142 29 21.5 8
7850595 142 29.5 21.5 8
7850642 142 30 21.5 8
7850689 142 30.5 21.5 8
7850736 142 31 21.5 8
7850783 142 31.5 21.5 8
7850830 142 32 21.5 8
7850877 142 32.5 21.5 8
7866058 142.5 28.5 21.5 8
7866105 142.5 29 21.5 8
7866152 142.5 29.5 21.5 8
7866199 142.5 30 21.5 8
7866246 142.5 30.5 21.5 8
7866293 142.5 31 21.5 8
7866340 142.5 31.5 21.5 8
7866387 142.5 32 21.5 8
7866434 142.5 32.5 21.5 8
7881615 143 28.5 21.5 8
7881662 143 29 21.5 8
7881709 143 29.5 21.5 8
7881756 143 30 21.5 8
7881803 143 30.5 21.5 8
7881850 143 31 21.5 8
7881897 143 31.5 21.5 8
7881944 143 32 21.5 8
7881991 143 32.5 21.5 8
7897172 143.5 28.5 21.5 8
7897219 143.5 29 21.5 8
7897266 143.5 29.5 21.5 8
7897313 143.5 30 21.5 8
7897360 143.5 30.5 21.5 8
7897407 143.5 31 21.5 8
7897454 143.5 31.5 21.5 8
7897501 143.5 32 21.5 8
7897548 143.5 32.5 21.5 8
7912729 144 28.5 21.5 8
7912776 144 29 21.5 8
7912823 144 29.5 21.5 8
7912870 144 30 21.5 8
7912917 144 30.5 21.5 8
7912964 144 31 21.5 8
7913011 144 31.5 21.5 8
7913058 144 32 21.5 8
7913105 144 32.5 21.5 8
7928286 144.5 28.5 21.5 8
7928333 144.5 29 21.5 8
7928380 144.5 29.5 21.5 8
7928427 144.5 30 21.5 8
7928474 144.5 30.5 21.5 8
7928521 144.5 31 21.5 8
7928568 144.5 31.5 21.5 8
7928615 144.5 32 21.5 8
7928662 144.5 32.5 21.5 8
7943843 145 28.5 21.5 8
7943890 145 29 21.5 8
7943937 145 29.5 21.5 8
7943984 145 30 21.5 8
7944031 145 30.5 21.5 8
7944078 145 31 21.5 8
7944125 145 31.5 21.5 8
7944172 145 32 21.5 8
7944219 145 32.5 21.5 8
7959400 145.5 28.5 21.5 8
7959447 145.5 29 21.5 8
7959494 145.5 29.5 21.5 8
7959541 145.5 30 21.5 8
7959588 145.5 30.5 21.5 8
7959635 145.5 31 21.5 8
7959682 145.5 31.5 21.5 8
7959729 145.5 32 21.5 8
7959776 145.5 32.5 21.5 8
7974957 146 28.5 21.5 8
7975004 146 29 21.5 8
7975051 146 29.5 21.5 8
7975098 146 30 21.5 8
7975145 146 30.5 21.5 8
7975192 146 31 21.5 8
7975239 146 31.5 21.5 8
7975286 146 32 21.5 8
7975333 146 32.5 21.5 8
7990514 146.5 28.5 21.5 8
7990561 146.5 29 21.5 8
7990608 146.5 29.5 21.5 8
7990655 146.5 30 21.5 8
7990702 146.5 30.5 21.5 8
7990749 146.5 31 21.5 8
7990796 146.5 31.5 21.5 8
7990843 146.5 32 21.5 8
7990890 146.5 32.5 21.5 8
8006071 147 28.5 21.5 8
8006118 147 29 21.5 8
8006165 147 29.5 21.5 8
8006212 147 30 21.5 8
8006259 147 30.5 21.5 8
8006306 147 31 21.5 8
8006353 147 31.5 21.5 8
8006400 147 32 21.5 8
8006447 147 32.5 21.5 8
8021628 147.5 28.5 21.5 8
8021675 147.5 29 21.5 8
8021722 147.5 29.5 21.5 8
8021769 147.5 30 21.5 8
8021816 147.5 30.5 21.5 8
8021863 147.5 31 21.5 8
8021910 147.5 31.5 21.5 8
8021957 147.5 32 21.5 8
8022004 147.5 32.5 21.5 8
8037185 148 28.5 21.5 8
8037232 148 29 21.5 8
8037279 148 29.5 21.5 8
8037326 148 30 21.5 8
8037373 148 30.5 21.5 8
8037420 148 31 21.5 8
8037467 148 31.5 21.5 8
8037514 148 32 21.5 8
8037561 148 32.5 21.5 8
8052742 148.5 28.5 21.5 8
8052789 148.5 29 21.5 8
8052836 148.5 29.5 21.5 8
8052883 148.5 30 21.5 8
8052930 148.5 30.5 21.5 8
8052977 148.5 31 21.5 8
8053024 148.5 31.5 21.5 8
8053071 148.5 32 21.5 8
8053118 148.5 32.5 21.5 8
8068299 149 28.5 21.5 8
8068346 149 29 21.5 8
8068393 149 29.5 21.5 8
8068440 149 30 21.5 8
8068487 149 30.5 21.5 8
8068534 149 31 21.5 8
8068581 149 31.5 21.5 8
8068628 149 32 21.5 8
8068675 149 32.5 21.5 8
8083856 149.5 28.5 21.5 8
8083903 149.5 29 21.5 8
8083950 149.5 29.5 21.5 8
8083997 149.5 30 21.5 8
8084044 149.5 30.5 21.5 8
8084091 149.5 31 21.5 8
8084138 149.5 31.5 21.5 8
8084185 149.5 32 21.5 8
8084232 149.5 32.5 21.5 8
8099413 150 28.5 21.5 8
8099460 150 29 21.5 8
8099507 150 29.5 21.5 8
8099554 150 30 21.5 8
8099601 150 30.5 21.5 8
8099648 150 31 21.5 8
8099695 150 31.5 21.5 8
8099742 150 32 21.5 8
8099789 150 32.5 21.5 8
8114970 150.5 28.5 21.5 8
8115017 150.5 29 21.5 8
8115064 150.5 29.5 21.5 8
8115111 150.5 30 21.5 8
8115158 150.5 30.5 21.5 8
8115205 150.5 31 21.5 8
8115252 150.5 31.5 21.5 8
8115299 150.5 32 21.5 8
8115346 150.5 32.5 21.5 8
8130527 151 28.5 21.5 8
8130574 151 29 21.5 8
8130621 151 29.5 21.5 8
8130668 151 30 21.5 8
8130715 151 30.5 21.5 8
8130762 151 31 21.5 8
8130809 151 31.5 21.5 8
8130856 151 32 21.5 8
8130903 151 32.5 21.5 8
8146084 151.5 28.5 21.5 8
8146131 151.5 29 21.5 8
8146178 151.5 29.5 21.5 8
8146225 151.5 30 21.5 8
8146272 151.5 30.5 21.5 8
8146319 151.5 31 21.5 8
8146366 151.5 31.5 21.5 8
8146413 151.5 32 21.5 8
8146460 151.5 32.5 21.5 8
8161641 152 28.5 21.5 8
8161688 152 29 21.5 8
8161735 152 29.5 21.5 8
8161782 152 30 21.5 8
8161829 152 30.5 21.5 8
8161876 152 31 21.5 8
8161923 152 31.5 21.5 8
8161970 152 32 21.5 8
8162017 152 32.5 21.5 8
8177198 152.5 28.5 21.5 8
8177245 152.5 29 21.5 8
8177292 152.5 29.5 21.5 8
8177339 152.5 30 21.5 8
8177386 152.5 30.5 21.5 8
8177433 152.5 31 21.5 8
8177480 152.5 31.5 21.5 8
8177527 152.5 32 21.5 8
8177574 152.5 32.5 21.5 8
8192755 153 28.5 21.5 8
8192802 153 29 21.5 8
8192849 153 29.5 21.5 8
8192896 153 30 21.5 8
8192943 153 30.5 21.5 8
8192990 153 31 21.5 8
8193037 153 31.5 21.5 8
8193084 153 32 21.5 8
8193131 153 32.5 21.5 8
8208312 153.5 28.5 21.5 8
8208359 153.5 29 21.5 8
8208406 153.5 29.5 21.5 8
8208453 153.5 30 21.5 8
8208500 153.5 30.5 21.5 8
8208547 153.5 31 21.5 8
8208594 153.5 31.5 21.5 8
8208641 153.5 32 21.5 8
8208688 153.5 32.5 21.5 8
8223869 154 28.5 21.5 8
8223916 154 29 21.5 8
8223963 154 29.5 21.5 8
8224010 154 30 21.5 8
8224057 154 30.5 21.5 8
8224104 154 31 21.5 8
8224151 154 31.5 21.5 8
8224198 154 32 21.5 8
8224245 154 32.5 21.5 8
8239426 154.5 28.5 21.5 8
8239473 154.5 29 21.5 8
8239520 154.5 29.5 21.5 8
8239567 154.5 30 21.5 8
8239614 154.5 30.5 21.5 8
8239661 154.5 31 21.5 8
8239708 154.5 31.5 21.5 8
8239755 154.5 32 21.5 8
8239802 154.5 32.5 21.5 8
8254983 155 28.5 21.5 8
8255030 155 29 21.5 8
8255077 155 29.5 21.5 8
8255124 155 30 21.5 8
8255171 155 30.5 21.5 8
8255218 155 31 21.5 8
8255265 155 31.5 21.5 8
8270540 155.5 28.5 21.5 8
8270587 155.5 29 21.5 8
8270634 155.5 29.5 21.5 8
8270681 155.5 30 21.5 8
8270728 155.5 30.5 21.5 8
8270775 155.5 31 21.5 8
8286097 156 28.5 21.5 8
8286144 156 29 21.5 8
8286191 156 29.5 21.5 8
8286238 156 30 21.5 8
8301654 156.5 28.5 21.5 8
8301701 156.5 29 21.5 8
8301748 156.5 29.5 21.5 8
8317211 157 28.5 21.5 8
