9200152 185.5 -12 21 6
9215662 186 -12.5 21 6
9215709 186 -12 21 6
9231125 186.5 -13.5 21 6
9231172 186.5 -13 21 6
9231219 186.5 -12.5 21 6
9231266 186.5 -12 21 6
9246635 187 -14 21 6
9246682 187 -13.5 21 6
9246729 187 -13 21 6
9246776 187 -12.5 21 6
9246823 187 -12 21 6
9262098 187.5 -15 21 6
9262145 187.5 -14.5 21 6
9262192 187.5 -14 21 6
9262239 187.5 -13.5 21 6
9262286 187.5 -13 21 6
9262333 187.5 -12.5 21 6
9262380 187.5 -12 21 6
9277608 188 -15.5 21 6
9277655 188 -15 21 6
9277702 188 -14.5 21 6
9277749 188 -14 21 6
9277796 188 -13.5 21 6
9277843 188 -13 21 6
9277890 188 -12.5 21 6
9277937 188 -12 21 6
9293118 188.5 -16 21 6
9293165 188.5 -15.5 21 6
9293212 188.5 -15 21 6
9293259 188.5 -14.5 21 6
9293306 188.5 -14 21 6
9293353 188.5 -13.5 21 6
9293400 188.5 -13 21 6
9293447 188.5 -12.5 21 6
9293494 188.5 -12 21 6
9308675 189 -16 21 6
9308722 189 -15.5 21 6
9308769 189 -15 21 6
9308816 189 -14.5 21 6
9308863 189 -14 21 6
9308910 189 -13.5 21 6
9308957 189 -13 21 6
9309004 189 -12.5 21 6
9309051 189 -12 21 6
9324232 189.5 -16 21 6
9324279 189.5 -15.5 21 6
9324326 189.5 -15 21 6
9324373 189.5 -14.5 21 6
9324420 189.5 -14 21 6
9324467 189.5 -13.5 21 6
9324514 189.5 -13 21 6
9324561 189.5 -12.5 21 6
9324608 189.5 -12 21 6
9339789 190 -16 21 6
9339836 190 -15.5 21 6
9339883 190 -15 21 6
9339930 190 -14.5 21 6
9339977 190 -14 21 6
9340024 190 -13.5 21 6
9340071 190 -13 21 6
9340118 190 -12.5 21 6
9340165 190 -12 21 6
9355346 190.5 -16 21 6
9355393 190.5 -15.5 21 6
9355440 190.5 -15 21 6
9355487 190.5 -14.5 21 6
9355534 190.5 -14 21 6
9355581 190.5 -13.5 21 6
9355628 190.5 -13 21 6
9355675 190.5 -12.5 21 6
9355722 190.5 -12 21 6
9370903 191 -16 21 6
9370950 191 -15.5 21 6
9370997 191 -15 21 6
9371044 191 -14.5 21 6
9371091 191 -14 21 6
9371138 191 -13.5 21 6
9371185 191 -13 21 6
9371232 191 -12.5 21 6
9371279 191 -12 21 6
9386460 191.5 -16 21 6
9386507 191.5 -15.5 21 6
9386554 191.5 -15 21 6
9386601 191.5 -14.5 21 6
9386648 191.5 -14 21 6
9386695 191.5 -13.5 21 6
9386742 191.5 -13 21 6
9386789 191.5 -12.5 21 6
9386836 191.5 -12 21 6
9402017 192 -16 21 6
9402064 192 -15.5 21 6
9402111 192 -15 21 6
9402158 192 -14.5 21 6
9402205 192 -14 21 6
9402252 192 -13.5 21 6
9402299 192 -13 21 6
9402346 192 -12.5 21 6
9402393 192 -12 21 6
9417574 192.5 -16 21 6
9417621 192.5 -15.5 21 6
9417668 192.5 -15 21 6
9417715 192.5 -14.5 21 6
9417762 192.5 -14 21 6
9417809 192.5 -13.5 21 6
9417856 192.5 -13 21 6
9417903 192.5 -12.5 21 6
9417950 192.5 -12 21 6
9433131 193 -16 21 6
9433178 193 -15.5 21 6
9433225 193 -15 21 6
9433272 193 -14.5 21 6
9433319 193 -14 21 6
9433366 193 -13.5 21 6
9433413 193 -13 21 6
9433460 193 -12.5 21 6
9433507 193 -12 21 6
9448688 193.5 -16 21 6
9448735 193.5 -15.5 21 6
9448782 193.5 -15 21 6
9448829 193.5 -14.5 21 6
9448876 193.5 -14 21 6
9448923 193.5 -13.5 21 6
9448970 193.5 -13 21 6
9449017 193.5 -12.5 21 6
9449064 193.5 -12 21 6
9464245 194 -16 21 6
9464292 194 -15.5 21 6
9464339 194 -15 21 6
9464386 194 -14.5 21 6
9464433 194 -14 21 6
9464480 194 -13.5 21 6
9464527 194 -13 21 6
9464574 194 -12.5 21 6
9464621 194 -12 21 6
9479802 194.5 -16 21 6
9479849 194.5 -15.5 21 6
9479896 194.5 -15 21 6
9479943 194.5 -14.5 21 6
9479990 194.5 -14 21 6
9480037 194.5 -13.5 21 6
9480084 194.5 -13 21 6
9480131 194.5 -12.5 21 6
9480178 194.5 -12 21 6
9495359 195 -16 21 6
9495406 195 -15.5 21 6
9495453 195 -15 21 6
9495500 195 -14.5 21 6
9495547 195 -14 21 6
9495594 195 -13.5 21 6
9495641 195 -13 21 6
9495688 195 -12.5 21 6
9495735 195 -12 21 6
9510916 195.5 -16 21 6
9510963 195.5 -15.5 21 6
9511010 195.5 -15 21 6
9511057 195.5 -14.5 21 6
9511104 195.5 -14 21 6
9511151 195.5 -13.5 21 6
9511198 195.5 -13 21 6
9511245 195.5 -12.5 21 6
9511292 195.5 -12 21 6
9526473 196 -16 21 6
9526520 196 -15.5 21 6
9526567 196 -15 21 6
9526614 196 -14.5 21 6
9526661 196 -14 21 6
9526708 196 -13.5 21 6
9526755 196 -13 21 6
9526802 196 -12.5 21 6
9526849 196 -12 21 6
9542030 196.5 -16 21 6
9542077 196.5 -15.5 21 6
9542124 196.5 -15 21 6
9542171 196.5 -14.5 21 6
9542218 196.5 -14 21 6
9542265 196.5 -13.5 21 6
9542312 196.5 -13 21 6
9542359 196.5 -12.5 21 6
9542406 196.5 -12 21 6
9557587 197 -16 21 6
9557634 197 -15.5 21 6
9557681 197 -15 21 6
9557728 197 -14.5 21 6
9557775 197 -14 21 6
9557822 197 -13.5 21 6
9557869 197 -13 21 6
9557916 197 -12.5 21 6
9557963 197 -12 21 6
9573144 197.5 -16 21 6
9573191 197.5 -15.5 21 6
9573238 197.5 -15 21 6
9573285 197.5 -14.5 21 6
9573332 197.5 -14 21 6
9573379 197.5 -13.5 21 6
9573426 197.5 -13 21 6
9573473 197.5 -12.5 21 6
9573520 197.5 -12 21 6
9588701 198 -16 21 6
9588748 198 -15.5 21 6
9588795 198 -15 21 6
9588842 198 -14.5 21 6
9588889 198 -14 21 6
9588936 198 -13.5 21 6
9588983 198 -13 21 6
9589030 198 -12.5 21 6
9589077 198 -12 21 6
9604258 198.5 -16 21 6
9604305 198.5 -15.5 21 6
9604352 198.5 -15 21 6
9604399 198.5 -14.5 21 6
9604446 198.5 -14 21 6
9604493 198.5 -13.5 21 6
9604540 198.5 -13 21 6
9604587 198.5 -12.5 21 6
9604634 198.5 -12 21 6
9619815 199 -16 21 6
9619862 199 -15.5 21 6
9619909 199 -15 21 6
9619956 199 -14.5 21 6
9620003 199 -14 21 6
9620050 199 -13.5 21 6
9620097 199 -13 21 6
9620144 199 -12.5 21 6
9620191 199 -12 21 6
9635372 199.5 -16 21 6
9635419 199.5 -15.5 21 6
9635466 199.5 -15 21 6
9635513 199.5 -14.5 21 6
9635560 199.5 -14 21 6
9635607 199.5 -13.5 21 6
9635654 199.5 -13 21 6
9635701 199.5 -12.5 21 6
9635748 199.5 -12 21 6
9650929 200 -16 21 6
9650976 200 -15.5 21 6
9651023 200 -15 21 6
9651070 200 -14.5 21 6
9651117 200 -14 21 6
9651164 200 -13.5 21 6
9651211 200 -13 21 6
9651258 200 -12.5 21 6
9651305 200 -12 21 6
9666486 200.5 -16 21 6
9666533 200.5 -15.5 21 6
9666580 200.5 -15 21 6
9666627 200.5 -14.5 21 6
9666674 200.5 -14 21 6
9666721 200.5 -13.5 21 6
9666768 200.5 -13 21 6
9666815 200.5 -12.5 21 6
9666862 200.5 -12 21 6
9682043 201 -16 21 6
9682090 201 -15.5 21 6
9682137 201 -15 21 6
9682184 201 -14.5 21 6
9682231 201 -14 21 6
9682278 201 -13.5 21 6
9682325 201 -13 21 6
9682372 201 -12.5 21 6
9682419 201 -12 21 6
9697600 201.5 -16 21 6
9697647 201.5 -15.5 21 6
9697694 201.5 -15 21 6
9697741 201.5 -14.5 21 6
9697788 201.5 -14 21 6
9697835 201.5 -13.5 21 6
9697882 201.5 -13 21 6
9697929 201.5 -12.5 21 6
9697976 201.5 -12 21 6
9713157 202 -16 21 6
9713204 202 -15.5 21 6
9713251 202 -15 21 6
9713298 202 -14.5 21 6
9713345 202 -14 21 6
9713392 202 -13.5 21 6
9713439 202 -13 21 6
9713486 202 -12.5 21 6
9713533 202 -12 21 6
9728714 202.5 -16 21 6
9728761 202.5 -15.5 21 6
9728808 202.5 -15 21 6
9728855 202.5 -14.5 21 6
9728902 202.5 -14 21 6
9728949 202.5 -13.5 21 6
9728996 202.5 -13 21 6
9729043 202.5 -12.5 21 6
9729090 202.5 -12 21 6
9744271 203 -16 21 6
9744318 203 -15.5 21 6
9744365 203 -15 21 6
9744412 203 -14.5 21 6
9744459 203 -14 21 6
9744506 203 -13.5 21 6
9744553 203 -13 21 6
9744600 203 -12.5 21 6
9744647 203 -12 21 6
9759828 203.5 -16 21 6
9759875 203.5 -15.5 21 6
9759922 203.5 -15 21 6
9759969 203.5 -14.5 21 6
9760016 203.5 -14 21 6
9760063 203.5 -13.5 21 6
9760110 203.5 -13 21 6
9760157 203.5 -12.5 21 6
9760204 203.5 -12 21 6
9775385 204 -16 21 6
9775432 204 -15.5 21 6
9775479 204 -15 21 6
9775526 204 -14.5 21 6
9775573 204 -14 21 6
9775620 204 -13.5 21 6
9775667 204 -13 21 6
9775714 204 -12.5 21 6
9775761 204 -12 21 6
9790942 204.5 -16 21 6
9790989 204.5 -15.5 21 6
9791036 204.5 -15 21 6
9791083 204.5 -14.5 21 6
9791130 204.5 -14 21 6
9791177 204.5 -13.5 21 6
9791224 204.5 -13 21 6
9791271 204.5 -12.5 21 6
9791318 204.5 -12 21 6
9806499 205 -16 21 6
9806546 205 -15.5 21 6
9806593 205 -15 21 6
9806640 205 -14.5 21 6
9806687 205 -14 21 6
9806734 205 -13.5 21 6
9806781 205 -13 21 6
9806828 205 -12.5 21 6
9806875 205 -12 21 6
9822056 205.5 -16 21 6
9822103 205.5 -15.5 21 6
9822150 205.5 -15 21 6
9822197 205.5 -14.5 21 6
9822244 205.5 -14 21 6
9822291 205.5 -13.5 21 6
9822338 205.5 -13 21 6
9822385 205.5 -12.5 21 6
9822432 205.5 -12 21 6
9837613 206 -16 21 6
9837660 206 -15.5 21 6
9837707 206 -15 21 6
9837754 206 -14.5 21 6
9837801 206 -14 21 6
9837848 206 -13.5 21 6
9837895 206 -13 21 6
9837942 206 -12.5 21 6
9837989 206 -12 21 6
9853170 206.5 -16 21 6
9853217 206.5 -15.5 21 6
9853264 206.5 -15 21 6
9853311 206.5 -14.5 21 6
9853358 206.5 -14 21 6
9853405 206.5 -13.5 21 6
9853452 206.5 -13 21 6
9853499 206.5 -12.5 21 6
9853546 206.5 -12 21 6
9868727 207 -16 21 6
9868774 207 -15.5 21 6
9868821 207 -15 21 6
9868868 207 -14.5 21 6
9868915 207 -14 21 6
9868962 207 -13.5 21 6
9869009 207 -13 21 6
9869056 207 -12.5 21 6
9869103 207 -12 21 6
9884284 207.5 -16 21 6
9884331 207.5 -15.5 21 6
9884378 207.5 -15 21 6
9884425 207.5 -14.5 21 6
9884472 207.5 -14 21 6
9884519 207.5 -13.5 21 6
9884566 207.5 -13 21 6
9884613 207.5 -12.5 21 6
9884660 207.5 -12 21 6
9899841 208 -16 21 6
9899888 208 -15.5 21 6
9899935 208 -15 21 6
9899982 208 -14.5 21 6
9900029 208 -14 21 6
9900076 208 -13.5 21 6
9900123 208 -13 21 6
9900170 208 -12.5 21 6
9900217 208 -12 21 6
9915398 208.5 -16 21 6
9915445 208.5 -15.5 21 6
9915492 208.5 -15 21 6
9915539 208.5 -14.5 21 6
9915586 208.5 -14 21 6
9915633 208.5 -13.5 21 6
9915680 208.5 -13 21 6
9915727 208.5 -12.5 21 6
9915774 208.5 -12 21 6
9930955 209 -16 21 6
9931002 209 -15.5 21 6
9931049 209 -15 21 6
9931096 209 -14.5 21 6
9931143 209 -14 21 6
9931190 209 -13.5 21 6
9931237 209 -13 21 6
9931284 209 -12.5 21 6
9931331 209 -12 21 6
9946512 209.5 -16 21 6
9946559 209.5 -15.5 21 6
9946606 209.5 -15 21 6
9946653 209.5 -14.5 21 6
9946700 209.5 -14 21 6
9946747 209.5 -13.5 21 6
9946794 209.5 -13 21 6
9946841 209.5 -12.5 21 6
9946888 209.5 -12 21 6
9962069 210 -16 21 6
9962116 210 -15.5 21 6
9962163 210 -15 21 6
9962210 210 -14.5 21 6
9962257 210 -14 21 6
9962304 210 -13.5 21 6
9962351 210 -13 21 6
9962398 210 -12.5 21 6
9962445 210 -12 21 6
9977626 210.5 -16 21 6
9977673 210.5 -15.5 21 6
9977720 210.5 -15 21 6
9977767 210.5 -14.5 21 6
9977814 210.5 -14 21 6
9977861 210.5 -13.5 21 6
9977908 210.5 -13 21 6
9977955 210.5 -12.5 21 6
9978002 210.5 -12 21 6
9993183 211 -16 21 6
9993230 211 -15.5 21 6
9993277 211 -15 21 6
9993324 211 -14.5 21 6
9993371 211 -14 21 6
9993418 211 -13.5 21 6
9993465 211 -13 21 6
9993512 211 -12.5 21 6
9993559 211 -12 21 6
10008740 211.5 -16 21 6
10008787 211.5 -15.5 21 6
10008834 211.5 -15 21 6
10008881 211.5 -14.5 21 6
10008928 211.5 -14 21 6
10008975 211.5 -13.5 21 6
10009022 211.5 -13 21 6
10009069 211.5 -12.5 21 6
10009116 211.5 -12 21 6
10024297 212 -16 21 6
10024344 212 -15.5 21 6
10024391 212 -15 21 6
10024438 212 -14.5 21 6
10024485 212 -14 21 6
10024532 212 -13.5 21 6
10024579 212 -13 21 6
10024626 212 -12.5 21 6
10024673 212 -12 21 6
10039854 212.5 -16 21 6
10039901 212.5 -15.5 21 6
10039948 212.5 -15 21 6
10039995 212.5 -14.5 21 6
10040042 212.5 -14 21 6
10040089 212.5 -13.5 21 6
10040136 212.5 -13 21 6
10040183 212.5 -12.5 21 6
10040230 212.5 -12 21 6
10055411 213 -16 21 6
10055458 213 -15.5 21 6
10055505 213 -15 21 6
10055552 213 -14.5 21 6
10055599 213 -14 21 6
10055646 213 -13.5 21 6
10055693 213 -13 21 6
10055740 213 -12.5 21 6
10055787 213 -12 21 6
10070968 213.5 -16 21 6
10071015 213.5 -15.5 21 6
10071062 213.5 -15 21 6
10071109 213.5 -14.5 21 6
10071156 213.5 -14 21 6
10071203 213.5 -13.5 21 6
10071250 213.5 -13 21 6
10071297 213.5 -12.5 21 6
10071344 213.5 -12 21 6
10086525 214 -16 21 6
10086572 214 -15.5 21 6
10086619 214 -15 21 6
10086666 214 -14.5 21 6
10086713 214 -14 21 6
10086760 214 -13.5 21 6
10086807 214 -13 21 6
10086854 214 -12.5 21 6
10086901 214 -12 21 6
10102082 214.5 -16 21 6
10102129 214.5 -15.5 21 6
10102176 214.5 -15 21 6
10102223 214.5 -14.5 21 6
10102270 214.5 -14 21 6
10102317 214.5 -13.5 21 6
10102364 214.5 -13 21 6
10102411 214.5 -12.5 21 6
10102458 214.5 -12 21 6
10117639 215 -16 21 6
10117686 215 -15.5 21 6
10117733 215 -15 21 6
10117780 215 -14.5 21 6
10117827 215 -14 21 6
10117874 215 -13.5 21 6
10117921 215 -13 21 6
10117968 215 -12.5 21 6
10118015 215 -12 21 6
10133196 215.5 -16 21 6
10133243 215.5 -15.5 21 6
10133290 215.5 -15 21 6
10133337 215.5 -14.5 21 6
10133384 215.5 -14 21 6
10133431 215.5 -13.5 21 6
10133478 215.5 -13 21 6
10133525 215.5 -12.5 21 6
10133572 215.5 -12 21 6
10148753 216 -16 21 6
10148800 216 -15.5 21 6
10148847 216 -15 21 6
10148894 216 -14.5 21 6
10148941 216 -14 21 6
10148988 216 -13.5 21 6
10149035 216 -13 21 6
10149082 216 -12.5 21 6
10149129 216 -12 21 6
10164310 216.5 -16 21 6
10164357 216.5 -15.5 21 6
10164404 216.5 -15 21 6
10164451 216.5 -14.5 21 6
10164498 216.5 -14 21 6
10164545 216.5 -13.5 21 6
10164592 216.5 -13 21 6
10164639 216.5 -12.5 21 6
10164686 216.5 -12 21 6
10179867 217 -16 21 6
10179914 217 -15.5 21 6
10179961 217 -15 21 6
10180008 217 -14.5 21 6
10180055 217 -14 21 6
10180102 217 -13.5 21 6
10180149 217 -13 21 6
10180196 217 -12.5 21 6
10180243 217 -12 21 6
10195424 217.5 -16 21 6
10195471 217.5 -15.5 21 6
10195518 217.5 -15 21 6
10195565 217.5 -14.5 21 6
10195612 217.5 -14 21 6
10195659 217.5 -13.5 21 6
10195706 217.5 -13 21 6
10195753 217.5 -12.5 21 6
10195800 217.5 -12 21 6
10210981 218 -16 21 6
10211028 218 -15.5 21 6
10211075 218 -15 21 6
10211122 218 -14.5 21 6
10211169 218 -14 21 6
10211216 218 -13.5 21 6
10211263 218 -13 21 6
10211310 218 -12.5 21 6
10211357 218 -12 21 6
10226538 218.5 -16 21 6
10226585 218.5 -15.5 21 6
10226632 218.5 -15 21 6
10226679 218.5 -14.5 21 6
10226726 218.5 -14 21 6
10226773 218.5 -13.5 21 6
10226820 218.5 -13 21 6
10226867 218.5 -12.5 21 6
10226914 218.5 -12 21 6
10242095 219 -16 21 6
10242142 219 -15.5 21 6
10242189 219 -15 21 6
10242236 219 -14.5 21 6
10242283 219 -14 21 6
10242330 219 -13.5 21 6
10242377 219 -13 21 6
10242424 219 -12.5 21 6
10242471 219 -12 21 6
10257652 219.5 -16 21 6
10257699 219.5 -15.5 21 6
10257746 219.5 -15 21 6
10257793 219.5 -14.5 21 6
10257840 219.5 -14 21 6
10257887 219.5 -13.5 21 6
10257934 219.5 -13 21 6
10257981 219.5 -12.5 21 6
10258028 219.5 -12 21 6
10273209 220 -16 21 6
10273256 220 -15.5 21 6
10273303 220 -15 21 6
10273350 220 -14.5 21 6
10273397 220 -14 21 6
10273444 220 -13.5 21 6
10273491 220 -13 21 6
10273538 220 -12.5 21 6
10273585 220 -12 21 6
10288766 220.5 -16 21 6
10288813 220.5 -15.5 21 6
10288860 220.5 -15 21 6
10288907 220.5 -14.5 21 6
10288954 220.5 -14 21 6
10289001 220.5 -13.5 21 6
10289048 220.5 -13 21 6
10289095 220.5 -12.5 21 6
10289142 220.5 -12 21 6
10304323 221 -16 21 6
10304370 221 -15.5 21 6
10304417 221 -15 21 6
10304464 221 -14.5 21 6
10304511 221 -14 21 6
10304558 221 -13.5 21 6
10304605 221 -13 21 6
10304652 221 -12.5 21 6
10304699 221 -12 21 6
10319880 221.5 -16 21 6
10319927 221.5 -15.5 21 6
10319974 221.5 -15 21 6
10320021 221.5 -14.5 21 6
10320068 221.5 -14 21 6
10320115 221.5 -13.5 21 6
10320162 221.5 -13 21 6
10320209 221.5 -12.5 21 6
10320256 221.5 -12 21 6
10335437 222 -16 21 6
10335484 222 -15.5 21 6
10335531 222 -15 21 6
10335578 222 -14.5 21 6
10335625 222 -14 21 6
10335672 222 -13.5 21 6
10335719 222 -13 21 6
10335766 222 -12.5 21 6
10335813 222 -12 21 6
10350994 222.5 -16 21 6
10351041 222.5 -15.5 21 6
10351088 222.5 -15 21 6
10351135 222.5 -14.5 21 6
10351182 222.5 -14 21 6
10351229 222.5 -13.5 21 6
10351276 222.5 -13 21 6
10351323 222.5 -12.5 21 6
10351370 222.5 -12 21 6
10366551 223 -16 21 6
10366598 223 -15.5 21 6
10366645 223 -15 21 6
10366692 223 -14.5 21 6
10366739 223 -14 21 6
10366786 223 -13.5 21 6
10366833 223 -13 21 6
10366880 223 -12.5 21 6
10366927 223 -12 21 6
10382108 223.5 -16 21 6
10382155 223.5 -15.5 21 6
10382202 223.5 -15 21 6
10382249 223.5 -14.5 21 6
10382296 223.5 -14 21 6
10382343 223.5 -13.5 21 6
10382390 223.5 -13 21 6
10382437 223.5 -12.5 21 6
10382484 223.5 -12 21 6
10397665 224 -16 21 6
10397712 224 -15.5 21 6
10397759 224 -15 21 6
10397806 224 -14.5 21 6
10397853 224 -14 21 6
10397900 224 -13.5 21 6
10397947 224 -13 21 6
10397994 224 -12.5 21 6
10398041 224 -12 21 6
10413222 224.5 -16 21 6
10413269 224.5 -15.5 21 6
10413316 224.5 -15 21 6
10413363 224.5 -14.5 21 6
10413410 224.5 -14 21 6
10413457 224.5 -13.5 21 6
10413504 224.5 -13 21 6
10413551 224.5 -12.5 21 6
10413598 224.5 -12 21 6
10428779 225 -16 21 6
10428826 225 -15.5 21 6
10428873 225 -15 21 6
10428920 225 -14.5 21 6
10428967 225 -14 21 6
10429014 225 -13.5 21 6
10429061 225 -13 21 6
10429108 225 -12.5 21 6
10429155 225 -12 21 6
10444336 225.5 -16 21 6
10444383 225.5 -15.5 21 6
10444430 225.5 -15 21 6
10444477 225.5 -14.5 21 6
10444524 225.5 -14 21 6
10444571 225.5 -13.5 21 6
10444618 225.5 -13 21 6
10444665 225.5 -12.5 21 6
10444712 225.5 -12 21 6
10459893 226 -16 21 6
10459940 226 -15.5 21 6
10459987 226 -15 21 6
10460034 226 -14.5 21 6
10460081 226 -14 21 6
10460128 226 -13.5 21 6
10460175 226 -13 21 6
10460222 226 -12.5 21 6
10460269 226 -12 21 6
10475450 226.5 -16 21 6
10475497 226.5 -15.5 21 6
10475544 226.5 -15 21 6
10475591 226.5 -14.5 21 6
10475638 226.5 -14 21 6
10475685 226.5 -13.5 21 6
10475732 226.5 -13 21 6
10475779 226.5 -12.5 21 6
10475826 226.5 -12 21 6
10491007 227 -16 21 6
10491054 227 -15.5 21 6
10491101 227 -15 21 6
10491148 227 -14.5 21 6
10491195 227 -14 21 6
10491242 227 -13.5 21 6
10491289 227 -13 21 6
10491336 227 -12.5 21 6
10491383 227 -12 21 6
10506564 227.5 -16 21 6
10506611 227.5 -15.5 21 6
10506658 227.5 -15 21 6
10506705 227.5 -14.5 21 6
10506752 227.5 -14 21 6
10506799 227.5 -13.5 21 6
10506846 227.5 -13 21 6
10506893 227.5 -12.5 21 6
10506940 227.5 -12 21 6
10522121 228 -16 21 6
10522168 228 -15.5 21 6
10522215 228 -15 21 6
10522262 228 -14.5 21 6
10522309 228 -14 21 6
10522356 228 -13.5 21 6
10522403 228 -13 21 6
10522450 228 -12.5 21 6
10522497 228 -12 21 6
10537678 228.5 -16 21 6
10537725 228.5 -15.5 21 6
10537772 228.5 -15 21 6
10537819 228.5 -14.5 21 6
10537866 228.5 -14 21 6
10537913 228.5 -13.5 21 6
10537960 228.5 -13 21 6
10538007 228.5 -12.5 21 6
10538054 228.5 -12 21 6
10553235 229 -16 21 6
10553282 229 -15.5 21 6
10553329 229 -15 21 6
10553376 229 -14.5 21 6
10553423 229 -14 21 6
10553470 229 -13.5 21 6
10553517 229 -13 21 6
10553564 229 -12.5 21 6
10553611 229 -12 21 6
10568792 229.5 -16 21 6
10568839 229.5 -15.5 21 6
10568886 229.5 -15 21 6
10568933 229.5 -14.5 21 6
10568980 229.5 -14 21 6
10569027 229.5 -13.5 21 6
10569074 229.5 -13 21 6
10569121 229.5 -12.5 21 6
10569168 229.5 -12 21 6
10584349 230 -16 21 6
10584396 230 -15.5 21 6
10584443 230 -15 21 6
10584490 230 -14.5 21 6
10584537 230 -14 21 6
10584584 230 -13.5 21 6
10584631 230 -13 21 6
10584678 230 -12.5 21 6
10584725 230 -12 21 6
10599906 230.5 -16 21 6
10599953 230.5 -15.5 21 6
10600000 230.5 -15 21 6
10600047 230.5 -14.5 21 6
10600094 230.5 -14 21 6
10600141 230.5 -13.5 21 6
10600188 230.5 -13 21 6
10600235 230.5 -12.5 21 6
10615463 231 -16 21 6
10615510 231 -15.5 21 6
10615557 231 -15 21 6
10615604 231 -14.5 21 6
10615651 231 -14 21 6
10615698 231 -13.5 21 6
10615745 231 -13 21 6
10631020 231.5 -16 21 6
10631067 231.5 -15.5 21 6
10631114 231.5 -15 21 6
10631161 231.5 -14.5 21 6
10631208 231.5 -14 21 6
10646577 232 -16 21 6
10646624 232 -15.5 21 6
10646671 232 -15 21 6
10646718 232 -14.5 21 6
10662134 232.5 -16 21 6
10662181 232.5 -15.5 21 6
10677691 233 -16 21 6
