2810408 -20 32.5 21 7
2810409 -20 32.5 21.5 7
2825918 -19.5 32 21 7
2825919 -19.5 32 21.5 7
2825965 -19.5 32.5 21 7
2825966 -19.5 32.5 21.5 7
2841381 -19 31 21 7
2841382 -19 31 21.5 7
2841428 -19 31.5 21 7
2841429 -19 31.5 21.5 7
2841475 -19 32 21 7
2841476 -19 32 21.5 7
2841522 -19 32.5 21 7
2841523 -19 32.5 21.5 7
2856891 -18.5 30.5 21 7
2856892 -18.5 30.5 21.5 7
2856938 -18.5 31 21 7
2856939 -18.5 31 21.5 7
2856985 -18.5 31.5 21 7
2856986 -18.5 31.5 21.5 7
2857032 -18.5 32 21 7
2857033 -18.5 32 21.5 7
2857079 -18.5 32.5 21 7
2857080 -18.5 32.5 21.5 7
2872354 -18 29.5 21 7
2872355 -18 29.5 21.5 7
2872401 -18 30 21 7
2872402 -18 30 21.5 7
2872448 -18 30.5 21 7
2872449 -18 30.5 21.5 7
2872495 -18 31 21 7
2872496 -18 31 21.5 7
2872542 -18 31.5 21 7
2872543 -18 31.5 21.5 7
2872589 -18 32 21 7
2872590 -18 32 21.5 7
2872636 -18 32.5 21 7
2872637 -18 32.5 21.5 7
2887864 -17.5 29 21 7
2887865 -17.5 29 21.5 7
2887911 -17.5 29.5 21 7
2887912 -17.5 29.5 21.5 7
2887958 -17.5 30 21 7
2887959 -17.5 30 21.5 7
2888005 -17.5 30.5 21 7
2888006 -17.5 30.5 21.5 7
2888052 -17.5 31 21 7
2888053 -17.5 31 21.5 7
2888099 -17.5 31.5 21 7
2888100 -17.5 31.5 21.5 7
2888146 -17.5 32 21 7
2888147 -17.5 32 21.5 7
2888193 -17.5 32.5 21 7
2888194 -17.5 32.5 21.5 7
2903374 -17 28.5 21 7
2903375 -17 28.5 21.5 7
2903421 -17 29 21 7
2903422 -17 29 21.5 7
2903468 -17 29.5 21 7
2903469 -17 29.5 21.5 7
2903515 -17 30 21 7
2903516 -17 30 21.5 7
2903562 -17 30.5 21 7
2903563 -17 30.5 21.5 7
2903609 -17 31 21 7
2903610 -17 31 21.5 7
2903656 -17 31.5 21 7
2903657 -17 31.5 21.5 7
2903703 -17 32 21 7
2903704 -17 32 21.5 7
2903750 -17 32.5 21 7
2903751 -17 32.5 21.5 7
2918931 -16.5 28.5 21 7
2918932 -16.5 28.5 21.5 7
2918978 -16.5 29 21 7
2918979 -16.5 29 21.5 7
2919025 -16.5 29.5 21 7
2919026 -16.5 29.5 21.5 7
2919072 -16.5 30 21 7
2919073 -16.5 30 21.5 7
2919119 -16.5 30.5 21 7
2919120 -16.5 30.5 21.5 7
2919166 -16.5 31 21 7
2919167 -16.5 31 21.5 7
2919213 -16.5 31.5 21 7
2919214 -16.5 31.5 21.5 7
2919260 -16.5 32 21 7
2919261 -16.5 32 21.5 7
2919307 -16.5 32.5 21 7
2919308 -16.5 32.5 21.5 7
2934488 -16 28.5 21 7
2934489 -16 28.5 21.5 7
2934535 -16 29 21 7
2934536 -16 29 21.5 7
2934582 -16 29.5 21 7
2934583 -16 29.5 21.5 7
2934629 -16 30 21 7
2934630 -16 30 21.5 7
2934676 -16 30.5 21 7
2934677 -16 30.5 21.5 7
2934723 -16 31 21 7
2934724 -16 31 21.5 7
2934770 -16 31.5 21 7
2934771 -16 31.5 21.5 7
2934817 -16 32 21 7
2934818 -16 32 21.5 7
2934864 -16 32.5 21 7
2934865 -16 32.5 21.5 7
2950045 -15.5 28.5 21 7
2950046 -15.5 28.5 21.5 7
2950092 -15.5 29 21 7
2950093 -15.5 29 21.5 7
2950139 -15.5 29.5 21 7
2950140 -15.5 29.5 21.5 7
2950186 -15.5 30 21 7
2950187 -15.5 30 21.5 7
2950233 -15.5 30.5 21 7
2950234 -15.5 30.5 21.5 7
2950280 -15.5 31 21 7
2950281 -15.5 31 21.5 7
2950327 -15.5 31.5 21 7
2950328 -15.5 31.5 21.5 7
2950374 -15.5 32 21 7
2950375 -15.5 32 21.5 7
2950421 -15.5 32.5 21 7
2950422 -15.5 32.5 21.5 7
2965602 -15 28.5 21 7
2965603 -15 28.5 21.5 7
2965649 -15 29 21 7
2965650 -15 29 21.5 7
2965696 -15 29.5 21 7
2965697 -15 29.5 21.5 7
2965743 -15 30 21 7
2965744 -15 30 21.5 7
2965790 -15 30.5 21 7
2965791 -15 30.5 21.5 7
2965837 -15 31 21 7
2965838 -15 31 21.5 7
2965884 -15 31.5 21 7
2965885 -15 31.5 21.5 7
2965931 -15 32 21 7
2965932 -15 32 21.5 7
2965978 -15 32.5 21 7
2965979 -15 32.5 21.5 7
2981159 -14.5 28.5 21 7
2981160 -14.5 28.5 21.5 7
2981206 -14.5 29 21 7
2981207 -14.5 29 21.5 7
2981253 -14.5 29.5 21 7
2981254 -14.5 29.5 21.5 7
2981300 -14.5 30 21 7
2981301 -14.5 30 21.5 7
2981347 -14.5 30.5 21 7
2981348 -14.5 30.5 21.5 7
2981394 -14.5 31 21 7
2981395 -14.5 31 21.5 7
2981441 -14.5 31.5 21 7
2981442 -14.5 31.5 21.5 7
2981488 -14.5 32 21 7
2981489 -14.5 32 21.5 7
2981535 -14.5 32.5 21 7
2981536 -14.5 32.5 21.5 7
2996716 -14 28.5 21 7
2996717 -14 28.5 21.5 7
2996763 -14 29 21 7
2996764 -14 29 21.5 7
2996810 -14 29.5 21 7
2996811 -14 29.5 21.5 7
2996857 -14 30 21 7
2996858 -14 30 21.5 7
2996904 -14 30.5 21 7
2996905 -14 30.5 21.5 7
2996951 -14 31 21 7
2996952 -14 31 21.5 7
2996998 -14 31.5 21 7
2996999 -14 31.5 21.5 7
2997045 -14 32 21 7
2997046 -14 32 21.5 7
2997092 -14 32.5 21 7
2997093 -14 32.5 21.5 7
3012273 -13.5 28.5 21 7
3012274 -13.5 28.5 21.5 7
3012320 -13.5 29 21 7
3012321 -13.5 29 21.5 7
3012367 -13.5 29.5 21 7
3012368 -13.5 29.5 21.5 7
3012414 -13.5 30 21 7
3012415 -13.5 30 21.5 7
3012461 -13.5 30.5 21 7
3012462 -13.5 30.5 21.5 7
3012508 -13.5 31 21 7
3012509 -13.5 31 21.5 7
3012555 -13.5 31.5 21 7
3012556 -13.5 31.5 21.5 7
3012602 -13.5 32 21 7
3012603 -13.5 32 21.5 7
3012649 -13.5 32.5 21 7
3012650 -13.5 32.5 21.5 7
3027830 -13 28.5 21 7
3027831 -13 28.5 21.5 7
3027877 -13 29 21 7
3027878 -13 29 21.5 7
3027924 -13 29.5 21 7
3027925 -13 29.5 21.5 7
3027971 -13 30 21 7
3027972 -13 30 21.5 7
3028018 -13 30.5 21 7
3028019 -13 30.5 21.5 7
3028065 -13 31 21 7
3028066 -13 31 21.5 7
3028112 -13 31.5 21 7
3028113 -13 31.5 21.5 7
3028159 -13 32 21 7
3028160 -13 32 21.5 7
3028206 -13 32.5 21 7
3028207 -13 32.5 21.5 7
3043387 -12.5 28.5 21 7
3043388 -12.5 28.5 21.5 7
3043434 -12.5 29 21 7
3043435 -12.5 29 21.5 7
3043481 -12.5 29.5 21 7
3043482 -12.5 29.5 21.5 7
3043528 -12.5 30 21 7
3043529 -12.5 30 21.5 7
3043575 -12.5 30.5 21 7
3043576 -12.5 30.5 21.5 7
3043622 -12.5 31 21 7
3043623 -12.5 31 21.5 7
3043669 -12.5 31.5 21 7
3043670 -12.5 31.5 21.5 7
3043716 -12.5 32 21 7
3043717 -12.5 32 21.5 7
3043763 -12.5 32.5 21 7
3043764 -12.5 32.5 21.5 7
3058944 -12 28.5 21 7
3058945 -12 28.5 21.5 7
3058991 -12 29 21 7
3058992 -12 29 21.5 7
3059038 -12 29.5 21 7
3059039 -12 29.5 21.5 7
3059085 -12 30 21 7
3059086 -12 30 21.5 7
3059132 -12 30.5 21 7
3059133 -12 30.5 21.5 7
3059179 -12 31 21 7
3059180 -12 31 21.5 7
3059226 -12 31.5 21 7
3059227 -12 31.5 21.5 7
3059273 -12 32 21 7
3059274 -12 32 21.5 7
3059320 -12 32.5 21 7
3059321 -12 32.5 21.5 7
3074501 -11.5 28.5 21 7
3074502 -11.5 28.5 21.5 7
3074548 -11.5 29 21 7
3074549 -11.5 29 21.5 7
3074595 -11.5 29.5 21 7
3074596 -11.5 29.5 21.5 7
3074642 -11.5 30 21 7
3074643 -11.5 30 21.5 7
3074689 -11.5 30.5 21 7
3074690 -11.5 30.5 21.5 7
3074736 -11.5 31 21 7
3074737 -11.5 31 21.5 7
3074783 -11.5 31.5 21 7
3074784 -11.5 31.5 21.5 7
3074830 -11.5 32 21 7
3074831 -11.5 32 21.5 7
3074877 -11.5 32.5 21 7
3074878 -11.5 32.5 21.5 7
3090058 -11 28.5 21 7
3090059 -11 28.5 21.5 7
3090105 -11 29 21 7
3090106 -11 29 21.5 7
3090152 -11 29.5 21 7
3090153 -11 29.5 21.5 7
3090199 -11 30 21 7
3090200 -11 30 21.5 7
3090246 -11 30.5 21 7
3090247 -11 30.5 21.5 7
3090293 -11 31 21 7
3090294 -11 31 21.5 7
3090340 -11 31.5 21 7
3090341 -11 31.5 21.5 7
3090387 -11 32 21 7
3090388 -11 32 21.5 7
3090434 -11 32.5 21 7
3090435 -11 32.5 21.5 7
3105615 -10.5 28.5 21 7
3105616 -10.5 28.5 21.5 7
3105662 -10.5 29 21 7
3105663 -10.5 29 21.5 7
3105709 -10.5 29.5 21 7
3105710 -10.5 29.5 21.5 7
3105756 -10.5 30 21 7
3105757 -10.5 30 21.5 7
3105803 -10.5 30.5 21 7
3105804 -10.5 30.5 21.5 7
3105850 -10.5 31 21 7
3105851 -10.5 31 21.5 7
3105897 -10.5 31.5 21 7
3105898 -10.5 31.5 21.5 7
3105944 -10.5 32 21 7
3105945 -10.5 32 21.5 7
3105991 -10.5 32.5 21 7
3105992 -10.5 32.5 21.5 7
3121172 -10 28.5 21 7
3121173 -10 28.5 21.5 7
3121219 -10 29 21 7
3121220 -10 29 21.5 7
3121266 -10 29.5 21 7
3121267 -10 29.5 21.5 7
3121313 -10 30 21 7
3121314 -10 30 21.5 7
3121360 -10 30.5 21 7
3121361 -10 30.5 21.5 7
3121407 -10 31 21 7
3121408 -10 31 21.5 7
3121454 -10 31.5 21 7
3121455 -10 31.5 21.5 7
3121501 -10 32 21 7
3121502 -10 32 21.5 7
3121548 -10 32.5 21 7
3121549 -10 32.5 21.5 7
3136729 -9.5 28.5 21 7
3136730 -9.5 28.5 21.5 7
3136776 -9.5 29 21 7
3136777 -9.5 29 21.5 7
3136823 -9.5 29.5 21 7
3136824 -9.5 29.5 21.5 7
3136870 -9.5 30 21 7
3136871 -9.5 30 21.5 7
3136917 -9.5 30.5 21 7
3136918 -9.5 30.5 21.5 7
3136964 -9.5 31 21 7
3136965 -9.5 31 21.5 7
3137011 -9.5 31.5 21 7
3137012 -9.5 31.5 21.5 7
3137058 -9.5 32 21 7
3137059 -9.5 32 21.5 7
3137105 -9.5 32.5 21 7
3137106 -9.5 32.5 21.5 7
3152286 -9 28.5 21 7
3152287 -9 28.5 21.5 7
3152333 -9 29 21 7
3152334 -9 29 21.5 7
3152380 -9 29.5 21 7
3152381 -9 29.5 21.5 7
3152427 -9 30 21 7
3152428 -9 30 21.5 7
3152474 -9 30.5 21 7
3152475 -9 30.5 21.5 7
3152521 -9 31 21 7
3152522 -9 31 21.5 7
3152568 -9 31.5 21 7
3152569 -9 31.5 21.5 7
3152615 -9 32 21 7
3152616 -9 32 21.5 7
3152662 -9 32.5 21 7
3152663 -9 32.5 21.5 7
3167843 -8.5 28.5 21 7
3167844 -8.5 28.5 21.5 7
3167890 -8.5 29 21 7
3167891 -8.5 29 21.5 7
3167937 -8.5 29.5 21 7
3167938 -8.5 29.5 21.5 7
3167984 -8.5 30 21 7
3167985 -8.5 30 21.5 7
3168031 -8.5 30.5 21 7
3168032 -8.5 30.5 21.5 7
3168078 -8.5 31 21 7
3168079 -8.5 31 21.5 7
3168125 -8.5 31.5 21 7
3168126 -8.5 31.5 21.5 7
3168172 -8.5 32 21 7
3168173 -8.5 32 21.5 7
3168219 -8.5 32.5 21 7
3168220 -8.5 32.5 21.5 7
3183400 -8 28.5 21 7
3183401 -8 28.5 21.5 7
3183447 -8 29 21 7
3183448 -8 29 21.5 7
3183494 -8 29.5 21 7
3183495 -8 29.5 21.5 7
3183541 -8 30 21 7
3183542 -8 30 21.5 7
3183588 -8 30.5 21 7
3183589 -8 30.5 21.5 7
3183635 -8 31 21 7
3183636 -8 31 21.5 7
3183682 -8 31.5 21 7
3183683 -8 31.5 21.5 7
3183729 -8 32 21 7
3183730 -8 32 21.5 7
3183776 -8 32.5 21 7
3183777 -8 32.5 21.5 7
3198957 -7.5 28.5 21 7
3198958 -7.5 28.5 21.5 7
3199004 -7.5 29 21 7
3199005 -7.5 29 21.5 7
3199051 -7.5 29.5 21 7
3199052 -7.5 29.5 21.5 7
3199098 -7.5 30 21 7
3199099 -7.5 30 21.5 7
3199145 -7.5 30.5 21 7
3199146 -7.5 30.5 21.5 7
3199192 -7.5 31 21 7
3199193 -7.5 31 21.5 7
3199239 -7.5 31.5 21 7
3199240 -7.5 31.5 21.5 7
3199286 -7.5 32 21 7
3199287 -7.5 32 21.5 7
3199333 -7.5 32.5 21 7
3199334 -7.5 32.5 21.5 7
3214514 -7 28.5 21 7
3214515 -7 28.5 21.5 7
3214561 -7 29 21 7
3214562 -7 29 21.5 7
3214608 -7 29.5 21 7
3214609 -7 29.5 21.5 7
3214655 -7 30 21 7
3214656 -7 30 21.5 7
3214702 -7 30.5 21 7
3214703 -7 30.5 21.5 7
3214749 -7 31 21 7
3214750 -7 31 21.5 7
3214796 -7 31.5 21 7
3214797 -7 31.5 21.5 7
3214843 -7 32 21 7
3214844 -7 32 21.5 7
3214890 -7 32.5 21 7
3214891 -7 32.5 21.5 7
3230071 -6.5 28.5 21 7
3230072 -6.5 28.5 21.5 7
3230118 -6.5 29 21 7
3230119 -6.5 29 21.5 7
3230165 -6.5 29.5 21 7
3230166 -6.5 29.5 21.5 7
3230212 -6.5 30 21 7
3230213 -6.5 30 21.5 7
3230259 -6.5 30.5 21 7
3230260 -6.5 30.5 21.5 7
3230306 -6.5 31 21 7
3230307 -6.5 31 21.5 7
3230353 -6.5 31.5 21 7
3230354 -6.5 31.5 21.5 7
3230400 -6.5 32 21 7
3230401 -6.5 32 21.5 7
3230447 -6.5 32.5 21 7
3230448 -6.5 32.5 21.5 7
3245628 -6 28.5 21 7
3245629 -6 28.5 21.5 7
3245675 -6 29 21 7
3245676 -6 29 21.5 7
3245722 -6 29.5 21 7
3245723 -6 29.5 21.5 7
3245769 -6 30 21 7
3245770 -6 30 21.5 7
3245816 -6 30.5 21 7
3245817 -6 30.5 21.5 7
3245863 -6 31 21 7
3245864 -6 31 21.5 7
3245910 -6 31.5 21 7
3245911 -6 31.5 21.5 7
3245957 -6 32 21 7
3245958 -6 32 21.5 7
3246004 -6 32.5 21 7
3246005 -6 32.5 21.5 7
3261185 -5.5 28.5 21 7
3261186 -5.5 28.5 21.5 7
3261232 -5.5 29 21 7
3261233 -5.5 29 21.5 7
3261279 -5.5 29.5 21 7
3261280 -5.5 29.5 21.5 7
3261326 -5.5 30 21 7
3261327 -5.5 30 21.5 7
3261373 -5.5 30.5 21 7
3261374 -5.5 30.5 21.5 7
3261420 -5.5 31 21 7
3261421 -5.5 31 21.5 7
3261467 -5.5 31.5 21 7
3261468 -5.5 31.5 21.5 7
3261514 -5.5 32 21 7
3261515 -5.5 32 21.5 7
3261561 -5.5 32.5 21 7
3261562 -5.5 32.5 21.5 7
3276742 -5 28.5 21 7
3276743 -5 28.5 21.5 7
3276789 -5 29 21 7
3276790 -5 29 21.5 7
3276836 -5 29.5 21 7
3276837 -5 29.5 21.5 7
3276883 -5 30 21 7
3276884 -5 30 21.5 7
3276930 -5 30.5 21 7
3276931 -5 30.5 21.5 7
3276977 -5 31 21 7
3276978 -5 31 21.5 7
3277024 -5 31.5 21 7
3277025 -5 31.5 21.5 7
3277071 -5 32 21 7
3277072 -5 32 21.5 7
3277118 -5 32.5 21 7
3277119 -5 32.5 21.5 7
3292299 -4.5 28.5 21 7
3292300 -4.5 28.5 21.5 7
3292346 -4.5 29 21 7
3292347 -4.5 29 21.5 7
3292393 -4.5 29.5 21 7
3292394 -4.5 29.5 21.5 7
3292440 -4.5 30 21 7
3292441 -4.5 30 21.5 7
3292487 -4.5 30.5 21 7
3292488 -4.5 30.5 21.5 7
3292534 -4.5 31 21 7
3292535 -4.5 31 21.5 7
3292581 -4.5 31.5 21 7
3292582 -4.5 31.5 21.5 7
3292628 -4.5 32 21 7
3292629 -4.5 32 21.5 7
3292675 -4.5 32.5 21 7
3292676 -4.5 32.5 21.5 7
3307856 -4 28.5 21 7
3307857 -4 28.5 21.5 7
3307903 -4 29 21 7
3307904 -4 29 21.5 7
3307950 -4 29.5 21 7
3307951 -4 29.5 21.5 7
3307997 -4 30 21 7
3307998 -4 30 21.5 7
3308044 -4 30.5 21 7
3308045 -4 30.5 21.5 7
3308091 -4 31 21 7
3308092 -4 31 21.5 7
3308138 -4 31.5 21 7
3308139 -4 31.5 21.5 7
3308185 -4 32 21 7
3308186 -4 32 21.5 7
3308232 -4 32.5 21 7
3308233 -4 32.5 21.5 7
3323413 -3.5 28.5 21 7
3323414 -3.5 28.5 21.5 7
3323460 -3.5 29 21 7
3323461 -3.5 29 21.5 7
3323507 -3.5 29.5 21 7
3323508 -3.5 29.5 21.5 7
3323554 -3.5 30 21 7
3323555 -3.5 30 21.5 7
3323601 -3.5 30.5 21 7
3323602 -3.5 30.5 21.5 7
3323648 -3.5 31 21 7
3323649 -3.5 31 21.5 7
3323695 -3.5 31.5 21 7
3323696 -3.5 31.5 21.5 7
3323742 -3.5 32 21 7
3323743 -3.5 32 21.5 7
3323789 -3.5 32.5 21 7
3323790 -3.5 32.5 21.5 7
3338970 -3 28.5 21 7
3338971 -3 28.5 21.5 7
3339017 -3 29 21 7
3339018 -3 29 21.5 7
3339064 -3 29.5 21 7
3339065 -3 29.5 21.5 7
3339111 -3 30 21 7
3339112 -3 30 21.5 7
3339158 -3 30.5 21 7
3339159 -3 30.5 21.5 7
3339205 -3 31 21 7
3339206 -3 31 21.5 7
3339252 -3 31.5 21 7
3339253 -3 31.5 21.5 7
3339299 -3 32 21 7
3339300 -3 32 21.5 7
3339346 -3 32.5 21 7
3339347 -3 32.5 21.5 7
3354527 -2.5 28.5 21 7
3354528 -2.5 28.5 21.5 7
3354574 -2.5 29 21 7
3354575 -2.5 29 21.5 7
3354621 -2.5 29.5 21 7
3354622 -2.5 29.5 21.5 7
3354668 -2.5 30 21 7
3354669 -2.5 30 21.5 7
3354715 -2.5 30.5 21 7
3354716 -2.5 30.5 21.5 7
3354762 -2.5 31 21 7
3354763 -2.5 31 21.5 7
3354809 -2.5 31.5 21 7
3354810 -2.5 31.5 21.5 7
3354856 -2.5 32 21 7
3354857 -2.5 32 21.5 7
3354903 -2.5 32.5 21 7
3354904 -2.5 32.5 21.5 7
3370084 -2 28.5 21 7
3370085 -2 28.5 21.5 7
3370131 -2 29 21 7
3370132 -2 29 21.5 7
3370178 -2 29.5 21 7
3370179 -2 29.5 21.5 7
3370225 -2 30 21 7
3370226 -2 30 21.5 7
3370272 -2 30.5 21 7
3370273 -2 30.5 21.5 7
3370319 -2 31 21 7
3370320 -2 31 21.5 7
3370366 -2 31.5 21 7
3370367 -2 31.5 21.5 7
3370413 -2 32 21 7
3370414 -2 32 21.5 7
3370460 -2 32.5 21 7
3370461 -2 32.5 21.5 7
3385641 -1.5 28.5 21 7
3385642 -1.5 28.5 21.5 7
3385688 -1.5 29 21 7
3385689 -1.5 29 21.5 7
3385735 -1.5 29.5 21 7
3385736 -1.5 29.5 21.5 7
3385782 -1.5 30 21 7
3385783 -1.5 30 21.5 7
3385829 -1.5 30.5 21 7
3385830 -1.5 30.5 21.5 7
3385876 -1.5 31 21 7
3385877 -1.5 31 21.5 7
3385923 -1.5 31.5 21 7
3385924 -1.5 31.5 21.5 7
3385970 -1.5 32 21 7
3385971 -1.5 32 21.5 7
3386017 -1.5 32.5 21 7
3386018 -1.5 32.5 21.5 7
3401198 -1 28.5 21 7
3401199 -1 28.5 21.5 7
3401245 -1 29 21 7
3401246 -1 29 21.5 7
3401292 -1 29.5 21 7
3401293 -1 29.5 21.5 7
3401339 -1 30 21 7
3401340 -1 30 21.5 7
3401386 -1 30.5 21 7
3401387 -1 30.5 21.5 7
3401433 -1 31 21 7
3401434 -1 31 21.5 7
3401480 -1 31.5 21 7
3401481 -1 31.5 21.5 7
3401527 -1 32 21 7
3401528 -1 32 21.5 7
3401574 -1 32.5 21 7
3401575 -1 32.5 21.5 7
3416755 -0.5 28.5 21 7
3416756 -0.5 28.5 21.5 7
3416802 -0.5 29 21 7
3416803 -0.5 29 21.5 7
3416849 -0.5 29.5 21 7
3416850 -0.5 29.5 21.5 7
3416896 -0.5 30 21 7
3416897 -0.5 30 21.5 7
3416943 -0.5 30.5 21 7
3416944 -0.5 30.5 21.5 7
3416990 -0.5 31 21 7
3416991 -0.5 31 21.5 7
3417037 -0.5 31.5 21 7
3417038 -0.5 31.5 21.5 7
3417084 -0.5 32 21 7
3417085 -0.5 32 21.5 7
3417131 -0.5 32.5 21 7
3417132 -0.5 32.5 21.5 7
3432312 0 28.5 21 7
3432313 0 28.5 21.5 7
3432359 0 29 21 7
3432360 0 29 21.5 7
3432406 0 29.5 21 7
3432407 0 29.5 21.5 7
3432453 0 30 21 7
3432454 0 30 21.5 7
3432500 0 30.5 21 7
3432501 0 30.5 21.5 7
3432547 0 31 21 7
3432548 0 31 21.5 7
3432594 0 31.5 21 7
3432595 0 31.5 21.5 7
3432641 0 32 21 7
3432642 0 32 21.5 7
3432688 0 32.5 21 7
3432689 0 32.5 21.5 7
3447869 0.5 28.5 21 7
3447870 0.5 28.5 21.5 7
3447916 0.5 29 21 7
3447917 0.5 29 21.5 7
3447963 0.5 29.5 21 7
3447964 0.5 29.5 21.5 7
3448010 0.5 30 21 7
3448011 0.5 30 21.5 7
3448057 0.5 30.5 21 7
3448058 0.5 30.5 21.5 7
3448104 0.5 31 21 7
3448105 0.5 31 21.5 7
3448151 0.5 31.5 21 7
3448152 0.5 31.5 21.5 7
3448198 0.5 32 21 7
3448199 0.5 32 21.5 7
3448245 0.5 32.5 21 7
3448246 0.5 32.5 21.5 7
3463426 1 28.5 21 7
3463427 1 28.5 21.5 7
3463473 1 29 21 7
3463474 1 29 21.5 7
3463520 1 29.5 21 7
3463521 1 29.5 21.5 7
3463567 1 30 21 7
3463568 1 30 21.5 7
3463614 1 30.5 21 7
3463615 1 30.5 21.5 7
3463661 1 31 21 7
3463662 1 31 21.5 7
3463708 1 31.5 21 7
3463709 1 31.5 21.5 7
3463755 1 32 21 7
3463756 1 32 21.5 7
3463802 1 32.5 21 7
3463803 1 32.5 21.5 7
3478983 1.5 28.5 21 7
3478984 1.5 28.5 21.5 7
3479030 1.5 29 21 7
3479031 1.5 29 21.5 7
3479077 1.5 29.5 21 7
3479078 1.5 29.5 21.5 7
3479124 1.5 30 21 7
3479125 1.5 30 21.5 7
3479171 1.5 30.5 21 7
3479172 1.5 30.5 21.5 7
3479218 1.5 31 21 7
3479219 1.5 31 21.5 7
3479265 1.5 31.5 21 7
3479266 1.5 31.5 21.5 7
3479312 1.5 32 21 7
3479313 1.5 32 21.5 7
3479359 1.5 32.5 21 7
3479360 1.5 32.5 21.5 7
3494540 2 28.5 21 7
3494541 2 28.5 21.5 7
3494587 2 29 21 7
3494588 2 29 21.5 7
3494634 2 29.5 21 7
3494635 2 29.5 21.5 7
3494681 2 30 21 7
3494682 2 30 21.5 7
3494728 2 30.5 21 7
3494729 2 30.5 21.5 7
3494775 2 31 21 7
3494776 2 31 21.5 7
3494822 2 31.5 21 7
3494823 2 31.5 21.5 7
3494869 2 32 21 7
3494870 2 32 21.5 7
3494916 2 32.5 21 7
3494917 2 32.5 21.5 7
3510097 2.5 28.5 21 7
3510098 2.5 28.5 21.5 7
3510144 2.5 29 21 7
3510145 2.5 29 21.5 7
3510191 2.5 29.5 21 7
3510192 2.5 29.5 21.5 7
3510238 2.5 30 21 7
3510239 2.5 30 21.5 7
3510285 2.5 30.5 21 7
3510286 2.5 30.5 21.5 7
3510332 2.5 31 21 7
3510333 2.5 31 21.5 7
3510379 2.5 31.5 21 7
3510380 2.5 31.5 21.5 7
3510426 2.5 32 21 7
3510427 2.5 32 21.5 7
3510473 2.5 32.5 21 7
3510474 2.5 32.5 21.5 7
3525654 3 28.5 21 7
3525655 3 28.5 21.5 7
3525701 3 29 21 7
3525702 3 29 21.5 7
3525748 3 29.5 21 7
3525749 3 29.5 21.5 7
3525795 3 30 21 7
3525796 3 30 21.5 7
3525842 3 30.5 21 7
3525843 3 30.5 21.5 7
3525889 3 31 21 7
3525890 3 31 21.5 7
3525936 3 31.5 21 7
3525937 3 31.5 21.5 7
3525983 3 32 21 7
3525984 3 32 21.5 7
3526030 3 32.5 21 7
3526031 3 32.5 21.5 7
3541211 3.5 28.5 21 7
3541212 3.5 28.5 21.5 7
3541258 3.5 29 21 7
3541259 3.5 29 21.5 7
3541305 3.5 29.5 21 7
3541306 3.5 29.5 21.5 7
3541352 3.5 30 21 7
3541353 3.5 30 21.5 7
3541399 3.5 30.5 21 7
3541400 3.5 30.5 21.5 7
3541446 3.5 31 21 7
3541447 3.5 31 21.5 7
3541493 3.5 31.5 21 7
3541494 3.5 31.5 21.5 7
3541540 3.5 32 21 7
3541541 3.5 32 21.5 7
3541587 3.5 32.5 21 7
3541588 3.5 32.5 21.5 7
3556768 4 28.5 21 7
3556769 4 28.5 21.5 7
3556815 4 29 21 7
3556816 4 29 21.5 7
3556862 4 29.5 21 7
3556863 4 29.5 21.5 7
3556909 4 30 21 7
3556910 4 30 21.5 7
3556956 4 30.5 21 7
3556957 4 30.5 21.5 7
3557003 4 31 21 7
3557004 4 31 21.5 7
3557050 4 31.5 21 7
3557051 4 31.5 21.5 7
3557097 4 32 21 7
3557098 4 32 21.5 7
3557144 4 32.5 21 7
3557145 4 32.5 21.5 7
3572325 4.5 28.5 21 7
3572326 4.5 28.5 21.5 7
3572372 4.5 29 21 7
3572373 4.5 29 21.5 7
3572419 4.5 29.5 21 7
3572420 4.5 29.5 21.5 7
3572466 4.5 30 21 7
3572467 4.5 30 21.5 7
3572513 4.5 30.5 21 7
3572514 4.5 30.5 21.5 7
3572560 4.5 31 21 7
3572561 4.5 31 21.5 7
3572607 4.5 31.5 21 7
3572608 4.5 31.5 21.5 7
3572654 4.5 32 21 7
3572655 4.5 32 21.5 7
3572701 4.5 32.5 21 7
3572702 4.5 32.5 21.5 7
3587882 5 28.5 21 7
3587883 5 28.5 21.5 7
3587929 5 29 21 7
3587930 5 29 21.5 7
3587976 5 29.5 21 7
3587977 5 29.5 21.5 7
3588023 5 30 21 7
3588024 5 30 21.5 7
3588070 5 30.5 21 7
3588071 5 30.5 21.5 7
3588117 5 31 21 7
3588118 5 31 21.5 7
3588164 5 31.5 21 7
3588165 5 31.5 21.5 7
3588211 5 32 21 7
3588212 5 32 21.5 7
3588258 5 32.5 21 7
3588259 5 32.5 21.5 7
3603439 5.5 28.5 21 7
3603440 5.5 28.5 21.5 7
3603486 5.5 29 21 7
3603487 5.5 29 21.5 7
3603533 5.5 29.5 21 7
3603534 5.5 29.5 21.5 7
3603580 5.5 30 21 7
3603581 5.5 30 21.5 7
3603627 5.5 30.5 21 7
3603628 5.5 30.5 21.5 7
3603674 5.5 31 21 7
3603675 5.5 31 21.5 7
3603721 5.5 31.5 21 7
3603722 5.5 31.5 21.5 7
3603768 5.5 32 21 7
3603769 5.5 32 21.5 7
3603815 5.5 32.5 21 7
3603816 5.5 32.5 21.5 7
3618996 6 28.5 21 7
3618997 6 28.5 21.5 7
3619043 6 29 21 7
3619044 6 29 21.5 7
3619090 6 29.5 21 7
3619091 6 29.5 21.5 7
3619137 6 30 21 7
3619138 6 30 21.5 7
3619184 6 30.5 21 7
3619185 6 30.5 21.5 7
3619231 6 31 21 7
3619232 6 31 21.5 7
3619278 6 31.5 21 7
3619279 6 31.5 21.5 7
3619325 6 32 21 7
3619326 6 32 21.5 7
3619372 6 32.5 21 7
3619373 6 32.5 21.5 7
3634553 6.5 28.5 21 7
3634554 6.5 28.5 21.5 7
3634600 6.5 29 21 7
3634601 6.5 29 21.5 7
3634647 6.5 29.5 21 7
3634648 6.5 29.5 21.5 7
3634694 6.5 30 21 7
3634695 6.5 30 21.5 7
3634741 6.5 30.5 21 7
3634742 6.5 30.5 21.5 7
3634788 6.5 31 21 7
3634789 6.5 31 21.5 7
3634835 6.5 31.5 21 7
3634836 6.5 31.5 21.5 7
3634882 6.5 32 21 7
3634883 6.5 32 21.5 7
3634929 6.5 32.5 21 7
3634930 6.5 32.5 21.5 7
3650110 7 28.5 21 7
3650111 7 28.5 21.5 7
3650157 7 29 21 7
3650158 7 29 21.5 7
3650204 7 29.5 21 7
3650205 7 29.5 21.5 7
3650251 7 30 21 7
3650252 7 30 21.5 7
3650298 7 30.5 21 7
3650299 7 30.5 21.5 7
3650345 7 31 21 7
3650346 7 31 21.5 7
3650392 7 31.5 21 7
3650393 7 31.5 21.5 7
3650439 7 32 21 7
3650440 7 32 21.5 7
3650486 7 32.5 21 7
3650487 7 32.5 21.5 7
3665667 7.5 28.5 21 7
3665668 7.5 28.5 21.5 7
3665714 7.5 29 21 7
3665715 7.5 29 21.5 7
3665761 7.5 29.5 21 7
3665762 7.5 29.5 21.5 7
3665808 7.5 30 21 7
3665809 7.5 30 21.5 7
3665855 7.5 30.5 21 7
3665856 7.5 30.5 21.5 7
3665902 7.5 31 21 7
3665903 7.5 31 21.5 7
3665949 7.5 31.5 21 7
3665950 7.5 31.5 21.5 7
3665996 7.5 32 21 7
3665997 7.5 32 21.5 7
3666043 7.5 32.5 21 7
3666044 7.5 32.5 21.5 7
3681224 8 28.5 21 7
3681225 8 28.5 21.5 7
3681271 8 29 21 7
3681272 8 29 21.5 7
3681318 8 29.5 21 7
3681319 8 29.5 21.5 7
3681365 8 30 21 7
3681366 8 30 21.5 7
3681412 8 30.5 21 7
3681413 8 30.5 21.5 7
3681459 8 31 21 7
3681460 8 31 21.5 7
3681506 8 31.5 21 7
3681507 8 31.5 21.5 7
3681553 8 32 21 7
3681554 8 32 21.5 7
3681600 8 32.5 21 7
3681601 8 32.5 21.5 7
3696781 8.5 28.5 21 7
3696782 8.5 28.5 21.5 7
3696828 8.5 29 21 7
3696829 8.5 29 21.5 7
3696875 8.5 29.5 21 7
3696876 8.5 29.5 21.5 7
3696922 8.5 30 21 7
3696923 8.5 30 21.5 7
3696969 8.5 30.5 21 7
3696970 8.5 30.5 21.5 7
3697016 8.5 31 21 7
3697017 8.5 31 21.5 7
3697063 8.5 31.5 21 7
3697064 8.5 31.5 21.5 7
3697110 8.5 32 21 7
3697111 8.5 32 21.5 7
3697157 8.5 32.5 21 7
3697158 8.5 32.5 21.5 7
3712338 9 28.5 21 7
3712339 9 28.5 21.5 7
3712385 9 29 21 7
3712386 9 29 21.5 7
3712432 9 29.5 21 7
3712433 9 29.5 21.5 7
3712479 9 30 21 7
3712480 9 30 21.5 7
3712526 9 30.5 21 7
3712527 9 30.5 21.5 7
3712573 9 31 21 7
3712574 9 31 21.5 7
3712620 9 31.5 21 7
3712621 9 31.5 21.5 7
3712667 9 32 21 7
3712668 9 32 21.5 7
3712714 9 32.5 21 7
3712715 9 32.5 21.5 7
3727895 9.5 28.5 21 7
3727896 9.5 28.5 21.5 7
3727942 9.5 29 21 7
3727943 9.5 29 21.5 7
3727989 9.5 29.5 21 7
3727990 9.5 29.5 21.5 7
3728036 9.5 30 21 7
3728037 9.5 30 21.5 7
3728083 9.5 30.5 21 7
3728084 9.5 30.5 21.5 7
3728130 9.5 31 21 7
3728131 9.5 31 21.5 7
3728177 9.5 31.5 21 7
3728178 9.5 31.5 21.5 7
3728224 9.5 32 21 7
3728225 9.5 32 21.5 7
3728271 9.5 32.5 21 7
3728272 9.5 32.5 21.5 7
3743452 10 28.5 21 7
3743453 10 28.5 21.5 7
3743499 10 29 21 7
3743500 10 29 21.5 7
3743546 10 29.5 21 7
3743547 10 29.5 21.5 7
3743593 10 30 21 7
3743594 10 30 21.5 7
3743640 10 30.5 21 7
3743641 10 30.5 21.5 7
3743687 10 31 21 7
3743688 10 31 21.5 7
3743734 10 31.5 21 7
3743735 10 31.5 21.5 7
3743781 10 32 21 7
3743782 10 32 21.5 7
3743828 10 32.5 21 7
3743829 10 32.5 21.5 7
3759009 10.5 28.5 21 7
3759010 10.5 28.5 21.5 7
3759056 10.5 29 21 7
3759057 10.5 29 21.5 7
3759103 10.5 29.5 21 7
3759104 10.5 29.5 21.5 7
3759150 10.5 30 21 7
3759151 10.5 30 21.5 7
3759197 10.5 30.5 21 7
3759198 10.5 30.5 21.5 7
3759244 10.5 31 21 7
3759245 10.5 31 21.5 7
3759291 10.5 31.5 21 7
3759292 10.5 31.5 21.5 7
3759338 10.5 32 21 7
3759339 10.5 32 21.5 7
3759385 10.5 32.5 21 7
3759386 10.5 32.5 21.5 7
3774566 11 28.5 21 7
3774567 11 28.5 21.5 7
3774613 11 29 21 7
3774614 11 29 21.5 7
3774660 11 29.5 21 7
3774661 11 29.5 21.5 7
3774707 11 30 21 7
3774708 11 30 21.5 7
3774754 11 30.5 21 7
3774755 11 30.5 21.5 7
3774801 11 31 21 7
3774802 11 31 21.5 7
3774848 11 31.5 21 7
3774849 11 31.5 21.5 7
3774895 11 32 21 7
3774896 11 32 21.5 7
3774942 11 32.5 21 7
3774943 11 32.5 21.5 7
3790123 11.5 28.5 21 7
3790124 11.5 28.5 21.5 7
3790170 11.5 29 21 7
3790171 11.5 29 21.5 7
3790217 11.5 29.5 21 7
3790218 11.5 29.5 21.5 7
3790264 11.5 30 21 7
3790265 11.5 30 21.5 7
3790311 11.5 30.5 21 7
3790312 11.5 30.5 21.5 7
3790358 11.5 31 21 7
3790359 11.5 31 21.5 7
3790405 11.5 31.5 21 7
3790406 11.5 31.5 21.5 7
3790452 11.5 32 21 7
3790453 11.5 32 21.5 7
3790499 11.5 32.5 21 7
3790500 11.5 32.5 21.5 7
3805680 12 28.5 21 7
3805681 12 28.5 21.5 7
3805727 12 29 21 7
3805728 12 29 21.5 7
3805774 12 29.5 21 7
3805775 12 29.5 21.5 7
3805821 12 30 21 7
3805822 12 30 21.5 7
3805868 12 30.5 21 7
3805869 12 30.5 21.5 7
3805915 12 31 21 7
3805916 12 31 21.5 7
3805962 12 31.5 21 7
3805963 12 31.5 21.5 7
3806009 12 32 21 7
3806010 12 32 21.5 7
3806056 12 32.5 21 7
3806057 12 32.5 21.5 7
3821237 12.5 28.5 21 7
3821238 12.5 28.5 21.5 7
3821284 12.5 29 21 7
3821285 12.5 29 21.5 7
3821331 12.5 29.5 21 7
3821332 12.5 29.5 21.5 7
3821378 12.5 30 21 7
3821379 12.5 30 21.5 7
3821425 12.5 30.5 21 7
3821426 12.5 30.5 21.5 7
3821472 12.5 31 21 7
3821473 12.5 31 21.5 7
3821519 12.5 31.5 21 7
3821520 12.5 31.5 21.5 7
3821566 12.5 32 21 7
3821567 12.5 32 21.5 7
3821613 12.5 32.5 21 7
3821614 12.5 32.5 21.5 7
3836794 13 28.5 21 7
3836795 13 28.5 21.5 7
3836841 13 29 21 7
3836842 13 29 21.5 7
3836888 13 29.5 21 7
3836889 13 29.5 21.5 7
3836935 13 30 21 7
3836936 13 30 21.5 7
3836982 13 30.5 21 7
3836983 13 30.5 21.5 7
3837029 13 31 21 7
3837030 13 31 21.5 7
3837076 13 31.5 21 7
3837077 13 31.5 21.5 7
3837123 13 32 21 7
3837124 13 32 21.5 7
3837170 13 32.5 21 7
3837171 13 32.5 21.5 7
3852351 13.5 28.5 21 7
3852352 13.5 28.5 21.5 7
3852398 13.5 29 21 7
3852399 13.5 29 21.5 7
3852445 13.5 29.5 21 7
3852446 13.5 29.5 21.5 7
3852492 13.5 30 21 7
3852493 13.5 30 21.5 7
3852539 13.5 30.5 21 7
3852540 13.5 30.5 21.5 7
3852586 13.5 31 21 7
3852587 13.5 31 21.5 7
3852633 13.5 31.5 21 7
3852634 13.5 31.5 21.5 7
3852680 13.5 32 21 7
3852681 13.5 32 21.5 7
3852727 13.5 32.5 21 7
3852728 13.5 32.5 21.5 7
3867908 14 28.5 21 7
3867909 14 28.5 21.5 7
3867955 14 29 21 7
3867956 14 29 21.5 7
3868002 14 29.5 21 7
3868003 14 29.5 21.5 7
3868049 14 30 21 7
3868050 14 30 21.5 7
3868096 14 30.5 21 7
3868097 14 30.5 21.5 7
3868143 14 31 21 7
3868144 14 31 21.5 7
3868190 14 31.5 21 7
3868191 14 31.5 21.5 7
3868237 14 32 21 7
3868238 14 32 21.5 7
3868284 14 32.5 21 7
3868285 14 32.5 21.5 7
3883465 14.5 28.5 21 7
3883466 14.5 28.5 21.5 7
3883512 14.5 29 21 7
3883513 14.5 29 21.5 7
3883559 14.5 29.5 21 7
3883560 14.5 29.5 21.5 7
3883606 14.5 30 21 7
3883607 14.5 30 21.5 7
3883653 14.5 30.5 21 7
3883654 14.5 30.5 21.5 7
3883700 14.5 31 21 7
3883701 14.5 31 21.5 7
3883747 14.5 31.5 21 7
3883748 14.5 31.5 21.5 7
3883794 14.5 32 21 7
3883795 14.5 32 21.5 7
3883841 14.5 32.5 21 7
3883842 14.5 32.5 21.5 7
3899022 15 28.5 21 7
3899023 15 28.5 21.5 7
3899069 15 29 21 7
3899070 15 29 21.5 7
3899116 15 29.5 21 7
3899117 15 29.5 21.5 7
3899163 15 30 21 7
3899164 15 30 21.5 7
3899210 15 30.5 21 7
3899211 15 30.5 21.5 7
3899257 15 31 21 7
3899258 15 31 21.5 7
3899304 15 31.5 21 7
3899305 15 31.5 21.5 7
3899351 15 32 21 7
3899352 15 32 21.5 7
3899398 15 32.5 21 7
3899399 15 32.5 21.5 7
3914579 15.5 28.5 21 7
3914580 15.5 28.5 21.5 7
3914626 15.5 29 21 7
3914627 15.5 29 21.5 7
3914673 15.5 29.5 21 7
3914674 15.5 29.5 21.5 7
3914720 15.5 30 21 7
3914721 15.5 30 21.5 7
3914767 15.5 30.5 21 7
3914768 15.5 30.5 21.5 7
3914814 15.5 31 21 7
3914815 15.5 31 21.5 7
3914861 15.5 31.5 21 7
3914862 15.5 31.5 21.5 7
3914908 15.5 32 21 7
3914909 15.5 32 21.5 7
3914955 15.5 32.5 21 7
3914956 15.5 32.5 21.5 7
3930136 16 28.5 21 7
3930137 16 28.5 21.5 7
3930183 16 29 21 7
3930184 16 29 21.5 7
3930230 16 29.5 21 7
3930231 16 29.5 21.5 7
3930277 16 30 21 7
3930278 16 30 21.5 7
3930324 16 30.5 21 7
3930325 16 30.5 21.5 7
3930371 16 31 21 7
3930372 16 31 21.5 7
3930418 16 31.5 21 7
3930419 16 31.5 21.5 7
3930465 16 32 21 7
3930466 16 32 21.5 7
3930512 16 32.5 21 7
3930513 16 32.5 21.5 7
3945693 16.5 28.5 21 7
3945694 16.5 28.5 21.5 7
3945740 16.5 29 21 7
3945741 16.5 29 21.5 7
3945787 16.5 29.5 21 7
3945788 16.5 29.5 21.5 7
3945834 16.5 30 21 7
3945835 16.5 30 21.5 7
3945881 16.5 30.5 21 7
3945882 16.5 30.5 21.5 7
3945928 16.5 31 21 7
3945929 16.5 31 21.5 7
3945975 16.5 31.5 21 7
3945976 16.5 31.5 21.5 7
3946022 16.5 32 21 7
3946023 16.5 32 21.5 7
3946069 16.5 32.5 21 7
3946070 16.5 32.5 21.5 7
3961250 17 28.5 21 7
3961251 17 28.5 21.5 7
3961297 17 29 21 7
3961298 17 29 21.5 7
3961344 17 29.5 21 7
3961345 17 29.5 21.5 7
3961391 17 30 21 7
3961392 17 30 21.5 7
3961438 17 30.5 21 7
3961439 17 30.5 21.5 7
3961485 17 31 21 7
3961486 17 31 21.5 7
3961532 17 31.5 21 7
3961533 17 31.5 21.5 7
3961579 17 32 21 7
3961580 17 32 21.5 7
3961626 17 32.5 21 7
3961627 17 32.5 21.5 7
3976807 17.5 28.5 21 7
3976808 17.5 28.5 21.5 7
3976854 17.5 29 21 7
3976855 17.5 29 21.5 7
3976901 17.5 29.5 21 7
3976902 17.5 29.5 21.5 7
3976948 17.5 30 21 7
3976949 17.5 30 21.5 7
3976995 17.5 30.5 21 7
3976996 17.5 30.5 21.5 7
3977042 17.5 31 21 7
3977043 17.5 31 21.5 7
3977089 17.5 31.5 21 7
3977090 17.5 31.5 21.5 7
3977136 17.5 32 21 7
3977137 17.5 32 21.5 7
3977183 17.5 32.5 21 7
3977184 17.5 32.5 21.5 7
3992364 18 28.5 21 7
3992365 18 28.5 21.5 7
3992411 18 29 21 7
3992412 18 29 21.5 7
3992458 18 29.5 21 7
3992459 18 29.5 21.5 7
3992505 18 30 21 7
3992506 18 30 21.5 7
3992552 18 30.5 21 7
3992553 18 30.5 21.5 7
3992599 18 31 21 7
3992600 18 31 21.5 7
3992646 18 31.5 21 7
3992647 18 31.5 21.5 7
3992693 18 32 21 7
3992694 18 32 21.5 7
3992740 18 32.5 21 7
3992741 18 32.5 21.5 7
4007921 18.5 28.5 21 7
4007922 18.5 28.5 21.5 7
4007968 18.5 29 21 7
4007969 18.5 29 21.5 7
4008015 18.5 29.5 21 7
4008016 18.5 29.5 21.5 7
4008062 18.5 30 21 7
4008063 18.5 30 21.5 7
4008109 18.5 30.5 21 7
4008110 18.5 30.5 21.5 7
4008156 18.5 31 21 7
4008157 18.5 31 21.5 7
4008203 18.5 31.5 21 7
4008204 18.5 31.5 21.5 7
4008250 18.5 32 21 7
4008251 18.5 32 21.5 7
4008297 18.5 32.5 21 7
4008298 18.5 32.5 21.5 7
4023478 19 28.5 21 7
4023479 19 28.5 21.5 7
4023525 19 29 21 7
4023526 19 29 21.5 7
4023572 19 29.5 21 7
4023573 19 29.5 21.5 7
4023619 19 30 21 7
4023620 19 30 21.5 7
4023666 19 30.5 21 7
4023667 19 30.5 21.5 7
4023713 19 31 21 7
4023714 19 31 21.5 7
4023760 19 31.5 21 7
4023761 19 31.5 21.5 7
4023807 19 32 21 7
4023808 19 32 21.5 7
4023854 19 32.5 21 7
4023855 19 32.5 21.5 7
4039035 19.5 28.5 21 7
4039036 19.5 28.5 21.5 7
4039082 19.5 29 21 7
4039083 19.5 29 21.5 7
4039129 19.5 29.5 21 7
4039130 19.5 29.5 21.5 7
4039176 19.5 30 21 7
4039177 19.5 30 21.5 7
4039223 19.5 30.5 21 7
4039224 19.5 30.5 21.5 7
4039270 19.5 31 21 7
4039271 19.5 31 21.5 7
4039317 19.5 31.5 21 7
4039318 19.5 31.5 21.5 7
4039364 19.5 32 21 7
4039365 19.5 32 21.5 7
4039411 19.5 32.5 21 7
4039412 19.5 32.5 21.5 7
4054592 20 28.5 21 7
4054593 20 28.5 21.5 7
4054639 20 29 21 7
4054640 20 29 21.5 7
4054686 20 29.5 21 7
4054687 20 29.5 21.5 7
4054733 20 30 21 7
4054734 20 30 21.5 7
4054780 20 30.5 21 7
4054781 20 30.5 21.5 7
4054827 20 31 21 7
4054828 20 31 21.5 7
4054874 20 31.5 21 7
4054875 20 31.5 21.5 7
4054921 20 32 21 7
4054922 20 32 21.5 7
4054968 20 32.5 21 7
4054969 20 32.5 21.5 7
4070149 20.5 28.5 21 7
4070150 20.5 28.5 21.5 7
4070196 20.5 29 21 7
4070197 20.5 29 21.5 7
4070243 20.5 29.5 21 7
4070244 20.5 29.5 21.5 7
4070290 20.5 30 21 7
4070291 20.5 30 21.5 7
4070337 20.5 30.5 21 7
4070338 20.5 30.5 21.5 7
4070384 20.5 31 21 7
4070385 20.5 31 21.5 7
4070431 20.5 31.5 21 7
4070432 20.5 31.5 21.5 7
4070478 20.5 32 21 7
4070479 20.5 32 21.5 7
4070525 20.5 32.5 21 7
4070526 20.5 32.5 21.5 7
4085706 21 28.5 21 7
4085707 21 28.5 21.5 7
4085753 21 29 21 7
4085754 21 29 21.5 7
4085800 21 29.5 21 7
4085801 21 29.5 21.5 7
4085847 21 30 21 7
4085848 21 30 21.5 7
4085894 21 30.5 21 7
4085895 21 30.5 21.5 7
4085941 21 31 21 7
4085942 21 31 21.5 7
4085988 21 31.5 21 7
4085989 21 31.5 21.5 7
4086035 21 32 21 7
4086036 21 32 21.5 7
4086082 21 32.5 21 7
4086083 21 32.5 21.5 7
4101263 21.5 28.5 21 7
4101264 21.5 28.5 21.5 7
4101310 21.5 29 21 7
4101311 21.5 29 21.5 7
4101357 21.5 29.5 21 7
4101358 21.5 29.5 21.5 7
4101404 21.5 30 21 7
4101405 21.5 30 21.5 7
4101451 21.5 30.5 21 7
4101452 21.5 30.5 21.5 7
4101498 21.5 31 21 7
4101499 21.5 31 21.5 7
4101545 21.5 31.5 21 7
4101546 21.5 31.5 21.5 7
4101592 21.5 32 21 7
4101593 21.5 32 21.5 7
4101639 21.5 32.5 21 7
4101640 21.5 32.5 21.5 7
4116820 22 28.5 21 7
4116821 22 28.5 21.5 7
4116867 22 29 21 7
4116868 22 29 21.5 7
4116914 22 29.5 21 7
4116915 22 29.5 21.5 7
4116961 22 30 21 7
4116962 22 30 21.5 7
4117008 22 30.5 21 7
4117009 22 30.5 21.5 7
4117055 22 31 21 7
4117056 22 31 21.5 7
4117102 22 31.5 21 7
4117103 22 31.5 21.5 7
4117149 22 32 21 7
4117150 22 32 21.5 7
4117196 22 32.5 21 7
4117197 22 32.5 21.5 7
4132377 22.5 28.5 21 7
4132378 22.5 28.5 21.5 7
4132424 22.5 29 21 7
4132425 22.5 29 21.5 7
4132471 22.5 29.5 21 7
4132472 22.5 29.5 21.5 7
4132518 22.5 30 21 7
4132519 22.5 30 21.5 7
4132565 22.5 30.5 21 7
4132566 22.5 30.5 21.5 7
4132612 22.5 31 21 7
4132613 22.5 31 21.5 7
4132659 22.5 31.5 21 7
4132660 22.5 31.5 21.5 7
4132706 22.5 32 21 7
4132707 22.5 32 21.5 7
4132753 22.5 32.5 21 7
4132754 22.5 32.5 21.5 7
4147934 23 28.5 21 7
4147935 23 28.5 21.5 7
4147981 23 29 21 7
4147982 23 29 21.5 7
4148028 23 29.5 21 7
4148029 23 29.5 21.5 7
4148075 23 30 21 7
4148076 23 30 21.5 7
4148122 23 30.5 21 7
4148123 23 30.5 21.5 7
4148169 23 31 21 7
4148170 23 31 21.5 7
4148216 23 31.5 21 7
4148217 23 31.5 21.5 7
4148263 23 32 21 7
4148264 23 32 21.5 7
4148310 23 32.5 21 7
4148311 23 32.5 21.5 7
4163491 23.5 28.5 21 7
4163492 23.5 28.5 21.5 7
4163538 23.5 29 21 7
4163539 23.5 29 21.5 7
4163585 23.5 29.5 21 7
4163586 23.5 29.5 21.5 7
4163632 23.5 30 21 7
4163633 23.5 30 21.5 7
4163679 23.5 30.5 21 7
4163680 23.5 30.5 21.5 7
4163726 23.5 31 21 7
4163727 23.5 31 21.5 7
4163773 23.5 31.5 21 7
4163774 23.5 31.5 21.5 7
4163820 23.5 32 21 7
4163821 23.5 32 21.5 7
4163867 23.5 32.5 21 7
4163868 23.5 32.5 21.5 7
4179048 24 28.5 21 7
4179049 24 28.5 21.5 7
4179095 24 29 21 7
4179096 24 29 21.5 7
4179142 24 29.5 21 7
4179143 24 29.5 21.5 7
4179189 24 30 21 7
4179190 24 30 21.5 7
4179236 24 30.5 21 7
4179237 24 30.5 21.5 7
4179283 24 31 21 7
4179284 24 31 21.5 7
4179330 24 31.5 21 7
4179331 24 31.5 21.5 7
4179377 24 32 21 7
4179378 24 32 21.5 7
4179424 24 32.5 21 7
4179425 24 32.5 21.5 7
4194605 24.5 28.5 21 7
4194606 24.5 28.5 21.5 7
4194652 24.5 29 21 7
4194653 24.5 29 21.5 7
4194699 24.5 29.5 21 7
4194700 24.5 29.5 21.5 7
4194746 24.5 30 21 7
4194747 24.5 30 21.5 7
4194793 24.5 30.5 21 7
4194794 24.5 30.5 21.5 7
4194840 24.5 31 21 7
4194841 24.5 31 21.5 7
4194887 24.5 31.5 21 7
4194888 24.5 31.5 21.5 7
4194934 24.5 32 21 7
4194935 24.5 32 21.5 7
4194981 24.5 32.5 21 7
4194982 24.5 32.5 21.5 7
4210162 25 28.5 21 7
4210163 25 28.5 21.5 7
4210209 25 29 21 7
4210210 25 29 21.5 7
4210256 25 29.5 21 7
4210257 25 29.5 21.5 7
4210303 25 30 21 7
4210304 25 30 21.5 7
4210350 25 30.5 21 7
4210351 25 30.5 21.5 7
4210397 25 31 21 7
4210398 25 31 21.5 7
4210444 25 31.5 21 7
4210445 25 31.5 21.5 7
4210491 25 32 21 7
4210492 25 32 21.5 7
4210538 25 32.5 21 7
4210539 25 32.5 21.5 7
4225719 25.5 28.5 21 7
4225720 25.5 28.5 21.5 7
4225766 25.5 29 21 7
4225767 25.5 29 21.5 7
4225813 25.5 29.5 21 7
4225814 25.5 29.5 21.5 7
4225860 25.5 30 21 7
4225861 25.5 30 21.5 7
4225907 25.5 30.5 21 7
4225908 25.5 30.5 21.5 7
4225954 25.5 31 21 7
4225955 25.5 31 21.5 7
4226001 25.5 31.5 21 7
4226002 25.5 31.5 21.5 7
4226048 25.5 32 21 7
4226049 25.5 32 21.5 7
4226095 25.5 32.5 21 7
4226096 25.5 32.5 21.5 7
4241276 26 28.5 21 7
4241277 26 28.5 21.5 7
4241323 26 29 21 7
4241324 26 29 21.5 7
4241370 26 29.5 21 7
4241371 26 29.5 21.5 7
4241417 26 30 21 7
4241418 26 30 21.5 7
4241464 26 30.5 21 7
4241465 26 30.5 21.5 7
4241511 26 31 21 7
4241512 26 31 21.5 7
4241558 26 31.5 21 7
4241559 26 31.5 21.5 7
4241605 26 32 21 7
4241606 26 32 21.5 7
4256833 26.5 28.5 21 7
4256834 26.5 28.5 21.5 7
4256880 26.5 29 21 7
4256881 26.5 29 21.5 7
4256927 26.5 29.5 21 7
4256928 26.5 29.5 21.5 7
4256974 26.5 30 21 7
4256975 26.5 30 21.5 7
4257021 26.5 30.5 21 7
4257022 26.5 30.5 21.5 7
4257068 26.5 31 21 7
4257069 26.5 31 21.5 7
4257115 26.5 31.5 21 7
4257116 26.5 31.5 21.5 7
4272390 27 28.5 21 7
4272391 27 28.5 21.5 7
4272437 27 29 21 7
4272438 27 29 21.5 7
4272484 27 29.5 21 7
4272485 27 29.5 21.5 7
4272531 27 30 21 7
4272532 27 30 21.5 7
4272578 27 30.5 21 7
4272579 27 30.5 21.5 7
4287947 27.5 28.5 21 7
4287948 27.5 28.5 21.5 7
4287994 27.5 29 21 7
4287995 27.5 29 21.5 7
4288041 27.5 29.5 21 7
4288042 27.5 29.5 21.5 7
4288088 27.5 30 21 7
4288089 27.5 30 21.5 7
4303504 28 28.5 21 7
4303505 28 28.5 21.5 7
4303551 28 29 21 7
4303552 28 29 21.5 7
4319061 28.5 28.5 21 7
4319062 28.5 28.5 21.5 7
