4380098 30.5 16 13 12
4380099 30.5 16 13.5 12
4380100 30.5 16 14 12
4380101 30.5 16 14.5 12
4380145 30.5 16.5 13 12
4380146 30.5 16.5 13.5 12
4380147 30.5 16.5 14 12
4380148 30.5 16.5 14.5 12
4380192 30.5 17 13 12
4380193 30.5 17 13.5 12
4380194 30.5 17 14 12
4380195 30.5 17 14.5 12
4395655 31 16 13 12
4395656 31 16 13.5 12
4395657 31 16 14 12
4395658 31 16 14.5 12
4395702 31 16.5 13 12
4395703 31 16.5 13.5 12
4395704 31 16.5 14 12
4395705 31 16.5 14.5 12
4395749 31 17 13 12
4395750 31 17 13.5 12
4395751 31 17 14 12
4395752 31 17 14.5 12
4411212 31.5 16 13 12
4411213 31.5 16 13.5 12
4411214 31.5 16 14 12
4411215 31.5 16 14.5 12
4411259 31.5 16.5 13 12
4411260 31.5 16.5 13.5 12
4411261 31.5 16.5 14 12
4411262 31.5 16.5 14.5 12
4411306 31.5 17 13 12
4411307 31.5 17 13.5 12
4411308 31.5 17 14 12
4411309 31.5 17 14.5 12
4426769 32 16 13 12
4426770 32 16 13.5 12
4426771 32 16 14 12
4426772 32 16 14.5 12
4426816 32 16.5 13 12
4426817 32 16.5 13.5 12
4426818 32 16.5 14 12
4426819 32 16.5 14.5 12
4426863 32 17 13 12
4426864 32 17 13.5 12
4426865 32 17 14 12
4426866 32 17 14.5 12
