9262646 187.5 -9 13 12
9262647 187.5 -9 13.5 12
9262648 187.5 -9 14 12
9262649 187.5 -9 14.5 12
9262693 187.5 -8.5 13 12
9262694 187.5 -8.5 13.5 12
9262695 187.5 -8.5 14 12
9262696 187.5 -8.5 14.5 12
9262740 187.5 -8 13 12
9262741 187.5 -8 13.5 12
9262742 187.5 -8 14 12
9262743 187.5 -8 14.5 12
9262787 187.5 -7.5 13 12
9262788 187.5 -7.5 13.5 12
9262789 187.5 -7.5 14 12
9262790 187.5 -7.5 14.5 12
9278203 188 -9 13 12
9278204 188 -9 13.5 12
9278205 188 -9 14 12
9278206 188 -9 14.5 12
9278250 188 -8.5 13 12
9278251 188 -8.5 13.5 12
9278252 188 -8.5 14 12
9278253 188 -8.5 14.5 12
9278297 188 -8 13 12
9278298 188 -8 13.5 12
9278299 188 -8 14 12
9278300 188 -8 14.5 12
9278344 188 -7.5 13 12
9278345 188 -7.5 13.5 12
9278346 188 -7.5 14 12
9278347 188 -7.5 14.5 12
9293760 188.5 -9 13 12
9293761 188.5 -9 13.5 12
9293762 188.5 -9 14 12
9293763 188.5 -9 14.5 12
9293807 188.5 -8.5 13 12
9293808 188.5 -8.5 13.5 12
9293809 188.5 -8.5 14 12
9293810 188.5 -8.5 14.5 12
9293854 188.5 -8 13 12
9293855 188.5 -8 13.5 12
9293856 188.5 -8 14 12
9293857 188.5 -8 14.5 12
9293901 188.5 -7.5 13 12
9293902 188.5 -7.5 13.5 12
9293903 188.5 -7.5 14 12
9293904 188.5 -7.5 14.5 12
