5045947 52 -17 13 12
5045948 52 -17 13.5 12
5045949 52 -17 14 12
5045950 52 -17 14.5 12
5045994 52 -16.5 13 12
5045995 52 -16.5 13.5 12
5045996 52 -16.5 14 12
5045997 52 -16.5 14.5 12
5046041 52 -16 13 12
5046042 52 -16 13.5 12
5046043 52 -16 14 12
5046044 52 -16 14.5 12
5061504 52.5 -17 13 12
5061505 52.5 -17 13.5 12
5061506 52.5 -17 14 12
5061507 52.5 -17 14.5 12
5061551 52.5 -16.5 13 12
5061552 52.5 -16.5 13.5 12
5061553 52.5 -16.5 14 12
5061554 52.5 -16.5 14.5 12
5061598 52.5 -16 13 12
5061599 52.5 -16 13.5 12
5061600 52.5 -16 14 12
5061601 52.5 -16 14.5 12
5077061 53 -17 13 12
5077062 53 -17 13.5 12
5077063 53 -17 14 12
5077064 53 -17 14.5 12
5077108 53 -16.5 13 12
5077109 53 -16.5 13.5 12
5077110 53 -16.5 14 12
5077111 53 -16.5 14.5 12
5077155 53 -16 13 12
5077156 53 -16 13.5 12
5077157 53 -16 14 12
5077158 53 -16 14.5 12
5092618 53.5 -17 13 12
5092619 53.5 -17 13.5 12
5092620 53.5 -17 14 12
5092621 53.5 -17 14.5 12
5092665 53.5 -16.5 13 12
5092666 53.5 -16.5 13.5 12
5092667 53.5 -16.5 14 12
5092668 53.5 -16.5 14.5 12
5092712 53.5 -16 13 12
5092713 53.5 -16 13.5 12
5092714 53.5 -16 14 12
5092715 53.5 -16 14.5 12
