8208872 153.5 34.5 19.5 7
8208873 153.5 34.5 20 7
8208874 153.5 34.5 20.5 7
8208875 153.5 34.5 21 7
8224382 154 34 19.5 7
8224383 154 34 20 7
8224384 154 34 20.5 7
8224385 154 34 21 7
8224429 154 34.5 19.5 7
8224430 154 34.5 20 7
8224431 154 34.5 20.5 7
8224432 154 34.5 21 7
8239845 154.5 33 19.5 7
8239846 154.5 33 20 7
8239847 154.5 33 20.5 7
8239848 154.5 33 21 7
8239892 154.5 33.5 19.5 7
8239893 154.5 33.5 20 7
8239894 154.5 33.5 20.5 7
8239895 154.5 33.5 21 7
8239939 154.5 34 19.5 7
8239940 154.5 34 20 7
8239941 154.5 34 20.5 7
8239942 154.5 34 21 7
8239986 154.5 34.5 19.5 7
8239987 154.5 34.5 20 7
8239988 154.5 34.5 20.5 7
8239989 154.5 34.5 21 7
8255308 155 32 19.5 7
8255309 155 32 20 7
8255310 155 32 20.5 7
8255311 155 32 21 7
8255355 155 32.5 19.5 7
8255356 155 32.5 20 7
8255357 155 32.5 20.5 7
8255358 155 32.5 21 7
8255402 155 33 19.5 7
8255403 155 33 20 7
8255404 155 33 20.5 7
8255405 155 33 21 7
8255449 155 33.5 19.5 7
8255450 155 33.5 20 7
8255451 155 33.5 20.5 7
8255452 155 33.5 21 7
8255496 155 34 19.5 7
8255497 155 34 20 7
8255498 155 34 20.5 7
8255499 155 34 21 7
8255543 155 34.5 19.5 7
8255544 155 34.5 20 7
8255545 155 34.5 20.5 7
8255546 155 34.5 21 7
8270818 155.5 31.5 19.5 7
8270819 155.5 31.5 20 7
8270820 155.5 31.5 20.5 7
8270821 155.5 31.5 21 7
8270865 155.5 32 19.5 7
8270866 155.5 32 20 7
8270867 155.5 32 20.5 7
8270868 155.5 32 21 7
8270912 155.5 32.5 19.5 7
8270913 155.5 32.5 20 7
8270914 155.5 32.5 20.5 7
8270915 155.5 32.5 21 7
8270959 155.5 33 19.5 7
8270960 155.5 33 20 7
8270961 155.5 33 20.5 7
8270962 155.5 33 21 7
8271006 155.5 33.5 19.5 7
8271007 155.5 33.5 20 7
8271008 155.5 33.5 20.5 7
8271009 155.5 33.5 21 7
8271053 155.5 34 19.5 7
8271054 155.5 34 20 7
8271055 155.5 34 20.5 7
8271056 155.5 34 21 7
8286281 156 30.5 19.5 7
8286282 156 30.5 20 7
8286283 156 30.5 20.5 7
8286284 156 30.5 21 7
8286328 156 31 19.5 7
8286329 156 31 20 7
8286330 156 31 20.5 7
8286331 156 31 21 7
8286375 156 31.5 19.5 7
8286376 156 31.5 20 7
8286377 156 31.5 20.5 7
8286378 156 31.5 21 7
8286422 156 32 19.5 7
8286423 156 32 20 7
8286424 156 32 20.5 7
8286425 156 32 21 7
8286469 156 32.5 19.5 7
8286470 156 32.5 20 7
8286471 156 32.5 20.5 7
8286472 156 32.5 21 7
8286516 156 33 19.5 7
8286517 156 33 20 7
8286518 156 33 20.5 7
8286519 156 33 21 7
8286563 156 33.5 19.5 7
8286564 156 33.5 20 7
8286565 156 33.5 20.5 7
8286566 156 33.5 21 7
8301791 156.5 30 19.5 7
8301792 156.5 30 20 7
8301793 156.5 30 20.5 7
8301794 156.5 30 21 7
8301838 156.5 30.5 19.5 7
8301839 156.5 30.5 20 7
8301840 156.5 30.5 20.5 7
8301841 156.5 30.5 21 7
8301885 156.5 31 19.5 7
8301886 156.5 31 20 7
8301887 156.5 31 20.5 7
8301888 156.5 31 21 7
8301932 156.5 31.5 19.5 7
8301933 156.5 31.5 20 7
8301934 156.5 31.5 20.5 7
8301935 156.5 31.5 21 7
8301979 156.5 32 19.5 7
8301980 156.5 32 20 7
8301981 156.5 32 20.5 7
8301982 156.5 32 21 7
8302026 156.5 32.5 19.5 7
8302027 156.5 32.5 20 7
8302028 156.5 32.5 20.5 7
8302029 156.5 32.5 21 7
8317254 157 29 19.5 7
8317255 157 29 20 7
8317256 157 29 20.5 7
8317257 157 29 21 7
8317301 157 29.5 19.5 7
8317302 157 29.5 20 7
8317303 157 29.5 20.5 7
8317304 157 29.5 21 7
8317348 157 30 19.5 7
8317349 157 30 20 7
8317350 157 30 20.5 7
8317351 157 30 21 7
8317395 157 30.5 19.5 7
8317396 157 30.5 20 7
8317397 157 30.5 20.5 7
8317398 157 30.5 21 7
8317442 157 31 19.5 7
8317443 157 31 20 7
8317444 157 31 20.5 7
8317445 157 31 21 7
8317489 157 31.5 19.5 7
8317490 157 31.5 20 7
8317491 157 31.5 20.5 7
8317492 157 31.5 21 7
8332764 157.5 28.5 19.5 7
8332765 157.5 28.5 20 7
8332766 157.5 28.5 20.5 7
8332767 157.5 28.5 21 7
8332811 157.5 29 19.5 7
8332812 157.5 29 20 7
8332813 157.5 29 20.5 7
8332814 157.5 29 21 7
8332858 157.5 29.5 19.5 7
8332859 157.5 29.5 20 7
8332860 157.5 29.5 20.5 7
8332861 157.5 29.5 21 7
8332905 157.5 30 19.5 7
8332906 157.5 30 20 7
8332907 157.5 30 20.5 7
8332908 157.5 30 21 7
8332952 157.5 30.5 19.5 7
8332953 157.5 30.5 20 7
8332954 157.5 30.5 20.5 7
8332955 157.5 30.5 21 7
8332999 157.5 31 19.5 7
8333000 157.5 31 20 7
8333001 157.5 31 20.5 7
8333002 157.5 31 21 7
8348227 158 27.5 19.5 7
8348228 158 27.5 20 7
8348229 158 27.5 20.5 7
8348230 158 27.5 21 7
8348274 158 28 19.5 7
8348275 158 28 20 7
8348276 158 28 20.5 7
8348277 158 28 21 7
8348321 158 28.5 19.5 7
8348322 158 28.5 20 7
8348323 158 28.5 20.5 7
8348324 158 28.5 21 7
8348368 158 29 19.5 7
8348369 158 29 20 7
8348370 158 29 20.5 7
8348371 158 29 21 7
8348415 158 29.5 19.5 7
8348416 158 29.5 20 7
8348417 158 29.5 20.5 7
8348418 158 29.5 21 7
8348462 158 30 19.5 7
8348463 158 30 20 7
8348464 158 30 20.5 7
8348465 158 30 21 7
8363737 158.5 27 19.5 7
8363738 158.5 27 20 7
8363739 158.5 27 20.5 7
8363740 158.5 27 21 7
8363784 158.5 27.5 19.5 7
8363785 158.5 27.5 20 7
8363786 158.5 27.5 20.5 7
8363787 158.5 27.5 21 7
8363831 158.5 28 19.5 7
8363832 158.5 28 20 7
8363833 158.5 28 20.5 7
8363834 158.5 28 21 7
8363878 158.5 28.5 19.5 7
8363879 158.5 28.5 20 7
8363880 158.5 28.5 20.5 7
8363881 158.5 28.5 21 7
8363925 158.5 29 19.5 7
8363926 158.5 29 20 7
8363927 158.5 29 20.5 7
8363928 158.5 29 21 7
8363972 158.5 29.5 19.5 7
8363973 158.5 29.5 20 7
8363974 158.5 29.5 20.5 7
8363975 158.5 29.5 21 7
8379200 159 26 19.5 7
8379201 159 26 20 7
8379202 159 26 20.5 7
8379203 159 26 21 7
8379247 159 26.5 19.5 7
8379248 159 26.5 20 7
8379249 159 26.5 20.5 7
8379250 159 26.5 21 7
8379294 159 27 19.5 7
8379295 159 27 20 7
8379296 159 27 20.5 7
8379297 159 27 21 7
8379341 159 27.5 19.5 7
8379342 159 27.5 20 7
8379343 159 27.5 20.5 7
8379344 159 27.5 21 7
8379388 159 28 19.5 7
8379389 159 28 20 7
8379390 159 28 20.5 7
8379391 159 28 21 7
8379435 159 28.5 19.5 7
8379436 159 28.5 20 7
8379437 159 28.5 20.5 7
8379438 159 28.5 21 7
8394710 159.5 25.5 19.5 7
8394711 159.5 25.5 20 7
8394712 159.5 25.5 20.5 7
8394713 159.5 25.5 21 7
8394757 159.5 26 19.5 7
8394758 159.5 26 20 7
8394759 159.5 26 20.5 7
8394760 159.5 26 21 7
8394804 159.5 26.5 19.5 7
8394805 159.5 26.5 20 7
8394806 159.5 26.5 20.5 7
8394807 159.5 26.5 21 7
8394851 159.5 27 19.5 7
8394852 159.5 27 20 7
8394853 159.5 27 20.5 7
8394854 159.5 27 21 7
8394898 159.5 27.5 19.5 7
8394899 159.5 27.5 20 7
8394900 159.5 27.5 20.5 7
8394901 159.5 27.5 21 7
8394945 159.5 28 19.5 7
8394946 159.5 28 20 7
8394947 159.5 28 20.5 7
8394948 159.5 28 21 7
8410173 160 24.5 19.5 7
8410174 160 24.5 20 7
8410175 160 24.5 20.5 7
8410176 160 24.5 21 7
8410220 160 25 19.5 7
8410221 160 25 20 7
8410222 160 25 20.5 7
8410223 160 25 21 7
8410267 160 25.5 19.5 7
8410268 160 25.5 20 7
8410269 160 25.5 20.5 7
8410270 160 25.5 21 7
8410314 160 26 19.5 7
8410315 160 26 20 7
8410316 160 26 20.5 7
8410317 160 26 21 7
8410361 160 26.5 19.5 7
8410362 160 26.5 20 7
8410363 160 26.5 20.5 7
8410364 160 26.5 21 7
8410408 160 27 19.5 7
8410409 160 27 20 7
8410410 160 27 20.5 7
8410411 160 27 21 7
8425636 160.5 23.5 19.5 7
8425637 160.5 23.5 20 7
8425638 160.5 23.5 20.5 7
8425639 160.5 23.5 21 7
8425683 160.5 24 19.5 7
8425684 160.5 24 20 7
8425685 160.5 24 20.5 7
8425686 160.5 24 21 7
8425730 160.5 24.5 19.5 7
8425731 160.5 24.5 20 7
8425732 160.5 24.5 20.5 7
8425733 160.5 24.5 21 7
8425777 160.5 25 19.5 7
8425778 160.5 25 20 7
8425779 160.5 25 20.5 7
8425780 160.5 25 21 7
8425824 160.5 25.5 19.5 7
8425825 160.5 25.5 20 7
8425826 160.5 25.5 20.5 7
8425827 160.5 25.5 21 7
8425871 160.5 26 19.5 7
8425872 160.5 26 20 7
8425873 160.5 26 20.5 7
8425874 160.5 26 21 7
8425918 160.5 26.5 19.5 7
8425919 160.5 26.5 20 7
8425920 160.5 26.5 20.5 7
8425921 160.5 26.5 21 7
8441146 161 23 19.5 7
8441147 161 23 20 7
8441148 161 23 20.5 7
8441149 161 23 21 7
8441193 161 23.5 19.5 7
8441194 161 23.5 20 7
8441195 161 23.5 20.5 7
8441196 161 23.5 21 7
8441240 161 24 19.5 7
8441241 161 24 20 7
8441242 161 24 20.5 7
8441243 161 24 21 7
8441287 161 24.5 19.5 7
8441288 161 24.5 20 7
8441289 161 24.5 20.5 7
8441290 161 24.5 21 7
8441334 161 25 19.5 7
8441335 161 25 20 7
8441336 161 25 20.5 7
8441337 161 25 21 7
8441381 161 25.5 19.5 7
8441382 161 25.5 20 7
8441383 161 25.5 20.5 7
8441384 161 25.5 21 7
8456609 161.5 22 19.5 7
8456610 161.5 22 20 7
8456611 161.5 22 20.5 7
8456612 161.5 22 21 7
8456656 161.5 22.5 19.5 7
8456657 161.5 22.5 20 7
8456658 161.5 22.5 20.5 7
8456659 161.5 22.5 21 7
8456703 161.5 23 19.5 7
8456704 161.5 23 20 7
8456705 161.5 23 20.5 7
8456706 161.5 23 21 7
8456750 161.5 23.5 19.5 7
8456751 161.5 23.5 20 7
8456752 161.5 23.5 20.5 7
8456753 161.5 23.5 21 7
8456797 161.5 24 19.5 7
8456798 161.5 24 20 7
8456799 161.5 24 20.5 7
8456800 161.5 24 21 7
8456844 161.5 24.5 19.5 7
8456845 161.5 24.5 20 7
8456846 161.5 24.5 20.5 7
8456847 161.5 24.5 21 7
8456891 161.5 25 19.5 7
8456892 161.5 25 20 7
8456893 161.5 25 20.5 7
8456894 161.5 25 21 7
8472119 162 21.5 19.5 7
8472120 162 21.5 20 7
8472121 162 21.5 20.5 7
8472122 162 21.5 21 7
8472166 162 22 19.5 7
8472167 162 22 20 7
8472168 162 22 20.5 7
8472169 162 22 21 7
8472213 162 22.5 19.5 7
8472214 162 22.5 20 7
8472215 162 22.5 20.5 7
8472216 162 22.5 21 7
8472260 162 23 19.5 7
8472261 162 23 20 7
8472262 162 23 20.5 7
8472263 162 23 21 7
8472307 162 23.5 19.5 7
8472308 162 23.5 20 7
8472309 162 23.5 20.5 7
8472310 162 23.5 21 7
8472354 162 24 19.5 7
8472355 162 24 20 7
8472356 162 24 20.5 7
8472357 162 24 21 7
8487582 162.5 20.5 19.5 7
8487583 162.5 20.5 20 7
8487584 162.5 20.5 20.5 7
8487585 162.5 20.5 21 7
8487629 162.5 21 19.5 7
8487630 162.5 21 20 7
8487631 162.5 21 20.5 7
8487632 162.5 21 21 7
8487676 162.5 21.5 19.5 7
8487677 162.5 21.5 20 7
8487678 162.5 21.5 20.5 7
8487679 162.5 21.5 21 7
8487723 162.5 22 19.5 7
8487724 162.5 22 20 7
8487725 162.5 22 20.5 7
8487726 162.5 22 21 7
8487770 162.5 22.5 19.5 7
8487771 162.5 22.5 20 7
8487772 162.5 22.5 20.5 7
8487773 162.5 22.5 21 7
8487817 162.5 23 19.5 7
8487818 162.5 23 20 7
8487819 162.5 23 20.5 7
8487820 162.5 23 21 7
8503092 163 20 19.5 7
8503093 163 20 20 7
8503094 163 20 20.5 7
8503095 163 20 21 7
8503139 163 20.5 19.5 7
8503140 163 20.5 20 7
8503141 163 20.5 20.5 7
8503142 163 20.5 21 7
8503186 163 21 19.5 7
8503187 163 21 20 7
8503188 163 21 20.5 7
8503189 163 21 21 7
8503233 163 21.5 19.5 7
8503234 163 21.5 20 7
8503235 163 21.5 20.5 7
8503236 163 21.5 21 7
8503280 163 22 19.5 7
8503281 163 22 20 7
8503282 163 22 20.5 7
8503283 163 22 21 7
8503327 163 22.5 19.5 7
8503328 163 22.5 20 7
8503329 163 22.5 20.5 7
8503330 163 22.5 21 7
8518555 163.5 19 19.5 7
8518556 163.5 19 20 7
8518557 163.5 19 20.5 7
8518558 163.5 19 21 7
8518602 163.5 19.5 19.5 7
8518603 163.5 19.5 20 7
8518604 163.5 19.5 20.5 7
8518605 163.5 19.5 21 7
8518649 163.5 20 19.5 7
8518650 163.5 20 20 7
8518651 163.5 20 20.5 7
8518652 163.5 20 21 7
8518696 163.5 20.5 19.5 7
8518697 163.5 20.5 20 7
8518698 163.5 20.5 20.5 7
8518699 163.5 20.5 21 7
8518743 163.5 21 19.5 7
8518744 163.5 21 20 7
8518745 163.5 21 20.5 7
8518746 163.5 21 21 7
8518790 163.5 21.5 19.5 7
8518791 163.5 21.5 20 7
8518792 163.5 21.5 20.5 7
8518793 163.5 21.5 21 7
8534065 164 18.5 19.5 7
8534066 164 18.5 20 7
8534067 164 18.5 20.5 7
8534068 164 18.5 21 7
8534112 164 19 19.5 7
8534113 164 19 20 7
8534114 164 19 20.5 7
8534115 164 19 21 7
8534159 164 19.5 19.5 7
8534160 164 19.5 20 7
8534161 164 19.5 20.5 7
8534162 164 19.5 21 7
8534206 164 20 19.5 7
8534207 164 20 20 7
8534208 164 20 20.5 7
8534209 164 20 21 7
8534253 164 20.5 19.5 7
8534254 164 20.5 20 7
8534255 164 20.5 20.5 7
8534256 164 20.5 21 7
8534300 164 21 19.5 7
8534301 164 21 20 7
8534302 164 21 20.5 7
8534303 164 21 21 7
8549528 164.5 17.5 19.5 7
8549529 164.5 17.5 20 7
8549530 164.5 17.5 20.5 7
8549531 164.5 17.5 21 7
8549575 164.5 18 19.5 7
8549576 164.5 18 20 7
8549577 164.5 18 20.5 7
8549578 164.5 18 21 7
8549622 164.5 18.5 19.5 7
8549623 164.5 18.5 20 7
8549624 164.5 18.5 20.5 7
8549625 164.5 18.5 21 7
8549669 164.5 19 19.5 7
8549670 164.5 19 20 7
8549671 164.5 19 20.5 7
8549672 164.5 19 21 7
8549716 164.5 19.5 19.5 7
8549717 164.5 19.5 20 7
8549718 164.5 19.5 20.5 7
8549719 164.5 19.5 21 7
8549763 164.5 20 19.5 7
8549764 164.5 20 20 7
8549765 164.5 20 20.5 7
8549766 164.5 20 21 7
8564991 165 16.5 19.5 7
8564992 165 16.5 20 7
8564993 165 16.5 20.5 7
8564994 165 16.5 21 7
8565038 165 17 19.5 7
8565039 165 17 20 7
8565040 165 17 20.5 7
8565041 165 17 21 7
8565085 165 17.5 19.5 7
8565086 165 17.5 20 7
8565087 165 17.5 20.5 7
8565088 165 17.5 21 7
8565132 165 18 19.5 7
8565133 165 18 20 7
8565134 165 18 20.5 7
8565135 165 18 21 7
8565179 165 18.5 19.5 7
8565180 165 18.5 20 7
8565181 165 18.5 20.5 7
8565182 165 18.5 21 7
8565226 165 19 19.5 7
8565227 165 19 20 7
8565228 165 19 20.5 7
8565229 165 19 21 7
8565273 165 19.5 19.5 7
8565274 165 19.5 20 7
8565275 165 19.5 20.5 7
8565276 165 19.5 21 7
8580501 165.5 16 19.5 7
8580502 165.5 16 20 7
8580503 165.5 16 20.5 7
8580504 165.5 16 21 7
8580548 165.5 16.5 19.5 7
8580549 165.5 16.5 20 7
8580550 165.5 16.5 20.5 7
8580551 165.5 16.5 21 7
8580595 165.5 17 19.5 7
8580596 165.5 17 20 7
8580597 165.5 17 20.5 7
8580598 165.5 17 21 7
8580642 165.5 17.5 19.5 7
8580643 165.5 17.5 20 7
8580644 165.5 17.5 20.5 7
8580645 165.5 17.5 21 7
8580689 165.5 18 19.5 7
8580690 165.5 18 20 7
8580691 165.5 18 20.5 7
8580692 165.5 18 21 7
8580736 165.5 18.5 19.5 7
8580737 165.5 18.5 20 7
8580738 165.5 18.5 20.5 7
8580739 165.5 18.5 21 7
8595964 166 15 19.5 7
8595965 166 15 20 7
8595966 166 15 20.5 7
8595967 166 15 21 7
8596011 166 15.5 19.5 7
8596012 166 15.5 20 7
8596013 166 15.5 20.5 7
8596014 166 15.5 21 7
8596058 166 16 19.5 7
8596059 166 16 20 7
8596060 166 16 20.5 7
8596061 166 16 21 7
8596105 166 16.5 19.5 7
8596106 166 16.5 20 7
8596107 166 16.5 20.5 7
8596108 166 16.5 21 7
8596152 166 17 19.5 7
8596153 166 17 20 7
8596154 166 17 20.5 7
8596155 166 17 21 7
8596199 166 17.5 19.5 7
8596200 166 17.5 20 7
8596201 166 17.5 20.5 7
8596202 166 17.5 21 7
8596246 166 18 19.5 7
8596247 166 18 20 7
8596248 166 18 20.5 7
8596249 166 18 21 7
8611474 166.5 14.5 19.5 7
8611475 166.5 14.5 20 7
8611476 166.5 14.5 20.5 7
8611477 166.5 14.5 21 7
8611521 166.5 15 19.5 7
8611522 166.5 15 20 7
8611523 166.5 15 20.5 7
8611524 166.5 15 21 7
8611568 166.5 15.5 19.5 7
8611569 166.5 15.5 20 7
8611570 166.5 15.5 20.5 7
8611571 166.5 15.5 21 7
8611615 166.5 16 19.5 7
8611616 166.5 16 20 7
8611617 166.5 16 20.5 7
8611618 166.5 16 21 7
8611662 166.5 16.5 19.5 7
8611663 166.5 16.5 20 7
8611664 166.5 16.5 20.5 7
8611665 166.5 16.5 21 7
8611709 166.5 17 19.5 7
8611710 166.5 17 20 7
8611711 166.5 17 20.5 7
8611712 166.5 17 21 7
8626937 167 13.5 19.5 7
8626938 167 13.5 20 7
8626939 167 13.5 20.5 7
8626940 167 13.5 21 7
8626984 167 14 19.5 7
8626985 167 14 20 7
8626986 167 14 20.5 7
8626987 167 14 21 7
8627031 167 14.5 19.5 7
8627032 167 14.5 20 7
8627033 167 14.5 20.5 7
8627034 167 14.5 21 7
8627078 167 15 19.5 7
8627079 167 15 20 7
8627080 167 15 20.5 7
8627081 167 15 21 7
8627125 167 15.5 19.5 7
8627126 167 15.5 20 7
8627127 167 15.5 20.5 7
8627128 167 15.5 21 7
8627172 167 16 19.5 7
8627173 167 16 20 7
8627174 167 16 20.5 7
8627175 167 16 21 7
8642447 167.5 13 19.5 7
8642448 167.5 13 20 7
8642449 167.5 13 20.5 7
8642450 167.5 13 21 7
8642494 167.5 13.5 19.5 7
8642495 167.5 13.5 20 7
8642496 167.5 13.5 20.5 7
8642497 167.5 13.5 21 7
8642541 167.5 14 19.5 7
8642542 167.5 14 20 7
8642543 167.5 14 20.5 7
8642544 167.5 14 21 7
8642588 167.5 14.5 19.5 7
8642589 167.5 14.5 20 7
8642590 167.5 14.5 20.5 7
8642591 167.5 14.5 21 7
8642635 167.5 15 19.5 7
8642636 167.5 15 20 7
8642637 167.5 15 20.5 7
8642638 167.5 15 21 7
8642682 167.5 15.5 19.5 7
8642683 167.5 15.5 20 7
8642684 167.5 15.5 20.5 7
8642685 167.5 15.5 21 7
8657910 168 12 19.5 7
8657911 168 12 20 7
8657912 168 12 20.5 7
8657913 168 12 21 7
8657957 168 12.5 19.5 7
8657958 168 12.5 20 7
8657959 168 12.5 20.5 7
8657960 168 12.5 21 7
8658004 168 13 19.5 7
8658005 168 13 20 7
8658006 168 13 20.5 7
8658007 168 13 21 7
8658051 168 13.5 19.5 7
8658052 168 13.5 20 7
8658053 168 13.5 20.5 7
8658054 168 13.5 21 7
8658098 168 14 19.5 7
8658099 168 14 20 7
8658100 168 14 20.5 7
8658101 168 14 21 7
8658145 168 14.5 19.5 7
8658146 168 14.5 20 7
8658147 168 14.5 20.5 7
8658148 168 14.5 21 7
8673420 168.5 11.5 19.5 7
8673421 168.5 11.5 20 7
8673422 168.5 11.5 20.5 7
8673423 168.5 11.5 21 7
8673467 168.5 12 19.5 7
8673468 168.5 12 20 7
8673469 168.5 12 20.5 7
8673470 168.5 12 21 7
8673514 168.5 12.5 19.5 7
8673515 168.5 12.5 20 7
8673516 168.5 12.5 20.5 7
8673517 168.5 12.5 21 7
8673561 168.5 13 19.5 7
8673562 168.5 13 20 7
8673563 168.5 13 20.5 7
8673564 168.5 13 21 7
8673608 168.5 13.5 19.5 7
8673609 168.5 13.5 20 7
8673610 168.5 13.5 20.5 7
8673611 168.5 13.5 21 7
8673655 168.5 14 19.5 7
8673656 168.5 14 20 7
8673657 168.5 14 20.5 7
8673658 168.5 14 21 7
8688883 169 10.5 19.5 7
8688884 169 10.5 20 7
8688885 169 10.5 20.5 7
8688886 169 10.5 21 7
8688930 169 11 19.5 7
8688931 169 11 20 7
8688932 169 11 20.5 7
8688933 169 11 21 7
8688977 169 11.5 19.5 7
8688978 169 11.5 20 7
8688979 169 11.5 20.5 7
8688980 169 11.5 21 7
8689024 169 12 19.5 7
8689025 169 12 20 7
8689026 169 12 20.5 7
8689027 169 12 21 7
8689071 169 12.5 19.5 7
8689072 169 12.5 20 7
8689073 169 12.5 20.5 7
8689074 169 12.5 21 7
8689118 169 13 19.5 7
8689119 169 13 20 7
8689120 169 13 20.5 7
8689121 169 13 21 7
8704393 169.5 10 19.5 7
8704394 169.5 10 20 7
8704395 169.5 10 20.5 7
8704396 169.5 10 21 7
8704440 169.5 10.5 19.5 7
8704441 169.5 10.5 20 7
8704442 169.5 10.5 20.5 7
8704443 169.5 10.5 21 7
8704487 169.5 11 19.5 7
8704488 169.5 11 20 7
8704489 169.5 11 20.5 7
8704490 169.5 11 21 7
8704534 169.5 11.5 19.5 7
8704535 169.5 11.5 20 7
8704536 169.5 11.5 20.5 7
8704537 169.5 11.5 21 7
8704581 169.5 12 19.5 7
8704582 169.5 12 20 7
8704583 169.5 12 20.5 7
8704584 169.5 12 21 7
8704628 169.5 12.5 19.5 7
8704629 169.5 12.5 20 7
8704630 169.5 12.5 20.5 7
8704631 169.5 12.5 21 7
8719856 170 9 19.5 7
8719857 170 9 20 7
8719858 170 9 20.5 7
8719859 170 9 21 7
8719903 170 9.5 19.5 7
8719904 170 9.5 20 7
8719905 170 9.5 20.5 7
8719906 170 9.5 21 7
8719950 170 10 19.5 7
8719951 170 10 20 7
8719952 170 10 20.5 7
8719953 170 10 21 7
8719997 170 10.5 19.5 7
8719998 170 10.5 20 7
8719999 170 10.5 20.5 7
8720000 170 10.5 21 7
8720044 170 11 19.5 7
8720045 170 11 20 7
8720046 170 11 20.5 7
8720047 170 11 21 7
8720091 170 11.5 19.5 7
8720092 170 11.5 20 7
8720093 170 11.5 20.5 7
8720094 170 11.5 21 7
8735319 170.5 8 19.5 7
8735320 170.5 8 20 7
8735321 170.5 8 20.5 7
8735322 170.5 8 21 7
8735366 170.5 8.5 19.5 7
8735367 170.5 8.5 20 7
8735368 170.5 8.5 20.5 7
8735369 170.5 8.5 21 7
8735413 170.5 9 19.5 7
8735414 170.5 9 20 7
8735415 170.5 9 20.5 7
8735416 170.5 9 21 7
8735460 170.5 9.5 19.5 7
8735461 170.5 9.5 20 7
8735462 170.5 9.5 20.5 7
8735463 170.5 9.5 21 7
8735507 170.5 10 19.5 7
8735508 170.5 10 20 7
8735509 170.5 10 20.5 7
8735510 170.5 10 21 7
8735554 170.5 10.5 19.5 7
8735555 170.5 10.5 20 7
8735556 170.5 10.5 20.5 7
8735557 170.5 10.5 21 7
8735601 170.5 11 19.5 7
8735602 170.5 11 20 7
8735603 170.5 11 20.5 7
8735604 170.5 11 21 7
8750829 171 7.5 19.5 7
8750830 171 7.5 20 7
8750831 171 7.5 20.5 7
8750832 171 7.5 21 7
8750876 171 8 19.5 7
8750877 171 8 20 7
8750878 171 8 20.5 7
8750879 171 8 21 7
8750923 171 8.5 19.5 7
8750924 171 8.5 20 7
8750925 171 8.5 20.5 7
8750926 171 8.5 21 7
8750970 171 9 19.5 7
8750971 171 9 20 7
8750972 171 9 20.5 7
8750973 171 9 21 7
8751017 171 9.5 19.5 7
8751018 171 9.5 20 7
8751019 171 9.5 20.5 7
8751020 171 9.5 21 7
8751064 171 10 19.5 7
8751065 171 10 20 7
8751066 171 10 20.5 7
8751067 171 10 21 7
8766292 171.5 6.5 19.5 7
8766293 171.5 6.5 20 7
8766294 171.5 6.5 20.5 7
8766295 171.5 6.5 21 7
8766339 171.5 7 19.5 7
8766340 171.5 7 20 7
8766341 171.5 7 20.5 7
8766342 171.5 7 21 7
8766386 171.5 7.5 19.5 7
8766387 171.5 7.5 20 7
8766388 171.5 7.5 20.5 7
8766389 171.5 7.5 21 7
8766433 171.5 8 19.5 7
8766434 171.5 8 20 7
8766435 171.5 8 20.5 7
8766436 171.5 8 21 7
8766480 171.5 8.5 19.5 7
8766481 171.5 8.5 20 7
8766482 171.5 8.5 20.5 7
8766483 171.5 8.5 21 7
8766527 171.5 9 19.5 7
8766528 171.5 9 20 7
8766529 171.5 9 20.5 7
8766530 171.5 9 21 7
8766574 171.5 9.5 19.5 7
8766575 171.5 9.5 20 7
8766576 171.5 9.5 20.5 7
8766577 171.5 9.5 21 7
8781802 172 6 19.5 7
8781803 172 6 20 7
8781804 172 6 20.5 7
8781805 172 6 21 7
8781849 172 6.5 19.5 7
8781850 172 6.5 20 7
8781851 172 6.5 20.5 7
8781852 172 6.5 21 7
8781896 172 7 19.5 7
8781897 172 7 20 7
8781898 172 7 20.5 7
8781899 172 7 21 7
8781943 172 7.5 19.5 7
8781944 172 7.5 20 7
8781945 172 7.5 20.5 7
8781946 172 7.5 21 7
8781990 172 8 19.5 7
8781991 172 8 20 7
8781992 172 8 20.5 7
8781993 172 8 21 7
8782037 172 8.5 19.5 7
8782038 172 8.5 20 7
8782039 172 8.5 20.5 7
8782040 172 8.5 21 7
8797265 172.5 5 19.5 7
8797266 172.5 5 20 7
8797267 172.5 5 20.5 7
8797268 172.5 5 21 7
8797312 172.5 5.5 19.5 7
8797313 172.5 5.5 20 7
8797314 172.5 5.5 20.5 7
8797315 172.5 5.5 21 7
8797359 172.5 6 19.5 7
8797360 172.5 6 20 7
8797361 172.5 6 20.5 7
8797362 172.5 6 21 7
8797406 172.5 6.5 19.5 7
8797407 172.5 6.5 20 7
8797408 172.5 6.5 20.5 7
8797409 172.5 6.5 21 7
8797453 172.5 7 19.5 7
8797454 172.5 7 20 7
8797455 172.5 7 20.5 7
8797456 172.5 7 21 7
8797500 172.5 7.5 19.5 7
8797501 172.5 7.5 20 7
8797502 172.5 7.5 20.5 7
8797503 172.5 7.5 21 7
8812775 173 4.5 19.5 7
8812776 173 4.5 20 7
8812777 173 4.5 20.5 7
8812778 173 4.5 21 7
8812822 173 5 19.5 7
8812823 173 5 20 7
8812824 173 5 20.5 7
8812825 173 5 21 7
8812869 173 5.5 19.5 7
8812870 173 5.5 20 7
8812871 173 5.5 20.5 7
8812872 173 5.5 21 7
8812916 173 6 19.5 7
8812917 173 6 20 7
8812918 173 6 20.5 7
8812919 173 6 21 7
8812963 173 6.5 19.5 7
8812964 173 6.5 20 7
8812965 173 6.5 20.5 7
8812966 173 6.5 21 7
8813010 173 7 19.5 7
8813011 173 7 20 7
8813012 173 7 20.5 7
8813013 173 7 21 7
8828238 173.5 3.5 19.5 7
8828239 173.5 3.5 20 7
8828240 173.5 3.5 20.5 7
8828241 173.5 3.5 21 7
8828285 173.5 4 19.5 7
8828286 173.5 4 20 7
8828287 173.5 4 20.5 7
8828288 173.5 4 21 7
8828332 173.5 4.5 19.5 7
8828333 173.5 4.5 20 7
8828334 173.5 4.5 20.5 7
8828335 173.5 4.5 21 7
8828379 173.5 5 19.5 7
8828380 173.5 5 20 7
8828381 173.5 5 20.5 7
8828382 173.5 5 21 7
8828426 173.5 5.5 19.5 7
8828427 173.5 5.5 20 7
8828428 173.5 5.5 20.5 7
8828429 173.5 5.5 21 7
8828473 173.5 6 19.5 7
8828474 173.5 6 20 7
8828475 173.5 6 20.5 7
8828476 173.5 6 21 7
8843748 174 3 19.5 7
8843749 174 3 20 7
8843750 174 3 20.5 7
8843751 174 3 21 7
8843795 174 3.5 19.5 7
8843796 174 3.5 20 7
8843797 174 3.5 20.5 7
8843798 174 3.5 21 7
8843842 174 4 19.5 7
8843843 174 4 20 7
8843844 174 4 20.5 7
8843845 174 4 21 7
8843889 174 4.5 19.5 7
8843890 174 4.5 20 7
8843891 174 4.5 20.5 7
8843892 174 4.5 21 7
8843936 174 5 19.5 7
8843937 174 5 20 7
8843938 174 5 20.5 7
8843939 174 5 21 7
8843983 174 5.5 19.5 7
8843984 174 5.5 20 7
8843985 174 5.5 20.5 7
8843986 174 5.5 21 7
8859211 174.5 2 19.5 7
8859212 174.5 2 20 7
8859213 174.5 2 20.5 7
8859214 174.5 2 21 7
8859258 174.5 2.5 19.5 7
8859259 174.5 2.5 20 7
8859260 174.5 2.5 20.5 7
8859261 174.5 2.5 21 7
8859305 174.5 3 19.5 7
8859306 174.5 3 20 7
8859307 174.5 3 20.5 7
8859308 174.5 3 21 7
8859352 174.5 3.5 19.5 7
8859353 174.5 3.5 20 7
8859354 174.5 3.5 20.5 7
8859355 174.5 3.5 21 7
8859399 174.5 4 19.5 7
8859400 174.5 4 20 7
8859401 174.5 4 20.5 7
8859402 174.5 4 21 7
8859446 174.5 4.5 19.5 7
8859447 174.5 4.5 20 7
8859448 174.5 4.5 20.5 7
8859449 174.5 4.5 21 7
8874721 175 1.5 19.5 7
8874722 175 1.5 20 7
8874723 175 1.5 20.5 7
8874724 175 1.5 21 7
8874768 175 2 19.5 7
8874769 175 2 20 7
8874770 175 2 20.5 7
8874771 175 2 21 7
8874815 175 2.5 19.5 7
8874816 175 2.5 20 7
8874817 175 2.5 20.5 7
8874818 175 2.5 21 7
8874862 175 3 19.5 7
8874863 175 3 20 7
8874864 175 3 20.5 7
8874865 175 3 21 7
8874909 175 3.5 19.5 7
8874910 175 3.5 20 7
8874911 175 3.5 20.5 7
8874912 175 3.5 21 7
8874956 175 4 19.5 7
8874957 175 4 20 7
8874958 175 4 20.5 7
8874959 175 4 21 7
8890184 175.5 0.5 19.5 7
8890185 175.5 0.5 20 7
8890186 175.5 0.5 20.5 7
8890187 175.5 0.5 21 7
8890231 175.5 1 19.5 7
8890232 175.5 1 20 7
8890233 175.5 1 20.5 7
8890234 175.5 1 21 7
8890278 175.5 1.5 19.5 7
8890279 175.5 1.5 20 7
8890280 175.5 1.5 20.5 7
8890281 175.5 1.5 21 7
8890325 175.5 2 19.5 7
8890326 175.5 2 20 7
8890327 175.5 2 20.5 7
8890328 175.5 2 21 7
8890372 175.5 2.5 19.5 7
8890373 175.5 2.5 20 7
8890374 175.5 2.5 20.5 7
8890375 175.5 2.5 21 7
8890419 175.5 3 19.5 7
8890420 175.5 3 20 7
8890421 175.5 3 20.5 7
8890422 175.5 3 21 7
8905647 176 -0.5 19.5 7
8905648 176 -0.5 20 7
8905649 176 -0.5 20.5 7
8905650 176 -0.5 21 7
8905694 176 0 19.5 7
8905695 176 0 20 7
8905696 176 0 20.5 7
8905697 176 0 21 7
8905741 176 0.5 19.5 7
8905742 176 0.5 20 7
8905743 176 0.5 20.5 7
8905744 176 0.5 21 7
8905788 176 1 19.5 7
8905789 176 1 20 7
8905790 176 1 20.5 7
8905791 176 1 21 7
8905835 176 1.5 19.5 7
8905836 176 1.5 20 7
8905837 176 1.5 20.5 7
8905838 176 1.5 21 7
8905882 176 2 19.5 7
8905883 176 2 20 7
8905884 176 2 20.5 7
8905885 176 2 21 7
8905929 176 2.5 19.5 7
8905930 176 2.5 20 7
8905931 176 2.5 20.5 7
8905932 176 2.5 21 7
8921157 176.5 -1 19.5 7
8921158 176.5 -1 20 7
8921159 176.5 -1 20.5 7
8921160 176.5 -1 21 7
8921204 176.5 -0.5 19.5 7
8921205 176.5 -0.5 20 7
8921206 176.5 -0.5 20.5 7
8921207 176.5 -0.5 21 7
8921251 176.5 0 19.5 7
8921252 176.5 0 20 7
8921253 176.5 0 20.5 7
8921254 176.5 0 21 7
8921298 176.5 0.5 19.5 7
8921299 176.5 0.5 20 7
8921300 176.5 0.5 20.5 7
8921301 176.5 0.5 21 7
8921345 176.5 1 19.5 7
8921346 176.5 1 20 7
8921347 176.5 1 20.5 7
8921348 176.5 1 21 7
8921392 176.5 1.5 19.5 7
8921393 176.5 1.5 20 7
8921394 176.5 1.5 20.5 7
8921395 176.5 1.5 21 7
8936620 177 -2 19.5 7
8936621 177 -2 20 7
8936622 177 -2 20.5 7
8936623 177 -2 21 7
8936667 177 -1.5 19.5 7
8936668 177 -1.5 20 7
8936669 177 -1.5 20.5 7
8936670 177 -1.5 21 7
8936714 177 -1 19.5 7
8936715 177 -1 20 7
8936716 177 -1 20.5 7
8936717 177 -1 21 7
8936761 177 -0.5 19.5 7
8936762 177 -0.5 20 7
8936763 177 -0.5 20.5 7
8936764 177 -0.5 21 7
8936808 177 0 19.5 7
8936809 177 0 20 7
8936810 177 0 20.5 7
8936811 177 0 21 7
8936855 177 0.5 19.5 7
8936856 177 0.5 20 7
8936857 177 0.5 20.5 7
8936858 177 0.5 21 7
8936902 177 1 19.5 7
8936903 177 1 20 7
8936904 177 1 20.5 7
8936905 177 1 21 7
8952130 177.5 -2.5 19.5 7
8952131 177.5 -2.5 20 7
8952132 177.5 -2.5 20.5 7
8952133 177.5 -2.5 21 7
8952177 177.5 -2 19.5 7
8952178 177.5 -2 20 7
8952179 177.5 -2 20.5 7
8952180 177.5 -2 21 7
8952224 177.5 -1.5 19.5 7
8952225 177.5 -1.5 20 7
8952226 177.5 -1.5 20.5 7
8952227 177.5 -1.5 21 7
8952271 177.5 -1 19.5 7
8952272 177.5 -1 20 7
8952273 177.5 -1 20.5 7
8952274 177.5 -1 21 7
8952318 177.5 -0.5 19.5 7
8952319 177.5 -0.5 20 7
8952320 177.5 -0.5 20.5 7
8952321 177.5 -0.5 21 7
8952365 177.5 0 19.5 7
8952366 177.5 0 20 7
8952367 177.5 0 20.5 7
8952368 177.5 0 21 7
8967593 178 -3.5 19.5 7
8967594 178 -3.5 20 7
8967595 178 -3.5 20.5 7
8967596 178 -3.5 21 7
8967640 178 -3 19.5 7
8967641 178 -3 20 7
8967642 178 -3 20.5 7
8967643 178 -3 21 7
8967687 178 -2.5 19.5 7
8967688 178 -2.5 20 7
8967689 178 -2.5 20.5 7
8967690 178 -2.5 21 7
8967734 178 -2 19.5 7
8967735 178 -2 20 7
8967736 178 -2 20.5 7
8967737 178 -2 21 7
8967781 178 -1.5 19.5 7
8967782 178 -1.5 20 7
8967783 178 -1.5 20.5 7
8967784 178 -1.5 21 7
8967828 178 -1 19.5 7
8967829 178 -1 20 7
8967830 178 -1 20.5 7
8967831 178 -1 21 7
8983103 178.5 -4 19.5 7
8983104 178.5 -4 20 7
8983105 178.5 -4 20.5 7
8983106 178.5 -4 21 7
8983150 178.5 -3.5 19.5 7
8983151 178.5 -3.5 20 7
8983152 178.5 -3.5 20.5 7
8983153 178.5 -3.5 21 7
8983197 178.5 -3 19.5 7
8983198 178.5 -3 20 7
8983199 178.5 -3 20.5 7
8983200 178.5 -3 21 7
8983244 178.5 -2.5 19.5 7
8983245 178.5 -2.5 20 7
8983246 178.5 -2.5 20.5 7
8983247 178.5 -2.5 21 7
8983291 178.5 -2 19.5 7
8983292 178.5 -2 20 7
8983293 178.5 -2 20.5 7
8983294 178.5 -2 21 7
8983338 178.5 -1.5 19.5 7
8983339 178.5 -1.5 20 7
8983340 178.5 -1.5 20.5 7
8983341 178.5 -1.5 21 7
8998566 179 -5 19.5 7
8998567 179 -5 20 7
8998568 179 -5 20.5 7
8998569 179 -5 21 7
8998613 179 -4.5 19.5 7
8998614 179 -4.5 20 7
8998615 179 -4.5 20.5 7
8998616 179 -4.5 21 7
8998660 179 -4 19.5 7
8998661 179 -4 20 7
8998662 179 -4 20.5 7
8998663 179 -4 21 7
8998707 179 -3.5 19.5 7
8998708 179 -3.5 20 7
8998709 179 -3.5 20.5 7
8998710 179 -3.5 21 7
8998754 179 -3 19.5 7
8998755 179 -3 20 7
8998756 179 -3 20.5 7
8998757 179 -3 21 7
8998801 179 -2.5 19.5 7
8998802 179 -2.5 20 7
8998803 179 -2.5 20.5 7
8998804 179 -2.5 21 7
9014076 179.5 -5.5 19.5 7
9014077 179.5 -5.5 20 7
9014078 179.5 -5.5 20.5 7
9014079 179.5 -5.5 21 7
9014123 179.5 -5 19.5 7
9014124 179.5 -5 20 7
9014125 179.5 -5 20.5 7
9014126 179.5 -5 21 7
9014170 179.5 -4.5 19.5 7
9014171 179.5 -4.5 20 7
9014172 179.5 -4.5 20.5 7
9014173 179.5 -4.5 21 7
9014217 179.5 -4 19.5 7
9014218 179.5 -4 20 7
9014219 179.5 -4 20.5 7
9014220 179.5 -4 21 7
9014264 179.5 -3.5 19.5 7
9014265 179.5 -3.5 20 7
9014266 179.5 -3.5 20.5 7
9014267 179.5 -3.5 21 7
9014311 179.5 -3 19.5 7
9014312 179.5 -3 20 7
9014313 179.5 -3 20.5 7
9014314 179.5 -3 21 7
9029539 180 -6.5 19.5 7
9029540 180 -6.5 20 7
9029541 180 -6.5 20.5 7
9029542 180 -6.5 21 7
9029586 180 -6 19.5 7
9029587 180 -6 20 7
9029588 180 -6 20.5 7
9029589 180 -6 21 7
9029633 180 -5.5 19.5 7
9029634 180 -5.5 20 7
9029635 180 -5.5 20.5 7
9029636 180 -5.5 21 7
9029680 180 -5 19.5 7
9029681 180 -5 20 7
9029682 180 -5 20.5 7
9029683 180 -5 21 7
9029727 180 -4.5 19.5 7
9029728 180 -4.5 20 7
9029729 180 -4.5 20.5 7
9029730 180 -4.5 21 7
9029774 180 -4 19.5 7
9029775 180 -4 20 7
9029776 180 -4 20.5 7
9029777 180 -4 21 7
9045049 180.5 -7 19.5 7
9045050 180.5 -7 20 7
9045051 180.5 -7 20.5 7
9045052 180.5 -7 21 7
9045096 180.5 -6.5 19.5 7
9045097 180.5 -6.5 20 7
9045098 180.5 -6.5 20.5 7
9045099 180.5 -6.5 21 7
9045143 180.5 -6 19.5 7
9045144 180.5 -6 20 7
9045145 180.5 -6 20.5 7
9045146 180.5 -6 21 7
9045190 180.5 -5.5 19.5 7
9045191 180.5 -5.5 20 7
9045192 180.5 -5.5 20.5 7
9045193 180.5 -5.5 21 7
9045237 180.5 -5 19.5 7
9045238 180.5 -5 20 7
9045239 180.5 -5 20.5 7
9045240 180.5 -5 21 7
9045284 180.5 -4.5 19.5 7
9045285 180.5 -4.5 20 7
9045286 180.5 -4.5 20.5 7
9045287 180.5 -4.5 21 7
9060512 181 -8 19.5 7
9060513 181 -8 20 7
9060514 181 -8 20.5 7
9060515 181 -8 21 7
9060559 181 -7.5 19.5 7
9060560 181 -7.5 20 7
9060561 181 -7.5 20.5 7
9060562 181 -7.5 21 7
9060606 181 -7 19.5 7
9060607 181 -7 20 7
9060608 181 -7 20.5 7
9060609 181 -7 21 7
9060653 181 -6.5 19.5 7
9060654 181 -6.5 20 7
9060655 181 -6.5 20.5 7
9060656 181 -6.5 21 7
9060700 181 -6 19.5 7
9060701 181 -6 20 7
9060702 181 -6 20.5 7
9060703 181 -6 21 7
9060747 181 -5.5 19.5 7
9060748 181 -5.5 20 7
9060749 181 -5.5 20.5 7
9060750 181 -5.5 21 7
9075975 181.5 -9 19.5 7
9075976 181.5 -9 20 7
9075977 181.5 -9 20.5 7
9075978 181.5 -9 21 7
9076022 181.5 -8.5 19.5 7
9076023 181.5 -8.5 20 7
9076024 181.5 -8.5 20.5 7
9076025 181.5 -8.5 21 7
9076069 181.5 -8 19.5 7
9076070 181.5 -8 20 7
9076071 181.5 -8 20.5 7
9076072 181.5 -8 21 7
9076116 181.5 -7.5 19.5 7
9076117 181.5 -7.5 20 7
9076118 181.5 -7.5 20.5 7
9076119 181.5 -7.5 21 7
9076163 181.5 -7 19.5 7
9076164 181.5 -7 20 7
9076165 181.5 -7 20.5 7
9076166 181.5 -7 21 7
9076210 181.5 -6.5 19.5 7
9076211 181.5 -6.5 20 7
9076212 181.5 -6.5 20.5 7
9076213 181.5 -6.5 21 7
9076257 181.5 -6 19.5 7
9076258 181.5 -6 20 7
9076259 181.5 -6 20.5 7
9076260 181.5 -6 21 7
9091485 182 -9.5 19.5 7
9091486 182 -9.5 20 7
9091487 182 -9.5 20.5 7
9091488 182 -9.5 21 7
9091532 182 -9 19.5 7
9091533 182 -9 20 7
9091534 182 -9 20.5 7
9091535 182 -9 21 7
9091579 182 -8.5 19.5 7
9091580 182 -8.5 20 7
9091581 182 -8.5 20.5 7
9091582 182 -8.5 21 7
9091626 182 -8 19.5 7
9091627 182 -8 20 7
9091628 182 -8 20.5 7
9091629 182 -8 21 7
9091673 182 -7.5 19.5 7
9091674 182 -7.5 20 7
9091675 182 -7.5 20.5 7
9091676 182 -7.5 21 7
9091720 182 -7 19.5 7
9091721 182 -7 20 7
9091722 182 -7 20.5 7
9091723 182 -7 21 7
9106948 182.5 -10.5 19.5 7
9106949 182.5 -10.5 20 7
9106950 182.5 -10.5 20.5 7
9106951 182.5 -10.5 21 7
9106995 182.5 -10 19.5 7
9106996 182.5 -10 20 7
9106997 182.5 -10 20.5 7
9106998 182.5 -10 21 7
9107042 182.5 -9.5 19.5 7
9107043 182.5 -9.5 20 7
9107044 182.5 -9.5 20.5 7
9107045 182.5 -9.5 21 7
9107089 182.5 -9 19.5 7
9107090 182.5 -9 20 7
9107091 182.5 -9 20.5 7
9107092 182.5 -9 21 7
9107136 182.5 -8.5 19.5 7
9107137 182.5 -8.5 20 7
9107138 182.5 -8.5 20.5 7
9107139 182.5 -8.5 21 7
9107183 182.5 -8 19.5 7
9107184 182.5 -8 20 7
9107185 182.5 -8 20.5 7
9107186 182.5 -8 21 7
9107230 182.5 -7.5 19.5 7
9107231 182.5 -7.5 20 7
9107232 182.5 -7.5 20.5 7
9107233 182.5 -7.5 21 7
9122458 183 -11 19.5 7
9122459 183 -11 20 7
9122460 183 -11 20.5 7
9122461 183 -11 21 7
9122505 183 -10.5 19.5 7
9122506 183 -10.5 20 7
9122507 183 -10.5 20.5 7
9122508 183 -10.5 21 7
9122552 183 -10 19.5 7
9122553 183 -10 20 7
9122554 183 -10 20.5 7
9122555 183 -10 21 7
9122599 183 -9.5 19.5 7
9122600 183 -9.5 20 7
9122601 183 -9.5 20.5 7
9122602 183 -9.5 21 7
9122646 183 -9 19.5 7
9122647 183 -9 20 7
9122648 183 -9 20.5 7
9122649 183 -9 21 7
9122693 183 -8.5 19.5 7
9122694 183 -8.5 20 7
9122695 183 -8.5 20.5 7
9122696 183 -8.5 21 7
9137921 183.5 -12 19.5 7
9137922 183.5 -12 20 7
9137923 183.5 -12 20.5 7
9137924 183.5 -12 21 7
9137968 183.5 -11.5 19.5 7
9137969 183.5 -11.5 20 7
9137970 183.5 -11.5 20.5 7
9137971 183.5 -11.5 21 7
9138015 183.5 -11 19.5 7
9138016 183.5 -11 20 7
9138017 183.5 -11 20.5 7
9138018 183.5 -11 21 7
9138062 183.5 -10.5 19.5 7
9138063 183.5 -10.5 20 7
9138064 183.5 -10.5 20.5 7
9138065 183.5 -10.5 21 7
9138109 183.5 -10 19.5 7
9138110 183.5 -10 20 7
9138111 183.5 -10 20.5 7
9138112 183.5 -10 21 7
9138156 183.5 -9.5 19.5 7
9138157 183.5 -9.5 20 7
9138158 183.5 -9.5 20.5 7
9138159 183.5 -9.5 21 7
9153431 184 -12.5 19.5 7
9153432 184 -12.5 20 7
9153433 184 -12.5 20.5 7
9153434 184 -12.5 21 7
9153478 184 -12 19.5 7
9153479 184 -12 20 7
9153480 184 -12 20.5 7
9153481 184 -12 21 7
9153525 184 -11.5 19.5 7
9153526 184 -11.5 20 7
9153527 184 -11.5 20.5 7
9153528 184 -11.5 21 7
9153572 184 -11 19.5 7
9153573 184 -11 20 7
9153574 184 -11 20.5 7
9153575 184 -11 21 7
9153619 184 -10.5 19.5 7
9153620 184 -10.5 20 7
9153621 184 -10.5 20.5 7
9153622 184 -10.5 21 7
9153666 184 -10 19.5 7
9153667 184 -10 20 7
9153668 184 -10 20.5 7
9153669 184 -10 21 7
9168894 184.5 -13.5 19.5 7
9168895 184.5 -13.5 20 7
9168896 184.5 -13.5 20.5 7
9168897 184.5 -13.5 21 7
9168941 184.5 -13 19.5 7
9168942 184.5 -13 20 7
9168943 184.5 -13 20.5 7
9168944 184.5 -13 21 7
9168988 184.5 -12.5 19.5 7
9168989 184.5 -12.5 20 7
9168990 184.5 -12.5 20.5 7
9168991 184.5 -12.5 21 7
9169035 184.5 -12 19.5 7
9169036 184.5 -12 20 7
9169037 184.5 -12 20.5 7
9169038 184.5 -12 21 7
9169082 184.5 -11.5 19.5 7
9169083 184.5 -11.5 20 7
9169084 184.5 -11.5 20.5 7
9169085 184.5 -11.5 21 7
9169129 184.5 -11 19.5 7
9169130 184.5 -11 20 7
9169131 184.5 -11 20.5 7
9169132 184.5 -11 21 7
9184404 185 -14 19.5 7
9184405 185 -14 20 7
9184406 185 -14 20.5 7
9184407 185 -14 21 7
9184451 185 -13.5 19.5 7
9184452 185 -13.5 20 7
9184453 185 -13.5 20.5 7
9184454 185 -13.5 21 7
9184498 185 -13 19.5 7
9184499 185 -13 20 7
9184500 185 -13 20.5 7
9184501 185 -13 21 7
9184545 185 -12.5 19.5 7
9184546 185 -12.5 20 7
9184547 185 -12.5 20.5 7
9184548 185 -12.5 21 7
9184592 185 -12 19.5 7
9184593 185 -12 20 7
9184594 185 -12 20.5 7
9184595 185 -12 21 7
9184639 185 -11.5 19.5 7
9184640 185 -11.5 20 7
9184641 185 -11.5 20.5 7
9184642 185 -11.5 21 7
9199867 185.5 -15 19.5 7
9199868 185.5 -15 20 7
9199869 185.5 -15 20.5 7
9199870 185.5 -15 21 7
9199914 185.5 -14.5 19.5 7
9199915 185.5 -14.5 20 7
9199916 185.5 -14.5 20.5 7
9199917 185.5 -14.5 21 7
9199961 185.5 -14 19.5 7
9199962 185.5 -14 20 7
9199963 185.5 -14 20.5 7
9199964 185.5 -14 21 7
9200008 185.5 -13.5 19.5 7
9200009 185.5 -13.5 20 7
9200010 185.5 -13.5 20.5 7
9200011 185.5 -13.5 21 7
9200055 185.5 -13 19.5 7
9200056 185.5 -13 20 7
9200057 185.5 -13 20.5 7
9200058 185.5 -13 21 7
9200102 185.5 -12.5 19.5 7
9200103 185.5 -12.5 20 7
9200104 185.5 -12.5 20.5 7
9200105 185.5 -12.5 21 7
9215377 186 -15.5 19.5 7
9215378 186 -15.5 20 7
9215379 186 -15.5 20.5 7
9215380 186 -15.5 21 7
9215424 186 -15 19.5 7
9215425 186 -15 20 7
9215426 186 -15 20.5 7
9215427 186 -15 21 7
9215471 186 -14.5 19.5 7
9215472 186 -14.5 20 7
9215473 186 -14.5 20.5 7
9215474 186 -14.5 21 7
9215518 186 -14 19.5 7
9215519 186 -14 20 7
9215520 186 -14 20.5 7
9215521 186 -14 21 7
9215565 186 -13.5 19.5 7
9215566 186 -13.5 20 7
9215567 186 -13.5 20.5 7
9215568 186 -13.5 21 7
9215612 186 -13 19.5 7
9215613 186 -13 20 7
9215614 186 -13 20.5 7
9215615 186 -13 21 7
9230840 186.5 -16.5 19.5 7
9230841 186.5 -16.5 20 7
9230842 186.5 -16.5 20.5 7
9230843 186.5 -16.5 21 7
9230887 186.5 -16 19.5 7
9230888 186.5 -16 20 7
9230889 186.5 -16 20.5 7
9230890 186.5 -16 21 7
9230934 186.5 -15.5 19.5 7
9230935 186.5 -15.5 20 7
9230936 186.5 -15.5 20.5 7
9230937 186.5 -15.5 21 7
9230981 186.5 -15 19.5 7
9230982 186.5 -15 20 7
9230983 186.5 -15 20.5 7
9230984 186.5 -15 21 7
9231028 186.5 -14.5 19.5 7
9231029 186.5 -14.5 20 7
9231030 186.5 -14.5 20.5 7
9231031 186.5 -14.5 21 7
9231075 186.5 -14 19.5 7
9231076 186.5 -14 20 7
9231077 186.5 -14 20.5 7
9231078 186.5 -14 21 7
9246303 187 -17.5 19.5 7
9246304 187 -17.5 20 7
9246305 187 -17.5 20.5 7
9246306 187 -17.5 21 7
9246350 187 -17 19.5 7
9246351 187 -17 20 7
9246352 187 -17 20.5 7
9246353 187 -17 21 7
9246397 187 -16.5 19.5 7
9246398 187 -16.5 20 7
9246399 187 -16.5 20.5 7
9246400 187 -16.5 21 7
9246444 187 -16 19.5 7
9246445 187 -16 20 7
9246446 187 -16 20.5 7
9246447 187 -16 21 7
9246491 187 -15.5 19.5 7
9246492 187 -15.5 20 7
9246493 187 -15.5 20.5 7
9246494 187 -15.5 21 7
9246538 187 -15 19.5 7
9246539 187 -15 20 7
9246540 187 -15 20.5 7
9246541 187 -15 21 7
9246585 187 -14.5 19.5 7
9246586 187 -14.5 20 7
9246587 187 -14.5 20.5 7
9246588 187 -14.5 21 7
9261813 187.5 -18 19.5 7
9261814 187.5 -18 20 7
9261815 187.5 -18 20.5 7
9261816 187.5 -18 21 7
9261860 187.5 -17.5 19.5 7
9261861 187.5 -17.5 20 7
9261862 187.5 -17.5 20.5 7
9261863 187.5 -17.5 21 7
9261907 187.5 -17 19.5 7
9261908 187.5 -17 20 7
9261909 187.5 -17 20.5 7
9261910 187.5 -17 21 7
9261954 187.5 -16.5 19.5 7
9261955 187.5 -16.5 20 7
9261956 187.5 -16.5 20.5 7
9261957 187.5 -16.5 21 7
9262001 187.5 -16 19.5 7
9262002 187.5 -16 20 7
9262003 187.5 -16 20.5 7
9262004 187.5 -16 21 7
9262048 187.5 -15.5 19.5 7
9262049 187.5 -15.5 20 7
9262050 187.5 -15.5 20.5 7
9262051 187.5 -15.5 21 7
9277370 188 -18 19.5 7
9277371 188 -18 20 7
9277372 188 -18 20.5 7
9277373 188 -18 21 7
9277417 188 -17.5 19.5 7
9277418 188 -17.5 20 7
9277419 188 -17.5 20.5 7
9277420 188 -17.5 21 7
9277464 188 -17 19.5 7
9277465 188 -17 20 7
9277466 188 -17 20.5 7
9277467 188 -17 21 7
9277511 188 -16.5 19.5 7
9277512 188 -16.5 20 7
9277513 188 -16.5 20.5 7
9277514 188 -16.5 21 7
9277558 188 -16 19.5 7
9277559 188 -16 20 7
9277560 188 -16 20.5 7
9277561 188 -16 21 7
9292927 188.5 -18 19.5 7
9292928 188.5 -18 20 7
9292929 188.5 -18 20.5 7
9292930 188.5 -18 21 7
9292974 188.5 -17.5 19.5 7
9292975 188.5 -17.5 20 7
9292976 188.5 -17.5 20.5 7
9292977 188.5 -17.5 21 7
9293021 188.5 -17 19.5 7
9293022 188.5 -17 20 7
9293023 188.5 -17 20.5 7
9293024 188.5 -17 21 7
9308484 189 -18 19.5 7
9308485 189 -18 20 7
9308486 189 -18 20.5 7
9308487 189 -18 21 7
