9671229 200.5 34.5 19 8
9671230 200.5 34.5 19.5 8
9671231 200.5 34.5 20 8
9671232 200.5 34.5 20.5 8
9671233 200.5 34.5 21 8
9686739 201 34 19 8
9686740 201 34 19.5 8
9686741 201 34 20 8
9686742 201 34 20.5 8
9686743 201 34 21 8
9686786 201 34.5 19 8
9686787 201 34.5 19.5 8
9686788 201 34.5 20 8
9686789 201 34.5 20.5 8
9686790 201 34.5 21 8
9702202 201.5 33 19 8
9702203 201.5 33 19.5 8
9702204 201.5 33 20 8
9702205 201.5 33 20.5 8
9702206 201.5 33 21 8
9702249 201.5 33.5 19 8
9702250 201.5 33.5 19.5 8
9702251 201.5 33.5 20 8
9702252 201.5 33.5 20.5 8
9702253 201.5 33.5 21 8
9702296 201.5 34 19 8
9702297 201.5 34 19.5 8
9702298 201.5 34 20 8
9702299 201.5 34 20.5 8
9702300 201.5 34 21 8
9702343 201.5 34.5 19 8
9702344 201.5 34.5 19.5 8
9702345 201.5 34.5 20 8
9702346 201.5 34.5 20.5 8
9702347 201.5 34.5 21 8
9717665 202 32 19 8
9717666 202 32 19.5 8
9717667 202 32 20 8
9717668 202 32 20.5 8
9717669 202 32 21 8
9717712 202 32.5 19 8
9717713 202 32.5 19.5 8
9717714 202 32.5 20 8
9717715 202 32.5 20.5 8
9717716 202 32.5 21 8
9717759 202 33 19 8
9717760 202 33 19.5 8
9717761 202 33 20 8
9717762 202 33 20.5 8
9717763 202 33 21 8
9717806 202 33.5 19 8
9717807 202 33.5 19.5 8
9717808 202 33.5 20 8
9717809 202 33.5 20.5 8
9717810 202 33.5 21 8
9717853 202 34 19 8
9717854 202 34 19.5 8
9717855 202 34 20 8
9717856 202 34 20.5 8
9717857 202 34 21 8
9717900 202 34.5 19 8
9717901 202 34.5 19.5 8
9717902 202 34.5 20 8
9717903 202 34.5 20.5 8
9717904 202 34.5 21 8
9733175 202.5 31.5 19 8
9733176 202.5 31.5 19.5 8
9733177 202.5 31.5 20 8
9733178 202.5 31.5 20.5 8
9733179 202.5 31.5 21 8
9733222 202.5 32 19 8
9733223 202.5 32 19.5 8
9733224 202.5 32 20 8
9733225 202.5 32 20.5 8
9733226 202.5 32 21 8
9733269 202.5 32.5 19 8
9733270 202.5 32.5 19.5 8
9733271 202.5 32.5 20 8
9733272 202.5 32.5 20.5 8
9733273 202.5 32.5 21 8
9733316 202.5 33 19 8
9733317 202.5 33 19.5 8
9733318 202.5 33 20 8
9733319 202.5 33 20.5 8
9733320 202.5 33 21 8
9733363 202.5 33.5 19 8
9733364 202.5 33.5 19.5 8
9733365 202.5 33.5 20 8
9733366 202.5 33.5 20.5 8
9733367 202.5 33.5 21 8
9733410 202.5 34 19 8
9733411 202.5 34 19.5 8
9733412 202.5 34 20 8
9733413 202.5 34 20.5 8
9733414 202.5 34 21 8
9748638 203 30.5 19 8
9748639 203 30.5 19.5 8
9748640 203 30.5 20 8
9748641 203 30.5 20.5 8
9748642 203 30.5 21 8
9748685 203 31 19 8
9748686 203 31 19.5 8
9748687 203 31 20 8
9748688 203 31 20.5 8
9748689 203 31 21 8
9748732 203 31.5 19 8
9748733 203 31.5 19.5 8
9748734 203 31.5 20 8
9748735 203 31.5 20.5 8
9748736 203 31.5 21 8
9748779 203 32 19 8
9748780 203 32 19.5 8
9748781 203 32 20 8
9748782 203 32 20.5 8
9748783 203 32 21 8
9748826 203 32.5 19 8
9748827 203 32.5 19.5 8
9748828 203 32.5 20 8
9748829 203 32.5 20.5 8
9748830 203 32.5 21 8
9748873 203 33 19 8
9748874 203 33 19.5 8
9748875 203 33 20 8
9748876 203 33 20.5 8
9748877 203 33 21 8
9748920 203 33.5 19 8
9748921 203 33.5 19.5 8
9748922 203 33.5 20 8
9748923 203 33.5 20.5 8
9748924 203 33.5 21 8
9764148 203.5 30 19 8
9764149 203.5 30 19.5 8
9764150 203.5 30 20 8
9764151 203.5 30 20.5 8
9764152 203.5 30 21 8
9764195 203.5 30.5 19 8
9764196 203.5 30.5 19.5 8
9764197 203.5 30.5 20 8
9764198 203.5 30.5 20.5 8
9764199 203.5 30.5 21 8
9764242 203.5 31 19 8
9764243 203.5 31 19.5 8
9764244 203.5 31 20 8
9764245 203.5 31 20.5 8
9764246 203.5 31 21 8
9764289 203.5 31.5 19 8
9764290 203.5 31.5 19.5 8
9764291 203.5 31.5 20 8
9764292 203.5 31.5 20.5 8
9764293 203.5 31.5 21 8
9764336 203.5 32 19 8
9764337 203.5 32 19.5 8
9764338 203.5 32 20 8
9764339 203.5 32 20.5 8
9764340 203.5 32 21 8
9764383 203.5 32.5 19 8
9764384 203.5 32.5 19.5 8
9764385 203.5 32.5 20 8
9764386 203.5 32.5 20.5 8
9764387 203.5 32.5 21 8
9779611 204 29 19 8
9779612 204 29 19.5 8
9779613 204 29 20 8
9779614 204 29 20.5 8
9779615 204 29 21 8
9779658 204 29.5 19 8
9779659 204 29.5 19.5 8
9779660 204 29.5 20 8
9779661 204 29.5 20.5 8
9779662 204 29.5 21 8
9779705 204 30 19 8
9779706 204 30 19.5 8
9779707 204 30 20 8
9779708 204 30 20.5 8
9779709 204 30 21 8
9779752 204 30.5 19 8
9779753 204 30.5 19.5 8
9779754 204 30.5 20 8
9779755 204 30.5 20.5 8
9779756 204 30.5 21 8
9779799 204 31 19 8
9779800 204 31 19.5 8
9779801 204 31 20 8
9779802 204 31 20.5 8
9779803 204 31 21 8
9779846 204 31.5 19 8
9779847 204 31.5 19.5 8
9779848 204 31.5 20 8
9779849 204 31.5 20.5 8
9779850 204 31.5 21 8
9795121 204.5 28.5 19 8
9795122 204.5 28.5 19.5 8
9795123 204.5 28.5 20 8
9795124 204.5 28.5 20.5 8
9795125 204.5 28.5 21 8
9795168 204.5 29 19 8
9795169 204.5 29 19.5 8
9795170 204.5 29 20 8
9795171 204.5 29 20.5 8
9795172 204.5 29 21 8
9795215 204.5 29.5 19 8
9795216 204.5 29.5 19.5 8
9795217 204.5 29.5 20 8
9795218 204.5 29.5 20.5 8
9795219 204.5 29.5 21 8
9795262 204.5 30 19 8
9795263 204.5 30 19.5 8
9795264 204.5 30 20 8
9795265 204.5 30 20.5 8
9795266 204.5 30 21 8
9795309 204.5 30.5 19 8
9795310 204.5 30.5 19.5 8
9795311 204.5 30.5 20 8
9795312 204.5 30.5 20.5 8
9795313 204.5 30.5 21 8
9795356 204.5 31 19 8
9795357 204.5 31 19.5 8
9795358 204.5 31 20 8
9795359 204.5 31 20.5 8
9795360 204.5 31 21 8
9810584 205 27.5 19 8
9810585 205 27.5 19.5 8
9810586 205 27.5 20 8
9810587 205 27.5 20.5 8
9810588 205 27.5 21 8
9810631 205 28 19 8
9810632 205 28 19.5 8
9810633 205 28 20 8
9810634 205 28 20.5 8
9810635 205 28 21 8
9810678 205 28.5 19 8
9810679 205 28.5 19.5 8
9810680 205 28.5 20 8
9810681 205 28.5 20.5 8
9810682 205 28.5 21 8
9810725 205 29 19 8
9810726 205 29 19.5 8
9810727 205 29 20 8
9810728 205 29 20.5 8
9810729 205 29 21 8
9810772 205 29.5 19 8
9810773 205 29.5 19.5 8
9810774 205 29.5 20 8
9810775 205 29.5 20.5 8
9810776 205 29.5 21 8
9810819 205 30 19 8
9810820 205 30 19.5 8
9810821 205 30 20 8
9810822 205 30 20.5 8
9810823 205 30 21 8
9826094 205.5 27 19 8
9826095 205.5 27 19.5 8
9826096 205.5 27 20 8
9826097 205.5 27 20.5 8
9826098 205.5 27 21 8
9826141 205.5 27.5 19 8
9826142 205.5 27.5 19.5 8
9826143 205.5 27.5 20 8
9826144 205.5 27.5 20.5 8
9826145 205.5 27.5 21 8
9826188 205.5 28 19 8
9826189 205.5 28 19.5 8
9826190 205.5 28 20 8
9826191 205.5 28 20.5 8
9826192 205.5 28 21 8
9826235 205.5 28.5 19 8
9826236 205.5 28.5 19.5 8
9826237 205.5 28.5 20 8
9826238 205.5 28.5 20.5 8
9826239 205.5 28.5 21 8
9826282 205.5 29 19 8
9826283 205.5 29 19.5 8
9826284 205.5 29 20 8
9826285 205.5 29 20.5 8
9826286 205.5 29 21 8
9826329 205.5 29.5 19 8
9826330 205.5 29.5 19.5 8
9826331 205.5 29.5 20 8
9826332 205.5 29.5 20.5 8
9826333 205.5 29.5 21 8
9841557 206 26 19 8
9841558 206 26 19.5 8
9841559 206 26 20 8
9841560 206 26 20.5 8
9841561 206 26 21 8
9841604 206 26.5 19 8
9841605 206 26.5 19.5 8
9841606 206 26.5 20 8
9841607 206 26.5 20.5 8
9841608 206 26.5 21 8
9841651 206 27 19 8
9841652 206 27 19.5 8
9841653 206 27 20 8
9841654 206 27 20.5 8
9841655 206 27 21 8
9841698 206 27.5 19 8
9841699 206 27.5 19.5 8
9841700 206 27.5 20 8
9841701 206 27.5 20.5 8
9841702 206 27.5 21 8
9841745 206 28 19 8
9841746 206 28 19.5 8
9841747 206 28 20 8
9841748 206 28 20.5 8
9841749 206 28 21 8
9841792 206 28.5 19 8
9841793 206 28.5 19.5 8
9841794 206 28.5 20 8
9841795 206 28.5 20.5 8
9841796 206 28.5 21 8
9857067 206.5 25.5 19 8
9857068 206.5 25.5 19.5 8
9857069 206.5 25.5 20 8
9857070 206.5 25.5 20.5 8
9857071 206.5 25.5 21 8
9857114 206.5 26 19 8
9857115 206.5 26 19.5 8
9857116 206.5 26 20 8
9857117 206.5 26 20.5 8
9857118 206.5 26 21 8
9857161 206.5 26.5 19 8
9857162 206.5 26.5 19.5 8
9857163 206.5 26.5 20 8
9857164 206.5 26.5 20.5 8
9857165 206.5 26.5 21 8
9857208 206.5 27 19 8
9857209 206.5 27 19.5 8
9857210 206.5 27 20 8
9857211 206.5 27 20.5 8
9857212 206.5 27 21 8
9857255 206.5 27.5 19 8
9857256 206.5 27.5 19.5 8
9857257 206.5 27.5 20 8
9857258 206.5 27.5 20.5 8
9857259 206.5 27.5 21 8
9857302 206.5 28 19 8
9857303 206.5 28 19.5 8
9857304 206.5 28 20 8
9857305 206.5 28 20.5 8
9857306 206.5 28 21 8
9872530 207 24.5 19 8
9872531 207 24.5 19.5 8
9872532 207 24.5 20 8
9872533 207 24.5 20.5 8
9872534 207 24.5 21 8
9872577 207 25 19 8
9872578 207 25 19.5 8
9872579 207 25 20 8
9872580 207 25 20.5 8
9872581 207 25 21 8
9872624 207 25.5 19 8
9872625 207 25.5 19.5 8
9872626 207 25.5 20 8
9872627 207 25.5 20.5 8
9872628 207 25.5 21 8
9872671 207 26 19 8
9872672 207 26 19.5 8
9872673 207 26 20 8
9872674 207 26 20.5 8
9872675 207 26 21 8
9872718 207 26.5 19 8
9872719 207 26.5 19.5 8
9872720 207 26.5 20 8
9872721 207 26.5 20.5 8
9872722 207 26.5 21 8
9872765 207 27 19 8
9872766 207 27 19.5 8
9872767 207 27 20 8
9872768 207 27 20.5 8
9872769 207 27 21 8
9887993 207.5 23.5 19 8
9887994 207.5 23.5 19.5 8
9887995 207.5 23.5 20 8
9887996 207.5 23.5 20.5 8
9887997 207.5 23.5 21 8
9888040 207.5 24 19 8
9888041 207.5 24 19.5 8
9888042 207.5 24 20 8
9888043 207.5 24 20.5 8
9888044 207.5 24 21 8
9888087 207.5 24.5 19 8
9888088 207.5 24.5 19.5 8
9888089 207.5 24.5 20 8
9888090 207.5 24.5 20.5 8
9888091 207.5 24.5 21 8
9888134 207.5 25 19 8
9888135 207.5 25 19.5 8
9888136 207.5 25 20 8
9888137 207.5 25 20.5 8
9888138 207.5 25 21 8
9888181 207.5 25.5 19 8
9888182 207.5 25.5 19.5 8
9888183 207.5 25.5 20 8
9888184 207.5 25.5 20.5 8
9888185 207.5 25.5 21 8
9888228 207.5 26 19 8
9888229 207.5 26 19.5 8
9888230 207.5 26 20 8
9888231 207.5 26 20.5 8
9888232 207.5 26 21 8
9888275 207.5 26.5 19 8
9888276 207.5 26.5 19.5 8
9888277 207.5 26.5 20 8
9888278 207.5 26.5 20.5 8
9888279 207.5 26.5 21 8
9903503 208 23 19 8
9903504 208 23 19.5 8
9903505 208 23 20 8
9903506 208 23 20.5 8
9903507 208 23 21 8
9903550 208 23.5 19 8
9903551 208 23.5 19.5 8
9903552 208 23.5 20 8
9903553 208 23.5 20.5 8
9903554 208 23.5 21 8
9903597 208 24 19 8
9903598 208 24 19.5 8
9903599 208 24 20 8
9903600 208 24 20.5 8
9903601 208 24 21 8
9903644 208 24.5 19 8
9903645 208 24.5 19.5 8
9903646 208 24.5 20 8
9903647 208 24.5 20.5 8
9903648 208 24.5 21 8
9903691 208 25 19 8
9903692 208 25 19.5 8
9903693 208 25 20 8
9903694 208 25 20.5 8
9903695 208 25 21 8
9903738 208 25.5 19 8
9903739 208 25.5 19.5 8
9903740 208 25.5 20 8
9903741 208 25.5 20.5 8
9903742 208 25.5 21 8
9918966 208.5 22 19 8
9918967 208.5 22 19.5 8
9918968 208.5 22 20 8
9918969 208.5 22 20.5 8
9918970 208.5 22 21 8
9919013 208.5 22.5 19 8
9919014 208.5 22.5 19.5 8
9919015 208.5 22.5 20 8
9919016 208.5 22.5 20.5 8
9919017 208.5 22.5 21 8
9919060 208.5 23 19 8
9919061 208.5 23 19.5 8
9919062 208.5 23 20 8
9919063 208.5 23 20.5 8
9919064 208.5 23 21 8
9919107 208.5 23.5 19 8
9919108 208.5 23.5 19.5 8
9919109 208.5 23.5 20 8
9919110 208.5 23.5 20.5 8
9919111 208.5 23.5 21 8
9919154 208.5 24 19 8
9919155 208.5 24 19.5 8
9919156 208.5 24 20 8
9919157 208.5 24 20.5 8
9919158 208.5 24 21 8
9919201 208.5 24.5 19 8
9919202 208.5 24.5 19.5 8
9919203 208.5 24.5 20 8
9919204 208.5 24.5 20.5 8
9919205 208.5 24.5 21 8
9919248 208.5 25 19 8
9919249 208.5 25 19.5 8
9919250 208.5 25 20 8
9919251 208.5 25 20.5 8
9919252 208.5 25 21 8
9934476 209 21.5 19 8
9934477 209 21.5 19.5 8
9934478 209 21.5 20 8
9934479 209 21.5 20.5 8
9934480 209 21.5 21 8
9934523 209 22 19 8
9934524 209 22 19.5 8
9934525 209 22 20 8
9934526 209 22 20.5 8
9934527 209 22 21 8
9934570 209 22.5 19 8
9934571 209 22.5 19.5 8
9934572 209 22.5 20 8
9934573 209 22.5 20.5 8
9934574 209 22.5 21 8
9934617 209 23 19 8
9934618 209 23 19.5 8
9934619 209 23 20 8
9934620 209 23 20.5 8
9934621 209 23 21 8
9934664 209 23.5 19 8
9934665 209 23.5 19.5 8
9934666 209 23.5 20 8
9934667 209 23.5 20.5 8
9934668 209 23.5 21 8
9934711 209 24 19 8
9934712 209 24 19.5 8
9934713 209 24 20 8
9934714 209 24 20.5 8
9934715 209 24 21 8
9949939 209.5 20.5 19 8
9949940 209.5 20.5 19.5 8
9949941 209.5 20.5 20 8
9949942 209.5 20.5 20.5 8
9949943 209.5 20.5 21 8
9949986 209.5 21 19 8
9949987 209.5 21 19.5 8
9949988 209.5 21 20 8
9949989 209.5 21 20.5 8
9949990 209.5 21 21 8
9950033 209.5 21.5 19 8
9950034 209.5 21.5 19.5 8
9950035 209.5 21.5 20 8
9950036 209.5 21.5 20.5 8
9950037 209.5 21.5 21 8
9950080 209.5 22 19 8
9950081 209.5 22 19.5 8
9950082 209.5 22 20 8
9950083 209.5 22 20.5 8
9950084 209.5 22 21 8
9950127 209.5 22.5 19 8
9950128 209.5 22.5 19.5 8
9950129 209.5 22.5 20 8
9950130 209.5 22.5 20.5 8
9950131 209.5 22.5 21 8
9950174 209.5 23 19 8
9950175 209.5 23 19.5 8
9950176 209.5 23 20 8
9950177 209.5 23 20.5 8
9950178 209.5 23 21 8
9965449 210 20 19 8
9965450 210 20 19.5 8
9965451 210 20 20 8
9965452 210 20 20.5 8
9965453 210 20 21 8
9965496 210 20.5 19 8
9965497 210 20.5 19.5 8
9965498 210 20.5 20 8
9965499 210 20.5 20.5 8
9965500 210 20.5 21 8
9965543 210 21 19 8
9965544 210 21 19.5 8
9965545 210 21 20 8
9965546 210 21 20.5 8
9965547 210 21 21 8
9965590 210 21.5 19 8
9965591 210 21.5 19.5 8
9965592 210 21.5 20 8
9965593 210 21.5 20.5 8
9965594 210 21.5 21 8
9965637 210 22 19 8
9965638 210 22 19.5 8
9965639 210 22 20 8
9965640 210 22 20.5 8
9965641 210 22 21 8
9965684 210 22.5 19 8
9965685 210 22.5 19.5 8
9965686 210 22.5 20 8
9965687 210 22.5 20.5 8
9965688 210 22.5 21 8
9980912 210.5 19 19 8
9980913 210.5 19 19.5 8
9980914 210.5 19 20 8
9980915 210.5 19 20.5 8
9980916 210.5 19 21 8
9980959 210.5 19.5 19 8
9980960 210.5 19.5 19.5 8
9980961 210.5 19.5 20 8
9980962 210.5 19.5 20.5 8
9980963 210.5 19.5 21 8
9981006 210.5 20 19 8
9981007 210.5 20 19.5 8
9981008 210.5 20 20 8
9981009 210.5 20 20.5 8
9981010 210.5 20 21 8
9981053 210.5 20.5 19 8
9981054 210.5 20.5 19.5 8
9981055 210.5 20.5 20 8
9981056 210.5 20.5 20.5 8
9981057 210.5 20.5 21 8
9981100 210.5 21 19 8
9981101 210.5 21 19.5 8
9981102 210.5 21 20 8
9981103 210.5 21 20.5 8
9981104 210.5 21 21 8
9981147 210.5 21.5 19 8
9981148 210.5 21.5 19.5 8
9981149 210.5 21.5 20 8
9981150 210.5 21.5 20.5 8
9981151 210.5 21.5 21 8
9996422 211 18.5 19 8
9996423 211 18.5 19.5 8
9996424 211 18.5 20 8
9996425 211 18.5 20.5 8
9996426 211 18.5 21 8
9996469 211 19 19 8
9996470 211 19 19.5 8
9996471 211 19 20 8
9996472 211 19 20.5 8
9996473 211 19 21 8
9996516 211 19.5 19 8
9996517 211 19.5 19.5 8
9996518 211 19.5 20 8
9996519 211 19.5 20.5 8
9996520 211 19.5 21 8
9996563 211 20 19 8
9996564 211 20 19.5 8
9996565 211 20 20 8
9996566 211 20 20.5 8
9996567 211 20 21 8
9996610 211 20.5 19 8
9996611 211 20.5 19.5 8
9996612 211 20.5 20 8
9996613 211 20.5 20.5 8
9996614 211 20.5 21 8
9996657 211 21 19 8
9996658 211 21 19.5 8
9996659 211 21 20 8
9996660 211 21 20.5 8
9996661 211 21 21 8
10011885 211.5 17.5 19 8
10011886 211.5 17.5 19.5 8
10011887 211.5 17.5 20 8
10011888 211.5 17.5 20.5 8
10011889 211.5 17.5 21 8
10011932 211.5 18 19 8
10011933 211.5 18 19.5 8
10011934 211.5 18 20 8
10011935 211.5 18 20.5 8
10011936 211.5 18 21 8
10011979 211.5 18.5 19 8
10011980 211.5 18.5 19.5 8
10011981 211.5 18.5 20 8
10011982 211.5 18.5 20.5 8
10011983 211.5 18.5 21 8
10012026 211.5 19 19 8
10012027 211.5 19 19.5 8
10012028 211.5 19 20 8
10012029 211.5 19 20.5 8
10012030 211.5 19 21 8
10012073 211.5 19.5 19 8
10012074 211.5 19.5 19.5 8
10012075 211.5 19.5 20 8
10012076 211.5 19.5 20.5 8
10012077 211.5 19.5 21 8
10012120 211.5 20 19 8
10012121 211.5 20 19.5 8
10012122 211.5 20 20 8
10012123 211.5 20 20.5 8
10012124 211.5 20 21 8
10027348 212 16.5 19 8
10027349 212 16.5 19.5 8
10027350 212 16.5 20 8
10027351 212 16.5 20.5 8
10027352 212 16.5 21 8
10027395 212 17 19 8
10027396 212 17 19.5 8
10027397 212 17 20 8
10027398 212 17 20.5 8
10027399 212 17 21 8
10027442 212 17.5 19 8
10027443 212 17.5 19.5 8
10027444 212 17.5 20 8
10027445 212 17.5 20.5 8
10027446 212 17.5 21 8
10027489 212 18 19 8
10027490 212 18 19.5 8
10027491 212 18 20 8
10027492 212 18 20.5 8
10027493 212 18 21 8
10027536 212 18.5 19 8
10027537 212 18.5 19.5 8
10027538 212 18.5 20 8
10027539 212 18.5 20.5 8
10027540 212 18.5 21 8
10027583 212 19 19 8
10027584 212 19 19.5 8
10027585 212 19 20 8
10027586 212 19 20.5 8
10027587 212 19 21 8
10027630 212 19.5 19 8
10027631 212 19.5 19.5 8
10027632 212 19.5 20 8
10027633 212 19.5 20.5 8
10027634 212 19.5 21 8
10042858 212.5 16 19 8
10042859 212.5 16 19.5 8
10042860 212.5 16 20 8
10042861 212.5 16 20.5 8
10042862 212.5 16 21 8
10042905 212.5 16.5 19 8
10042906 212.5 16.5 19.5 8
10042907 212.5 16.5 20 8
10042908 212.5 16.5 20.5 8
10042909 212.5 16.5 21 8
10042952 212.5 17 19 8
10042953 212.5 17 19.5 8
10042954 212.5 17 20 8
10042955 212.5 17 20.5 8
10042956 212.5 17 21 8
10042999 212.5 17.5 19 8
10043000 212.5 17.5 19.5 8
10043001 212.5 17.5 20 8
10043002 212.5 17.5 20.5 8
10043003 212.5 17.5 21 8
10043046 212.5 18 19 8
10043047 212.5 18 19.5 8
10043048 212.5 18 20 8
10043049 212.5 18 20.5 8
10043050 212.5 18 21 8
10043093 212.5 18.5 19 8
10043094 212.5 18.5 19.5 8
10043095 212.5 18.5 20 8
10043096 212.5 18.5 20.5 8
10043097 212.5 18.5 21 8
10058321 213 15 19 8
10058322 213 15 19.5 8
10058323 213 15 20 8
10058324 213 15 20.5 8
10058325 213 15 21 8
10058368 213 15.5 19 8
10058369 213 15.5 19.5 8
10058370 213 15.5 20 8
10058371 213 15.5 20.5 8
10058372 213 15.5 21 8
10058415 213 16 19 8
10058416 213 16 19.5 8
10058417 213 16 20 8
10058418 213 16 20.5 8
10058419 213 16 21 8
10058462 213 16.5 19 8
10058463 213 16.5 19.5 8
10058464 213 16.5 20 8
10058465 213 16.5 20.5 8
10058466 213 16.5 21 8
10058509 213 17 19 8
10058510 213 17 19.5 8
10058511 213 17 20 8
10058512 213 17 20.5 8
10058513 213 17 21 8
10058556 213 17.5 19 8
10058557 213 17.5 19.5 8
10058558 213 17.5 20 8
10058559 213 17.5 20.5 8
10058560 213 17.5 21 8
10058603 213 18 19 8
10058604 213 18 19.5 8
10058605 213 18 20 8
10058606 213 18 20.5 8
10058607 213 18 21 8
10073831 213.5 14.5 19 8
10073832 213.5 14.5 19.5 8
10073833 213.5 14.5 20 8
10073834 213.5 14.5 20.5 8
10073835 213.5 14.5 21 8
10073878 213.5 15 19 8
10073879 213.5 15 19.5 8
10073880 213.5 15 20 8
10073881 213.5 15 20.5 8
10073882 213.5 15 21 8
10073925 213.5 15.5 19 8
10073926 213.5 15.5 19.5 8
10073927 213.5 15.5 20 8
10073928 213.5 15.5 20.5 8
10073929 213.5 15.5 21 8
10073972 213.5 16 19 8
10073973 213.5 16 19.5 8
10073974 213.5 16 20 8
10073975 213.5 16 20.5 8
10073976 213.5 16 21 8
10074019 213.5 16.5 19 8
10074020 213.5 16.5 19.5 8
10074021 213.5 16.5 20 8
10074022 213.5 16.5 20.5 8
10074023 213.5 16.5 21 8
10074066 213.5 17 19 8
10074067 213.5 17 19.5 8
10074068 213.5 17 20 8
10074069 213.5 17 20.5 8
10074070 213.5 17 21 8
10089294 214 13.5 19 8
10089295 214 13.5 19.5 8
10089296 214 13.5 20 8
10089297 214 13.5 20.5 8
10089298 214 13.5 21 8
10089341 214 14 19 8
10089342 214 14 19.5 8
10089343 214 14 20 8
10089344 214 14 20.5 8
10089345 214 14 21 8
10089388 214 14.5 19 8
10089389 214 14.5 19.5 8
10089390 214 14.5 20 8
10089391 214 14.5 20.5 8
10089392 214 14.5 21 8
10089435 214 15 19 8
10089436 214 15 19.5 8
10089437 214 15 20 8
10089438 214 15 20.5 8
10089439 214 15 21 8
10089482 214 15.5 19 8
10089483 214 15.5 19.5 8
10089484 214 15.5 20 8
10089485 214 15.5 20.5 8
10089486 214 15.5 21 8
10089529 214 16 19 8
10089530 214 16 19.5 8
10089531 214 16 20 8
10089532 214 16 20.5 8
10089533 214 16 21 8
10104804 214.5 13 19 8
10104805 214.5 13 19.5 8
10104806 214.5 13 20 8
10104807 214.5 13 20.5 8
10104808 214.5 13 21 8
10104851 214.5 13.5 19 8
10104852 214.5 13.5 19.5 8
10104853 214.5 13.5 20 8
10104854 214.5 13.5 20.5 8
10104855 214.5 13.5 21 8
10104898 214.5 14 19 8
10104899 214.5 14 19.5 8
10104900 214.5 14 20 8
10104901 214.5 14 20.5 8
10104902 214.5 14 21 8
10104945 214.5 14.5 19 8
10104946 214.5 14.5 19.5 8
10104947 214.5 14.5 20 8
10104948 214.5 14.5 20.5 8
10104949 214.5 14.5 21 8
10104992 214.5 15 19 8
10104993 214.5 15 19.5 8
10104994 214.5 15 20 8
10104995 214.5 15 20.5 8
10104996 214.5 15 21 8
10105039 214.5 15.5 19 8
10105040 214.5 15.5 19.5 8
10105041 214.5 15.5 20 8
10105042 214.5 15.5 20.5 8
10105043 214.5 15.5 21 8
10120267 215 12 19 8
10120268 215 12 19.5 8
10120269 215 12 20 8
10120270 215 12 20.5 8
10120271 215 12 21 8
10120314 215 12.5 19 8
10120315 215 12.5 19.5 8
10120316 215 12.5 20 8
10120317 215 12.5 20.5 8
10120318 215 12.5 21 8
10120361 215 13 19 8
10120362 215 13 19.5 8
10120363 215 13 20 8
10120364 215 13 20.5 8
10120365 215 13 21 8
10120408 215 13.5 19 8
10120409 215 13.5 19.5 8
10120410 215 13.5 20 8
10120411 215 13.5 20.5 8
10120412 215 13.5 21 8
10120455 215 14 19 8
10120456 215 14 19.5 8
10120457 215 14 20 8
10120458 215 14 20.5 8
10120459 215 14 21 8
10120502 215 14.5 19 8
10120503 215 14.5 19.5 8
10120504 215 14.5 20 8
10120505 215 14.5 20.5 8
10120506 215 14.5 21 8
10135777 215.5 11.5 19 8
10135778 215.5 11.5 19.5 8
10135779 215.5 11.5 20 8
10135780 215.5 11.5 20.5 8
10135781 215.5 11.5 21 8
10135824 215.5 12 19 8
10135825 215.5 12 19.5 8
10135826 215.5 12 20 8
10135827 215.5 12 20.5 8
10135828 215.5 12 21 8
10135871 215.5 12.5 19 8
10135872 215.5 12.5 19.5 8
10135873 215.5 12.5 20 8
10135874 215.5 12.5 20.5 8
10135875 215.5 12.5 21 8
10135918 215.5 13 19 8
10135919 215.5 13 19.5 8
10135920 215.5 13 20 8
10135921 215.5 13 20.5 8
10135922 215.5 13 21 8
10135965 215.5 13.5 19 8
10135966 215.5 13.5 19.5 8
10135967 215.5 13.5 20 8
10135968 215.5 13.5 20.5 8
10135969 215.5 13.5 21 8
10136012 215.5 14 19 8
10136013 215.5 14 19.5 8
10136014 215.5 14 20 8
10136015 215.5 14 20.5 8
10136016 215.5 14 21 8
10151240 216 10.5 19 8
10151241 216 10.5 19.5 8
10151242 216 10.5 20 8
10151243 216 10.5 20.5 8
10151244 216 10.5 21 8
10151287 216 11 19 8
10151288 216 11 19.5 8
10151289 216 11 20 8
10151290 216 11 20.5 8
10151291 216 11 21 8
10151334 216 11.5 19 8
10151335 216 11.5 19.5 8
10151336 216 11.5 20 8
10151337 216 11.5 20.5 8
10151338 216 11.5 21 8
10151381 216 12 19 8
10151382 216 12 19.5 8
10151383 216 12 20 8
10151384 216 12 20.5 8
10151385 216 12 21 8
10151428 216 12.5 19 8
10151429 216 12.5 19.5 8
10151430 216 12.5 20 8
10151431 216 12.5 20.5 8
10151432 216 12.5 21 8
10151475 216 13 19 8
10151476 216 13 19.5 8
10151477 216 13 20 8
10151478 216 13 20.5 8
10151479 216 13 21 8
10166750 216.5 10 19 8
10166751 216.5 10 19.5 8
10166752 216.5 10 20 8
10166753 216.5 10 20.5 8
10166754 216.5 10 21 8
10166797 216.5 10.5 19 8
10166798 216.5 10.5 19.5 8
10166799 216.5 10.5 20 8
10166800 216.5 10.5 20.5 8
10166801 216.5 10.5 21 8
10166844 216.5 11 19 8
10166845 216.5 11 19.5 8
10166846 216.5 11 20 8
10166847 216.5 11 20.5 8
10166848 216.5 11 21 8
10166891 216.5 11.5 19 8
10166892 216.5 11.5 19.5 8
10166893 216.5 11.5 20 8
10166894 216.5 11.5 20.5 8
10166895 216.5 11.5 21 8
10166938 216.5 12 19 8
10166939 216.5 12 19.5 8
10166940 216.5 12 20 8
10166941 216.5 12 20.5 8
10166942 216.5 12 21 8
10166985 216.5 12.5 19 8
10166986 216.5 12.5 19.5 8
10166987 216.5 12.5 20 8
10166988 216.5 12.5 20.5 8
10166989 216.5 12.5 21 8
10182213 217 9 19 8
10182214 217 9 19.5 8
10182215 217 9 20 8
10182216 217 9 20.5 8
10182217 217 9 21 8
10182260 217 9.5 19 8
10182261 217 9.5 19.5 8
10182262 217 9.5 20 8
10182263 217 9.5 20.5 8
10182264 217 9.5 21 8
10182307 217 10 19 8
10182308 217 10 19.5 8
10182309 217 10 20 8
10182310 217 10 20.5 8
10182311 217 10 21 8
10182354 217 10.5 19 8
10182355 217 10.5 19.5 8
10182356 217 10.5 20 8
10182357 217 10.5 20.5 8
10182358 217 10.5 21 8
10182401 217 11 19 8
10182402 217 11 19.5 8
10182403 217 11 20 8
10182404 217 11 20.5 8
10182405 217 11 21 8
10182448 217 11.5 19 8
10182449 217 11.5 19.5 8
10182450 217 11.5 20 8
10182451 217 11.5 20.5 8
10182452 217 11.5 21 8
10197676 217.5 8 19 8
10197677 217.5 8 19.5 8
10197678 217.5 8 20 8
10197679 217.5 8 20.5 8
10197680 217.5 8 21 8
10197723 217.5 8.5 19 8
10197724 217.5 8.5 19.5 8
10197725 217.5 8.5 20 8
10197726 217.5 8.5 20.5 8
10197727 217.5 8.5 21 8
10197770 217.5 9 19 8
10197771 217.5 9 19.5 8
10197772 217.5 9 20 8
10197773 217.5 9 20.5 8
10197774 217.5 9 21 8
10197817 217.5 9.5 19 8
10197818 217.5 9.5 19.5 8
10197819 217.5 9.5 20 8
10197820 217.5 9.5 20.5 8
10197821 217.5 9.5 21 8
10197864 217.5 10 19 8
10197865 217.5 10 19.5 8
10197866 217.5 10 20 8
10197867 217.5 10 20.5 8
10197868 217.5 10 21 8
10197911 217.5 10.5 19 8
10197912 217.5 10.5 19.5 8
10197913 217.5 10.5 20 8
10197914 217.5 10.5 20.5 8
10197915 217.5 10.5 21 8
10197958 217.5 11 19 8
10197959 217.5 11 19.5 8
10197960 217.5 11 20 8
10197961 217.5 11 20.5 8
10197962 217.5 11 21 8
10213186 218 7.5 19 8
10213187 218 7.5 19.5 8
10213188 218 7.5 20 8
10213189 218 7.5 20.5 8
10213190 218 7.5 21 8
10213233 218 8 19 8
10213234 218 8 19.5 8
10213235 218 8 20 8
10213236 218 8 20.5 8
10213237 218 8 21 8
10213280 218 8.5 19 8
10213281 218 8.5 19.5 8
10213282 218 8.5 20 8
10213283 218 8.5 20.5 8
10213284 218 8.5 21 8
10213327 218 9 19 8
10213328 218 9 19.5 8
10213329 218 9 20 8
10213330 218 9 20.5 8
10213331 218 9 21 8
10213374 218 9.5 19 8
10213375 218 9.5 19.5 8
10213376 218 9.5 20 8
10213377 218 9.5 20.5 8
10213378 218 9.5 21 8
10213421 218 10 19 8
10213422 218 10 19.5 8
10213423 218 10 20 8
10213424 218 10 20.5 8
10213425 218 10 21 8
10228649 218.5 6.5 19 8
10228650 218.5 6.5 19.5 8
10228651 218.5 6.5 20 8
10228652 218.5 6.5 20.5 8
10228653 218.5 6.5 21 8
10228696 218.5 7 19 8
10228697 218.5 7 19.5 8
10228698 218.5 7 20 8
10228699 218.5 7 20.5 8
10228700 218.5 7 21 8
10228743 218.5 7.5 19 8
10228744 218.5 7.5 19.5 8
10228745 218.5 7.5 20 8
10228746 218.5 7.5 20.5 8
10228747 218.5 7.5 21 8
10228790 218.5 8 19 8
10228791 218.5 8 19.5 8
10228792 218.5 8 20 8
10228793 218.5 8 20.5 8
10228794 218.5 8 21 8
10228837 218.5 8.5 19 8
10228838 218.5 8.5 19.5 8
10228839 218.5 8.5 20 8
10228840 218.5 8.5 20.5 8
10228841 218.5 8.5 21 8
10228884 218.5 9 19 8
10228885 218.5 9 19.5 8
10228886 218.5 9 20 8
10228887 218.5 9 20.5 8
10228888 218.5 9 21 8
10228931 218.5 9.5 19 8
10228932 218.5 9.5 19.5 8
10228933 218.5 9.5 20 8
10228934 218.5 9.5 20.5 8
10228935 218.5 9.5 21 8
10244159 219 6 19 8
10244160 219 6 19.5 8
10244161 219 6 20 8
10244162 219 6 20.5 8
10244163 219 6 21 8
10244206 219 6.5 19 8
10244207 219 6.5 19.5 8
10244208 219 6.5 20 8
10244209 219 6.5 20.5 8
10244210 219 6.5 21 8
10244253 219 7 19 8
10244254 219 7 19.5 8
10244255 219 7 20 8
10244256 219 7 20.5 8
10244257 219 7 21 8
10244300 219 7.5 19 8
10244301 219 7.5 19.5 8
10244302 219 7.5 20 8
10244303 219 7.5 20.5 8
10244304 219 7.5 21 8
10244347 219 8 19 8
10244348 219 8 19.5 8
10244349 219 8 20 8
10244350 219 8 20.5 8
10244351 219 8 21 8
10244394 219 8.5 19 8
10244395 219 8.5 19.5 8
10244396 219 8.5 20 8
10244397 219 8.5 20.5 8
10244398 219 8.5 21 8
10259622 219.5 5 19 8
10259623 219.5 5 19.5 8
10259624 219.5 5 20 8
10259625 219.5 5 20.5 8
10259626 219.5 5 21 8
10259669 219.5 5.5 19 8
10259670 219.5 5.5 19.5 8
10259671 219.5 5.5 20 8
10259672 219.5 5.5 20.5 8
10259673 219.5 5.5 21 8
10259716 219.5 6 19 8
10259717 219.5 6 19.5 8
10259718 219.5 6 20 8
10259719 219.5 6 20.5 8
10259720 219.5 6 21 8
10259763 219.5 6.5 19 8
10259764 219.5 6.5 19.5 8
10259765 219.5 6.5 20 8
10259766 219.5 6.5 20.5 8
10259767 219.5 6.5 21 8
10259810 219.5 7 19 8
10259811 219.5 7 19.5 8
10259812 219.5 7 20 8
10259813 219.5 7 20.5 8
10259814 219.5 7 21 8
10259857 219.5 7.5 19 8
10259858 219.5 7.5 19.5 8
10259859 219.5 7.5 20 8
10259860 219.5 7.5 20.5 8
10259861 219.5 7.5 21 8
10275132 220 4.5 19 8
10275133 220 4.5 19.5 8
10275134 220 4.5 20 8
10275135 220 4.5 20.5 8
10275136 220 4.5 21 8
10275179 220 5 19 8
10275180 220 5 19.5 8
10275181 220 5 20 8
10275182 220 5 20.5 8
10275183 220 5 21 8
10275226 220 5.5 19 8
10275227 220 5.5 19.5 8
10275228 220 5.5 20 8
10275229 220 5.5 20.5 8
10275230 220 5.5 21 8
10275273 220 6 19 8
10275274 220 6 19.5 8
10275275 220 6 20 8
10275276 220 6 20.5 8
10275277 220 6 21 8
10275320 220 6.5 19 8
10275321 220 6.5 19.5 8
10275322 220 6.5 20 8
10275323 220 6.5 20.5 8
10275324 220 6.5 21 8
10275367 220 7 19 8
10275368 220 7 19.5 8
10275369 220 7 20 8
10275370 220 7 20.5 8
10275371 220 7 21 8
10290595 220.5 3.5 19 8
10290596 220.5 3.5 19.5 8
10290597 220.5 3.5 20 8
10290598 220.5 3.5 20.5 8
10290599 220.5 3.5 21 8
10290642 220.5 4 19 8
10290643 220.5 4 19.5 8
10290644 220.5 4 20 8
10290645 220.5 4 20.5 8
10290646 220.5 4 21 8
10290689 220.5 4.5 19 8
10290690 220.5 4.5 19.5 8
10290691 220.5 4.5 20 8
10290692 220.5 4.5 20.5 8
10290693 220.5 4.5 21 8
10290736 220.5 5 19 8
10290737 220.5 5 19.5 8
10290738 220.5 5 20 8
10290739 220.5 5 20.5 8
10290740 220.5 5 21 8
10290783 220.5 5.5 19 8
10290784 220.5 5.5 19.5 8
10290785 220.5 5.5 20 8
10290786 220.5 5.5 20.5 8
10290787 220.5 5.5 21 8
10290830 220.5 6 19 8
10290831 220.5 6 19.5 8
10290832 220.5 6 20 8
10290833 220.5 6 20.5 8
10290834 220.5 6 21 8
10306105 221 3 19 8
10306106 221 3 19.5 8
10306107 221 3 20 8
10306108 221 3 20.5 8
10306109 221 3 21 8
10306152 221 3.5 19 8
10306153 221 3.5 19.5 8
10306154 221 3.5 20 8
10306155 221 3.5 20.5 8
10306156 221 3.5 21 8
10306199 221 4 19 8
10306200 221 4 19.5 8
10306201 221 4 20 8
10306202 221 4 20.5 8
10306203 221 4 21 8
10306246 221 4.5 19 8
10306247 221 4.5 19.5 8
10306248 221 4.5 20 8
10306249 221 4.5 20.5 8
10306250 221 4.5 21 8
10306293 221 5 19 8
10306294 221 5 19.5 8
10306295 221 5 20 8
10306296 221 5 20.5 8
10306297 221 5 21 8
10306340 221 5.5 19 8
10306341 221 5.5 19.5 8
10306342 221 5.5 20 8
10306343 221 5.5 20.5 8
10306344 221 5.5 21 8
10321568 221.5 2 19 8
10321569 221.5 2 19.5 8
10321570 221.5 2 20 8
10321571 221.5 2 20.5 8
10321572 221.5 2 21 8
10321615 221.5 2.5 19 8
10321616 221.5 2.5 19.5 8
10321617 221.5 2.5 20 8
10321618 221.5 2.5 20.5 8
10321619 221.5 2.5 21 8
10321662 221.5 3 19 8
10321663 221.5 3 19.5 8
10321664 221.5 3 20 8
10321665 221.5 3 20.5 8
10321666 221.5 3 21 8
10321709 221.5 3.5 19 8
10321710 221.5 3.5 19.5 8
10321711 221.5 3.5 20 8
10321712 221.5 3.5 20.5 8
10321713 221.5 3.5 21 8
10321756 221.5 4 19 8
10321757 221.5 4 19.5 8
10321758 221.5 4 20 8
10321759 221.5 4 20.5 8
10321760 221.5 4 21 8
10321803 221.5 4.5 19 8
10321804 221.5 4.5 19.5 8
10321805 221.5 4.5 20 8
10321806 221.5 4.5 20.5 8
10321807 221.5 4.5 21 8
10337078 222 1.5 19 8
10337079 222 1.5 19.5 8
10337080 222 1.5 20 8
10337081 222 1.5 20.5 8
10337082 222 1.5 21 8
10337125 222 2 19 8
10337126 222 2 19.5 8
10337127 222 2 20 8
10337128 222 2 20.5 8
10337129 222 2 21 8
10337172 222 2.5 19 8
10337173 222 2.5 19.5 8
10337174 222 2.5 20 8
10337175 222 2.5 20.5 8
10337176 222 2.5 21 8
10337219 222 3 19 8
10337220 222 3 19.5 8
10337221 222 3 20 8
10337222 222 3 20.5 8
10337223 222 3 21 8
10337266 222 3.5 19 8
10337267 222 3.5 19.5 8
10337268 222 3.5 20 8
10337269 222 3.5 20.5 8
10337270 222 3.5 21 8
10337313 222 4 19 8
10337314 222 4 19.5 8
10337315 222 4 20 8
10337316 222 4 20.5 8
10337317 222 4 21 8
10352541 222.5 0.5 19 8
10352542 222.5 0.5 19.5 8
10352543 222.5 0.5 20 8
10352544 222.5 0.5 20.5 8
10352545 222.5 0.5 21 8
10352588 222.5 1 19 8
10352589 222.5 1 19.5 8
10352590 222.5 1 20 8
10352591 222.5 1 20.5 8
10352592 222.5 1 21 8
10352635 222.5 1.5 19 8
10352636 222.5 1.5 19.5 8
10352637 222.5 1.5 20 8
10352638 222.5 1.5 20.5 8
10352639 222.5 1.5 21 8
10352682 222.5 2 19 8
10352683 222.5 2 19.5 8
10352684 222.5 2 20 8
10352685 222.5 2 20.5 8
10352686 222.5 2 21 8
10352729 222.5 2.5 19 8
10352730 222.5 2.5 19.5 8
10352731 222.5 2.5 20 8
10352732 222.5 2.5 20.5 8
10352733 222.5 2.5 21 8
10352776 222.5 3 19 8
10352777 222.5 3 19.5 8
10352778 222.5 3 20 8
10352779 222.5 3 20.5 8
10352780 222.5 3 21 8
10368004 223 -0.5 19 8
10368005 223 -0.5 19.5 8
10368006 223 -0.5 20 8
10368007 223 -0.5 20.5 8
10368008 223 -0.5 21 8
10368051 223 0 19 8
10368052 223 0 19.5 8
10368053 223 0 20 8
10368054 223 0 20.5 8
10368055 223 0 21 8
10368098 223 0.5 19 8
10368099 223 0.5 19.5 8
10368100 223 0.5 20 8
10368101 223 0.5 20.5 8
10368102 223 0.5 21 8
10368145 223 1 19 8
10368146 223 1 19.5 8
10368147 223 1 20 8
10368148 223 1 20.5 8
10368149 223 1 21 8
10368192 223 1.5 19 8
10368193 223 1.5 19.5 8
10368194 223 1.5 20 8
10368195 223 1.5 20.5 8
10368196 223 1.5 21 8
10368239 223 2 19 8
10368240 223 2 19.5 8
10368241 223 2 20 8
10368242 223 2 20.5 8
10368243 223 2 21 8
10368286 223 2.5 19 8
10368287 223 2.5 19.5 8
10368288 223 2.5 20 8
10368289 223 2.5 20.5 8
10368290 223 2.5 21 8
10383514 223.5 -1 19 8
10383515 223.5 -1 19.5 8
10383516 223.5 -1 20 8
10383517 223.5 -1 20.5 8
10383518 223.5 -1 21 8
10383561 223.5 -0.5 19 8
10383562 223.5 -0.5 19.5 8
10383563 223.5 -0.5 20 8
10383564 223.5 -0.5 20.5 8
10383565 223.5 -0.5 21 8
10383608 223.5 0 19 8
10383609 223.5 0 19.5 8
10383610 223.5 0 20 8
10383611 223.5 0 20.5 8
10383612 223.5 0 21 8
10383655 223.5 0.5 19 8
10383656 223.5 0.5 19.5 8
10383657 223.5 0.5 20 8
10383658 223.5 0.5 20.5 8
10383659 223.5 0.5 21 8
10383702 223.5 1 19 8
10383703 223.5 1 19.5 8
10383704 223.5 1 20 8
10383705 223.5 1 20.5 8
10383706 223.5 1 21 8
10383749 223.5 1.5 19 8
10383750 223.5 1.5 19.5 8
10383751 223.5 1.5 20 8
10383752 223.5 1.5 20.5 8
10383753 223.5 1.5 21 8
10398977 224 -2 19 8
10398978 224 -2 19.5 8
10398979 224 -2 20 8
10398980 224 -2 20.5 8
10398981 224 -2 21 8
10399024 224 -1.5 19 8
10399025 224 -1.5 19.5 8
10399026 224 -1.5 20 8
10399027 224 -1.5 20.5 8
10399028 224 -1.5 21 8
10399071 224 -1 19 8
10399072 224 -1 19.5 8
10399073 224 -1 20 8
10399074 224 -1 20.5 8
10399075 224 -1 21 8
10399118 224 -0.5 19 8
10399119 224 -0.5 19.5 8
10399120 224 -0.5 20 8
10399121 224 -0.5 20.5 8
10399122 224 -0.5 21 8
10399165 224 0 19 8
10399166 224 0 19.5 8
10399167 224 0 20 8
10399168 224 0 20.5 8
10399169 224 0 21 8
10399212 224 0.5 19 8
10399213 224 0.5 19.5 8
10399214 224 0.5 20 8
10399215 224 0.5 20.5 8
10399216 224 0.5 21 8
10399259 224 1 19 8
10399260 224 1 19.5 8
10399261 224 1 20 8
10399262 224 1 20.5 8
10399263 224 1 21 8
10414487 224.5 -2.5 19 8
10414488 224.5 -2.5 19.5 8
10414489 224.5 -2.5 20 8
10414490 224.5 -2.5 20.5 8
10414491 224.5 -2.5 21 8
10414534 224.5 -2 19 8
10414535 224.5 -2 19.5 8
10414536 224.5 -2 20 8
10414537 224.5 -2 20.5 8
10414538 224.5 -2 21 8
10414581 224.5 -1.5 19 8
10414582 224.5 -1.5 19.5 8
10414583 224.5 -1.5 20 8
10414584 224.5 -1.5 20.5 8
10414585 224.5 -1.5 21 8
10414628 224.5 -1 19 8
10414629 224.5 -1 19.5 8
10414630 224.5 -1 20 8
10414631 224.5 -1 20.5 8
10414632 224.5 -1 21 8
10414675 224.5 -0.5 19 8
10414676 224.5 -0.5 19.5 8
10414677 224.5 -0.5 20 8
10414678 224.5 -0.5 20.5 8
10414679 224.5 -0.5 21 8
10414722 224.5 0 19 8
10414723 224.5 0 19.5 8
10414724 224.5 0 20 8
10414725 224.5 0 20.5 8
10414726 224.5 0 21 8
10429950 225 -3.5 19 8
10429951 225 -3.5 19.5 8
10429952 225 -3.5 20 8
10429953 225 -3.5 20.5 8
10429954 225 -3.5 21 8
10429997 225 -3 19 8
10429998 225 -3 19.5 8
10429999 225 -3 20 8
10430000 225 -3 20.5 8
10430001 225 -3 21 8
10430044 225 -2.5 19 8
10430045 225 -2.5 19.5 8
10430046 225 -2.5 20 8
10430047 225 -2.5 20.5 8
10430048 225 -2.5 21 8
10430091 225 -2 19 8
10430092 225 -2 19.5 8
10430093 225 -2 20 8
10430094 225 -2 20.5 8
10430095 225 -2 21 8
10430138 225 -1.5 19 8
10430139 225 -1.5 19.5 8
10430140 225 -1.5 20 8
10430141 225 -1.5 20.5 8
10430142 225 -1.5 21 8
10430185 225 -1 19 8
10430186 225 -1 19.5 8
10430187 225 -1 20 8
10430188 225 -1 20.5 8
10430189 225 -1 21 8
10445460 225.5 -4 19 8
10445461 225.5 -4 19.5 8
10445462 225.5 -4 20 8
10445463 225.5 -4 20.5 8
10445464 225.5 -4 21 8
10445507 225.5 -3.5 19 8
10445508 225.5 -3.5 19.5 8
10445509 225.5 -3.5 20 8
10445510 225.5 -3.5 20.5 8
10445511 225.5 -3.5 21 8
10445554 225.5 -3 19 8
10445555 225.5 -3 19.5 8
10445556 225.5 -3 20 8
10445557 225.5 -3 20.5 8
10445558 225.5 -3 21 8
10445601 225.5 -2.5 19 8
10445602 225.5 -2.5 19.5 8
10445603 225.5 -2.5 20 8
10445604 225.5 -2.5 20.5 8
10445605 225.5 -2.5 21 8
10445648 225.5 -2 19 8
10445649 225.5 -2 19.5 8
10445650 225.5 -2 20 8
10445651 225.5 -2 20.5 8
10445652 225.5 -2 21 8
10445695 225.5 -1.5 19 8
10445696 225.5 -1.5 19.5 8
10445697 225.5 -1.5 20 8
10445698 225.5 -1.5 20.5 8
10445699 225.5 -1.5 21 8
10460923 226 -5 19 8
10460924 226 -5 19.5 8
10460925 226 -5 20 8
10460926 226 -5 20.5 8
10460927 226 -5 21 8
10460970 226 -4.5 19 8
10460971 226 -4.5 19.5 8
10460972 226 -4.5 20 8
10460973 226 -4.5 20.5 8
10460974 226 -4.5 21 8
10461017 226 -4 19 8
10461018 226 -4 19.5 8
10461019 226 -4 20 8
10461020 226 -4 20.5 8
10461021 226 -4 21 8
10461064 226 -3.5 19 8
10461065 226 -3.5 19.5 8
10461066 226 -3.5 20 8
10461067 226 -3.5 20.5 8
10461068 226 -3.5 21 8
10461111 226 -3 19 8
10461112 226 -3 19.5 8
10461113 226 -3 20 8
10461114 226 -3 20.5 8
10461115 226 -3 21 8
10461158 226 -2.5 19 8
10461159 226 -2.5 19.5 8
10461160 226 -2.5 20 8
10461161 226 -2.5 20.5 8
10461162 226 -2.5 21 8
10476433 226.5 -5.5 19 8
10476434 226.5 -5.5 19.5 8
10476435 226.5 -5.5 20 8
10476436 226.5 -5.5 20.5 8
10476437 226.5 -5.5 21 8
10476480 226.5 -5 19 8
10476481 226.5 -5 19.5 8
10476482 226.5 -5 20 8
10476483 226.5 -5 20.5 8
10476484 226.5 -5 21 8
10476527 226.5 -4.5 19 8
10476528 226.5 -4.5 19.5 8
10476529 226.5 -4.5 20 8
10476530 226.5 -4.5 20.5 8
10476531 226.5 -4.5 21 8
10476574 226.5 -4 19 8
10476575 226.5 -4 19.5 8
10476576 226.5 -4 20 8
10476577 226.5 -4 20.5 8
10476578 226.5 -4 21 8
10476621 226.5 -3.5 19 8
10476622 226.5 -3.5 19.5 8
10476623 226.5 -3.5 20 8
10476624 226.5 -3.5 20.5 8
10476625 226.5 -3.5 21 8
10476668 226.5 -3 19 8
10476669 226.5 -3 19.5 8
10476670 226.5 -3 20 8
10476671 226.5 -3 20.5 8
10476672 226.5 -3 21 8
10491896 227 -6.5 19 8
10491897 227 -6.5 19.5 8
10491898 227 -6.5 20 8
10491899 227 -6.5 20.5 8
10491900 227 -6.5 21 8
10491943 227 -6 19 8
10491944 227 -6 19.5 8
10491945 227 -6 20 8
10491946 227 -6 20.5 8
10491947 227 -6 21 8
10491990 227 -5.5 19 8
10491991 227 -5.5 19.5 8
10491992 227 -5.5 20 8
10491993 227 -5.5 20.5 8
10491994 227 -5.5 21 8
10492037 227 -5 19 8
10492038 227 -5 19.5 8
10492039 227 -5 20 8
10492040 227 -5 20.5 8
10492041 227 -5 21 8
10492084 227 -4.5 19 8
10492085 227 -4.5 19.5 8
10492086 227 -4.5 20 8
10492087 227 -4.5 20.5 8
10492088 227 -4.5 21 8
10492131 227 -4 19 8
10492132 227 -4 19.5 8
10492133 227 -4 20 8
10492134 227 -4 20.5 8
10492135 227 -4 21 8
10507406 227.5 -7 19 8
10507407 227.5 -7 19.5 8
10507408 227.5 -7 20 8
10507409 227.5 -7 20.5 8
10507410 227.5 -7 21 8
10507453 227.5 -6.5 19 8
10507454 227.5 -6.5 19.5 8
10507455 227.5 -6.5 20 8
10507456 227.5 -6.5 20.5 8
10507457 227.5 -6.5 21 8
10507500 227.5 -6 19 8
10507501 227.5 -6 19.5 8
10507502 227.5 -6 20 8
10507503 227.5 -6 20.5 8
10507504 227.5 -6 21 8
10507547 227.5 -5.5 19 8
10507548 227.5 -5.5 19.5 8
10507549 227.5 -5.5 20 8
10507550 227.5 -5.5 20.5 8
10507551 227.5 -5.5 21 8
10507594 227.5 -5 19 8
10507595 227.5 -5 19.5 8
10507596 227.5 -5 20 8
10507597 227.5 -5 20.5 8
10507598 227.5 -5 21 8
10507641 227.5 -4.5 19 8
10507642 227.5 -4.5 19.5 8
10507643 227.5 -4.5 20 8
10507644 227.5 -4.5 20.5 8
10507645 227.5 -4.5 21 8
10522869 228 -8 19 8
10522870 228 -8 19.5 8
10522871 228 -8 20 8
10522872 228 -8 20.5 8
10522873 228 -8 21 8
10522916 228 -7.5 19 8
10522917 228 -7.5 19.5 8
10522918 228 -7.5 20 8
10522919 228 -7.5 20.5 8
10522920 228 -7.5 21 8
10522963 228 -7 19 8
10522964 228 -7 19.5 8
10522965 228 -7 20 8
10522966 228 -7 20.5 8
10522967 228 -7 21 8
10523010 228 -6.5 19 8
10523011 228 -6.5 19.5 8
10523012 228 -6.5 20 8
10523013 228 -6.5 20.5 8
10523014 228 -6.5 21 8
10523057 228 -6 19 8
10523058 228 -6 19.5 8
10523059 228 -6 20 8
10523060 228 -6 20.5 8
10523061 228 -6 21 8
10523104 228 -5.5 19 8
10523105 228 -5.5 19.5 8
10523106 228 -5.5 20 8
10523107 228 -5.5 20.5 8
10523108 228 -5.5 21 8
10538332 228.5 -9 19 8
10538333 228.5 -9 19.5 8
10538334 228.5 -9 20 8
10538335 228.5 -9 20.5 8
10538336 228.5 -9 21 8
10538379 228.5 -8.5 19 8
10538380 228.5 -8.5 19.5 8
10538381 228.5 -8.5 20 8
10538382 228.5 -8.5 20.5 8
10538383 228.5 -8.5 21 8
10538426 228.5 -8 19 8
10538427 228.5 -8 19.5 8
10538428 228.5 -8 20 8
10538429 228.5 -8 20.5 8
10538430 228.5 -8 21 8
10538473 228.5 -7.5 19 8
10538474 228.5 -7.5 19.5 8
10538475 228.5 -7.5 20 8
10538476 228.5 -7.5 20.5 8
10538477 228.5 -7.5 21 8
10538520 228.5 -7 19 8
10538521 228.5 -7 19.5 8
10538522 228.5 -7 20 8
10538523 228.5 -7 20.5 8
10538524 228.5 -7 21 8
10538567 228.5 -6.5 19 8
10538568 228.5 -6.5 19.5 8
10538569 228.5 -6.5 20 8
10538570 228.5 -6.5 20.5 8
10538571 228.5 -6.5 21 8
10538614 228.5 -6 19 8
10538615 228.5 -6 19.5 8
10538616 228.5 -6 20 8
10538617 228.5 -6 20.5 8
10538618 228.5 -6 21 8
10553842 229 -9.5 19 8
10553843 229 -9.5 19.5 8
10553844 229 -9.5 20 8
10553845 229 -9.5 20.5 8
10553846 229 -9.5 21 8
10553889 229 -9 19 8
10553890 229 -9 19.5 8
10553891 229 -9 20 8
10553892 229 -9 20.5 8
10553893 229 -9 21 8
10553936 229 -8.5 19 8
10553937 229 -8.5 19.5 8
10553938 229 -8.5 20 8
10553939 229 -8.5 20.5 8
10553940 229 -8.5 21 8
10553983 229 -8 19 8
10553984 229 -8 19.5 8
10553985 229 -8 20 8
10553986 229 -8 20.5 8
10553987 229 -8 21 8
10554030 229 -7.5 19 8
10554031 229 -7.5 19.5 8
10554032 229 -7.5 20 8
10554033 229 -7.5 20.5 8
10554034 229 -7.5 21 8
10554077 229 -7 19 8
10554078 229 -7 19.5 8
10554079 229 -7 20 8
10554080 229 -7 20.5 8
10554081 229 -7 21 8
10569305 229.5 -10.5 19 8
10569306 229.5 -10.5 19.5 8
10569307 229.5 -10.5 20 8
10569308 229.5 -10.5 20.5 8
10569309 229.5 -10.5 21 8
10569352 229.5 -10 19 8
10569353 229.5 -10 19.5 8
10569354 229.5 -10 20 8
10569355 229.5 -10 20.5 8
10569356 229.5 -10 21 8
10569399 229.5 -9.5 19 8
10569400 229.5 -9.5 19.5 8
10569401 229.5 -9.5 20 8
10569402 229.5 -9.5 20.5 8
10569403 229.5 -9.5 21 8
10569446 229.5 -9 19 8
10569447 229.5 -9 19.5 8
10569448 229.5 -9 20 8
10569449 229.5 -9 20.5 8
10569450 229.5 -9 21 8
10569493 229.5 -8.5 19 8
10569494 229.5 -8.5 19.5 8
10569495 229.5 -8.5 20 8
10569496 229.5 -8.5 20.5 8
10569497 229.5 -8.5 21 8
10569540 229.5 -8 19 8
10569541 229.5 -8 19.5 8
10569542 229.5 -8 20 8
10569543 229.5 -8 20.5 8
10569544 229.5 -8 21 8
10569587 229.5 -7.5 19 8
10569588 229.5 -7.5 19.5 8
10569589 229.5 -7.5 20 8
10569590 229.5 -7.5 20.5 8
10569591 229.5 -7.5 21 8
10584815 230 -11 19 8
10584816 230 -11 19.5 8
10584817 230 -11 20 8
10584818 230 -11 20.5 8
10584819 230 -11 21 8
10584862 230 -10.5 19 8
10584863 230 -10.5 19.5 8
10584864 230 -10.5 20 8
10584865 230 -10.5 20.5 8
10584866 230 -10.5 21 8
10584909 230 -10 19 8
10584910 230 -10 19.5 8
10584911 230 -10 20 8
10584912 230 -10 20.5 8
10584913 230 -10 21 8
10584956 230 -9.5 19 8
10584957 230 -9.5 19.5 8
10584958 230 -9.5 20 8
10584959 230 -9.5 20.5 8
10584960 230 -9.5 21 8
10585003 230 -9 19 8
10585004 230 -9 19.5 8
10585005 230 -9 20 8
10585006 230 -9 20.5 8
10585007 230 -9 21 8
10585050 230 -8.5 19 8
10585051 230 -8.5 19.5 8
10585052 230 -8.5 20 8
10585053 230 -8.5 20.5 8
10585054 230 -8.5 21 8
10600278 230.5 -12 19 8
10600279 230.5 -12 19.5 8
10600280 230.5 -12 20 8
10600281 230.5 -12 20.5 8
10600282 230.5 -12 21 8
10600325 230.5 -11.5 19 8
10600326 230.5 -11.5 19.5 8
10600327 230.5 -11.5 20 8
10600328 230.5 -11.5 20.5 8
10600329 230.5 -11.5 21 8
10600372 230.5 -11 19 8
10600373 230.5 -11 19.5 8
10600374 230.5 -11 20 8
10600375 230.5 -11 20.5 8
10600376 230.5 -11 21 8
10600419 230.5 -10.5 19 8
10600420 230.5 -10.5 19.5 8
10600421 230.5 -10.5 20 8
10600422 230.5 -10.5 20.5 8
10600423 230.5 -10.5 21 8
10600466 230.5 -10 19 8
10600467 230.5 -10 19.5 8
10600468 230.5 -10 20 8
10600469 230.5 -10 20.5 8
10600470 230.5 -10 21 8
10600513 230.5 -9.5 19 8
10600514 230.5 -9.5 19.5 8
10600515 230.5 -9.5 20 8
10600516 230.5 -9.5 20.5 8
10600517 230.5 -9.5 21 8
10615788 231 -12.5 19 8
10615789 231 -12.5 19.5 8
10615790 231 -12.5 20 8
10615791 231 -12.5 20.5 8
10615792 231 -12.5 21 8
10615835 231 -12 19 8
10615836 231 -12 19.5 8
10615837 231 -12 20 8
10615838 231 -12 20.5 8
10615839 231 -12 21 8
10615882 231 -11.5 19 8
10615883 231 -11.5 19.5 8
10615884 231 -11.5 20 8
10615885 231 -11.5 20.5 8
10615886 231 -11.5 21 8
10615929 231 -11 19 8
10615930 231 -11 19.5 8
10615931 231 -11 20 8
10615932 231 -11 20.5 8
10615933 231 -11 21 8
10615976 231 -10.5 19 8
10615977 231 -10.5 19.5 8
10615978 231 -10.5 20 8
10615979 231 -10.5 20.5 8
10615980 231 -10.5 21 8
10616023 231 -10 19 8
10616024 231 -10 19.5 8
10616025 231 -10 20 8
10616026 231 -10 20.5 8
10616027 231 -10 21 8
10631251 231.5 -13.5 19 8
10631252 231.5 -13.5 19.5 8
10631253 231.5 -13.5 20 8
10631254 231.5 -13.5 20.5 8
10631255 231.5 -13.5 21 8
10631298 231.5 -13 19 8
10631299 231.5 -13 19.5 8
10631300 231.5 -13 20 8
10631301 231.5 -13 20.5 8
10631302 231.5 -13 21 8
10631345 231.5 -12.5 19 8
10631346 231.5 -12.5 19.5 8
10631347 231.5 -12.5 20 8
10631348 231.5 -12.5 20.5 8
10631349 231.5 -12.5 21 8
10631392 231.5 -12 19 8
10631393 231.5 -12 19.5 8
10631394 231.5 -12 20 8
10631395 231.5 -12 20.5 8
10631396 231.5 -12 21 8
10631439 231.5 -11.5 19 8
10631440 231.5 -11.5 19.5 8
10631441 231.5 -11.5 20 8
10631442 231.5 -11.5 20.5 8
10631443 231.5 -11.5 21 8
10631486 231.5 -11 19 8
10631487 231.5 -11 19.5 8
10631488 231.5 -11 20 8
10631489 231.5 -11 20.5 8
10631490 231.5 -11 21 8
10646761 232 -14 19 8
10646762 232 -14 19.5 8
10646763 232 -14 20 8
10646764 232 -14 20.5 8
10646765 232 -14 21 8
10646808 232 -13.5 19 8
10646809 232 -13.5 19.5 8
10646810 232 -13.5 20 8
10646811 232 -13.5 20.5 8
10646812 232 -13.5 21 8
10646855 232 -13 19 8
10646856 232 -13 19.5 8
10646857 232 -13 20 8
10646858 232 -13 20.5 8
10646859 232 -13 21 8
10646902 232 -12.5 19 8
10646903 232 -12.5 19.5 8
10646904 232 -12.5 20 8
10646905 232 -12.5 20.5 8
10646906 232 -12.5 21 8
10646949 232 -12 19 8
10646950 232 -12 19.5 8
10646951 232 -12 20 8
10646952 232 -12 20.5 8
10646953 232 -12 21 8
10646996 232 -11.5 19 8
10646997 232 -11.5 19.5 8
10646998 232 -11.5 20 8
10646999 232 -11.5 20.5 8
10647000 232 -11.5 21 8
10662224 232.5 -15 19 8
10662225 232.5 -15 19.5 8
10662226 232.5 -15 20 8
10662227 232.5 -15 20.5 8
10662228 232.5 -15 21 8
10662271 232.5 -14.5 19 8
10662272 232.5 -14.5 19.5 8
10662273 232.5 -14.5 20 8
10662274 232.5 -14.5 20.5 8
10662275 232.5 -14.5 21 8
10662318 232.5 -14 19 8
10662319 232.5 -14 19.5 8
10662320 232.5 -14 20 8
10662321 232.5 -14 20.5 8
10662322 232.5 -14 21 8
10662365 232.5 -13.5 19 8
10662366 232.5 -13.5 19.5 8
10662367 232.5 -13.5 20 8
10662368 232.5 -13.5 20.5 8
10662369 232.5 -13.5 21 8
10662412 232.5 -13 19 8
10662413 232.5 -13 19.5 8
10662414 232.5 -13 20 8
10662415 232.5 -13 20.5 8
10662416 232.5 -13 21 8
10662459 232.5 -12.5 19 8
10662460 232.5 -12.5 19.5 8
10662461 232.5 -12.5 20 8
10662462 232.5 -12.5 20.5 8
10662463 232.5 -12.5 21 8
10677734 233 -15.5 19 8
10677735 233 -15.5 19.5 8
10677736 233 -15.5 20 8
10677737 233 -15.5 20.5 8
10677738 233 -15.5 21 8
10677781 233 -15 19 8
10677782 233 -15 19.5 8
10677783 233 -15 20 8
10677784 233 -15 20.5 8
10677785 233 -15 21 8
10677828 233 -14.5 19 8
10677829 233 -14.5 19.5 8
10677830 233 -14.5 20 8
10677831 233 -14.5 20.5 8
10677832 233 -14.5 21 8
10677875 233 -14 19 8
10677876 233 -14 19.5 8
10677877 233 -14 20 8
10677878 233 -14 20.5 8
10677879 233 -14 21 8
10677922 233 -13.5 19 8
10677923 233 -13.5 19.5 8
10677924 233 -13.5 20 8
10677925 233 -13.5 20.5 8
10677926 233 -13.5 21 8
10677969 233 -13 19 8
10677970 233 -13 19.5 8
10677971 233 -13 20 8
10677972 233 -13 20.5 8
10677973 233 -13 21 8
10693197 233.5 -16.5 19 8
10693198 233.5 -16.5 19.5 8
10693199 233.5 -16.5 20 8
10693200 233.5 -16.5 20.5 8
10693201 233.5 -16.5 21 8
10693244 233.5 -16 19 8
10693245 233.5 -16 19.5 8
10693246 233.5 -16 20 8
10693247 233.5 -16 20.5 8
10693248 233.5 -16 21 8
10693291 233.5 -15.5 19 8
10693292 233.5 -15.5 19.5 8
10693293 233.5 -15.5 20 8
10693294 233.5 -15.5 20.5 8
10693295 233.5 -15.5 21 8
10693338 233.5 -15 19 8
10693339 233.5 -15 19.5 8
10693340 233.5 -15 20 8
10693341 233.5 -15 20.5 8
10693342 233.5 -15 21 8
10693385 233.5 -14.5 19 8
10693386 233.5 -14.5 19.5 8
10693387 233.5 -14.5 20 8
10693388 233.5 -14.5 20.5 8
10693389 233.5 -14.5 21 8
10693432 233.5 -14 19 8
10693433 233.5 -14 19.5 8
10693434 233.5 -14 20 8
10693435 233.5 -14 20.5 8
10693436 233.5 -14 21 8
10708660 234 -17.5 19 8
10708661 234 -17.5 19.5 8
10708662 234 -17.5 20 8
10708663 234 -17.5 20.5 8
10708664 234 -17.5 21 8
10708707 234 -17 19 8
10708708 234 -17 19.5 8
10708709 234 -17 20 8
10708710 234 -17 20.5 8
10708711 234 -17 21 8
10708754 234 -16.5 19 8
10708755 234 -16.5 19.5 8
10708756 234 -16.5 20 8
10708757 234 -16.5 20.5 8
10708758 234 -16.5 21 8
10708801 234 -16 19 8
10708802 234 -16 19.5 8
10708803 234 -16 20 8
10708804 234 -16 20.5 8
10708805 234 -16 21 8
10708848 234 -15.5 19 8
10708849 234 -15.5 19.5 8
10708850 234 -15.5 20 8
10708851 234 -15.5 20.5 8
10708852 234 -15.5 21 8
10708895 234 -15 19 8
10708896 234 -15 19.5 8
10708897 234 -15 20 8
10708898 234 -15 20.5 8
10708899 234 -15 21 8
10708942 234 -14.5 19 8
10708943 234 -14.5 19.5 8
10708944 234 -14.5 20 8
10708945 234 -14.5 20.5 8
10708946 234 -14.5 21 8
10724170 234.5 -18 19 8
10724171 234.5 -18 19.5 8
10724172 234.5 -18 20 8
10724173 234.5 -18 20.5 8
10724174 234.5 -18 21 8
10724217 234.5 -17.5 19 8
10724218 234.5 -17.5 19.5 8
10724219 234.5 -17.5 20 8
10724220 234.5 -17.5 20.5 8
10724221 234.5 -17.5 21 8
10724264 234.5 -17 19 8
10724265 234.5 -17 19.5 8
10724266 234.5 -17 20 8
10724267 234.5 -17 20.5 8
10724268 234.5 -17 21 8
10724311 234.5 -16.5 19 8
10724312 234.5 -16.5 19.5 8
10724313 234.5 -16.5 20 8
10724314 234.5 -16.5 20.5 8
10724315 234.5 -16.5 21 8
10724358 234.5 -16 19 8
10724359 234.5 -16 19.5 8
10724360 234.5 -16 20 8
10724361 234.5 -16 20.5 8
10724362 234.5 -16 21 8
10724405 234.5 -15.5 19 8
10724406 234.5 -15.5 19.5 8
10724407 234.5 -15.5 20 8
10724408 234.5 -15.5 20.5 8
10724409 234.5 -15.5 21 8
10739727 235 -18 19 8
10739728 235 -18 19.5 8
10739729 235 -18 20 8
10739730 235 -18 20.5 8
10739731 235 -18 21 8
10739774 235 -17.5 19 8
10739775 235 -17.5 19.5 8
10739776 235 -17.5 20 8
10739777 235 -17.5 20.5 8
10739778 235 -17.5 21 8
10739821 235 -17 19 8
10739822 235 -17 19.5 8
10739823 235 -17 20 8
10739824 235 -17 20.5 8
10739825 235 -17 21 8
10739868 235 -16.5 19 8
10739869 235 -16.5 19.5 8
10739870 235 -16.5 20 8
10739871 235 -16.5 20.5 8
10739872 235 -16.5 21 8
10739915 235 -16 19 8
10739916 235 -16 19.5 8
10739917 235 -16 20 8
10739918 235 -16 20.5 8
10739919 235 -16 21 8
10755284 235.5 -18 19 8
10755285 235.5 -18 19.5 8
10755286 235.5 -18 20 8
10755287 235.5 -18 20.5 8
10755288 235.5 -18 21 8
10755331 235.5 -17.5 19 8
10755332 235.5 -17.5 19.5 8
10755333 235.5 -17.5 20 8
10755334 235.5 -17.5 20.5 8
10755335 235.5 -17.5 21 8
10755378 235.5 -17 19 8
10755379 235.5 -17 19.5 8
10755380 235.5 -17 20 8
10755381 235.5 -17 20.5 8
10755382 235.5 -17 21 8
10770841 236 -18 19 8
10770842 236 -18 19.5 8
10770843 236 -18 20 8
10770844 236 -18 20.5 8
10770845 236 -18 21 8
