4210723 25 34.5 19.5 8
4210724 25 34.5 20 8
4210725 25 34.5 20.5 8
4210726 25 34.5 21 8
4226186 25.5 33.5 19.5 8
4226187 25.5 33.5 20 8
4226188 25.5 33.5 20.5 8
4226189 25.5 33.5 21 8
4226233 25.5 34 19.5 8
4226234 25.5 34 20 8
4226235 25.5 34 20.5 8
4226236 25.5 34 21 8
4226280 25.5 34.5 19.5 8
4226281 25.5 34.5 20 8
4226282 25.5 34.5 20.5 8
4226283 25.5 34.5 21 8
4241649 26 32.5 19.5 8
4241650 26 32.5 20 8
4241651 26 32.5 20.5 8
4241652 26 32.5 21 8
4241696 26 33 19.5 8
4241697 26 33 20 8
4241698 26 33 20.5 8
4241699 26 33 21 8
4241743 26 33.5 19.5 8
4241744 26 33.5 20 8
4241745 26 33.5 20.5 8
4241746 26 33.5 21 8
4241790 26 34 19.5 8
4241791 26 34 20 8
4241792 26 34 20.5 8
4241793 26 34 21 8
4241837 26 34.5 19.5 8
4241838 26 34.5 20 8
4241839 26 34.5 20.5 8
4241840 26 34.5 21 8
4257159 26.5 32 19.5 8
4257160 26.5 32 20 8
4257161 26.5 32 20.5 8
4257162 26.5 32 21 8
4257206 26.5 32.5 19.5 8
4257207 26.5 32.5 20 8
4257208 26.5 32.5 20.5 8
4257209 26.5 32.5 21 8
4257253 26.5 33 19.5 8
4257254 26.5 33 20 8
4257255 26.5 33 20.5 8
4257256 26.5 33 21 8
4257300 26.5 33.5 19.5 8
4257301 26.5 33.5 20 8
4257302 26.5 33.5 20.5 8
4257303 26.5 33.5 21 8
4257347 26.5 34 19.5 8
4257348 26.5 34 20 8
4257349 26.5 34 20.5 8
4257350 26.5 34 21 8
4257394 26.5 34.5 19.5 8
4257395 26.5 34.5 20 8
4257396 26.5 34.5 20.5 8
4257397 26.5 34.5 21 8
4272622 27 31 19.5 8
4272623 27 31 20 8
4272624 27 31 20.5 8
4272625 27 31 21 8
4272669 27 31.5 19.5 8
4272670 27 31.5 20 8
4272671 27 31.5 20.5 8
4272672 27 31.5 21 8
4272716 27 32 19.5 8
4272717 27 32 20 8
4272718 27 32 20.5 8
4272719 27 32 21 8
4272763 27 32.5 19.5 8
4272764 27 32.5 20 8
4272765 27 32.5 20.5 8
4272766 27 32.5 21 8
4272810 27 33 19.5 8
4272811 27 33 20 8
4272812 27 33 20.5 8
4272813 27 33 21 8
4272857 27 33.5 19.5 8
4272858 27 33.5 20 8
4272859 27 33.5 20.5 8
4272860 27 33.5 21 8
4272904 27 34 19.5 8
4272905 27 34 20 8
4272906 27 34 20.5 8
4272907 27 34 21 8
4288132 27.5 30.5 19.5 8
4288133 27.5 30.5 20 8
4288134 27.5 30.5 20.5 8
4288135 27.5 30.5 21 8
4288179 27.5 31 19.5 8
4288180 27.5 31 20 8
4288181 27.5 31 20.5 8
4288182 27.5 31 21 8
4288226 27.5 31.5 19.5 8
4288227 27.5 31.5 20 8
4288228 27.5 31.5 20.5 8
4288229 27.5 31.5 21 8
4288273 27.5 32 19.5 8
4288274 27.5 32 20 8
4288275 27.5 32 20.5 8
4288276 27.5 32 21 8
4288320 27.5 32.5 19.5 8
4288321 27.5 32.5 20 8
4288322 27.5 32.5 20.5 8
4288323 27.5 32.5 21 8
4288367 27.5 33 19.5 8
4288368 27.5 33 20 8
4288369 27.5 33 20.5 8
4288370 27.5 33 21 8
4303595 28 29.5 19.5 8
4303596 28 29.5 20 8
4303597 28 29.5 20.5 8
4303598 28 29.5 21 8
4303642 28 30 19.5 8
4303643 28 30 20 8
4303644 28 30 20.5 8
4303645 28 30 21 8
4303689 28 30.5 19.5 8
4303690 28 30.5 20 8
4303691 28 30.5 20.5 8
4303692 28 30.5 21 8
4303736 28 31 19.5 8
4303737 28 31 20 8
4303738 28 31 20.5 8
4303739 28 31 21 8
4303783 28 31.5 19.5 8
4303784 28 31.5 20 8
4303785 28 31.5 20.5 8
4303786 28 31.5 21 8
4303830 28 32 19.5 8
4303831 28 32 20 8
4303832 28 32 20.5 8
4303833 28 32 21 8
4319105 28.5 29 19.5 8
4319106 28.5 29 20 8
4319107 28.5 29 20.5 8
4319108 28.5 29 21 8
4319152 28.5 29.5 19.5 8
4319153 28.5 29.5 20 8
4319154 28.5 29.5 20.5 8
4319155 28.5 29.5 21 8
4319199 28.5 30 19.5 8
4319200 28.5 30 20 8
4319201 28.5 30 20.5 8
4319202 28.5 30 21 8
4319246 28.5 30.5 19.5 8
4319247 28.5 30.5 20 8
4319248 28.5 30.5 20.5 8
4319249 28.5 30.5 21 8
4319293 28.5 31 19.5 8
4319294 28.5 31 20 8
4319295 28.5 31 20.5 8
4319296 28.5 31 21 8
4319340 28.5 31.5 19.5 8
4319341 28.5 31.5 20 8
4319342 28.5 31.5 20.5 8
4319343 28.5 31.5 21 8
4334568 29 28 19.5 8
4334569 29 28 20 8
4334570 29 28 20.5 8
4334571 29 28 21 8
4334615 29 28.5 19.5 8
4334616 29 28.5 20 8
4334617 29 28.5 20.5 8
4334618 29 28.5 21 8
4334662 29 29 19.5 8
4334663 29 29 20 8
4334664 29 29 20.5 8
4334665 29 29 21 8
4334709 29 29.5 19.5 8
4334710 29 29.5 20 8
4334711 29 29.5 20.5 8
4334712 29 29.5 21 8
4334756 29 30 19.5 8
4334757 29 30 20 8
4334758 29 30 20.5 8
4334759 29 30 21 8
4334803 29 30.5 19.5 8
4334804 29 30.5 20 8
4334805 29 30.5 20.5 8
4334806 29 30.5 21 8
4350078 29.5 27.5 19.5 8
4350079 29.5 27.5 20 8
4350080 29.5 27.5 20.5 8
4350081 29.5 27.5 21 8
4350125 29.5 28 19.5 8
4350126 29.5 28 20 8
4350127 29.5 28 20.5 8
4350128 29.5 28 21 8
4350172 29.5 28.5 19.5 8
4350173 29.5 28.5 20 8
4350174 29.5 28.5 20.5 8
4350175 29.5 28.5 21 8
4350219 29.5 29 19.5 8
4350220 29.5 29 20 8
4350221 29.5 29 20.5 8
4350222 29.5 29 21 8
4350266 29.5 29.5 19.5 8
4350267 29.5 29.5 20 8
4350268 29.5 29.5 20.5 8
4350269 29.5 29.5 21 8
4350313 29.5 30 19.5 8
4350314 29.5 30 20 8
4350315 29.5 30 20.5 8
4350316 29.5 30 21 8
4365541 30 26.5 19.5 8
4365542 30 26.5 20 8
4365543 30 26.5 20.5 8
4365544 30 26.5 21 8
4365588 30 27 19.5 8
4365589 30 27 20 8
4365590 30 27 20.5 8
4365591 30 27 21 8
4365635 30 27.5 19.5 8
4365636 30 27.5 20 8
4365637 30 27.5 20.5 8
4365638 30 27.5 21 8
4365682 30 28 19.5 8
4365683 30 28 20 8
4365684 30 28 20.5 8
4365685 30 28 21 8
4365729 30 28.5 19.5 8
4365730 30 28.5 20 8
4365731 30 28.5 20.5 8
4365732 30 28.5 21 8
4365776 30 29 19.5 8
4365777 30 29 20 8
4365778 30 29 20.5 8
4365779 30 29 21 8
4381051 30.5 26 19.5 8
4381052 30.5 26 20 8
4381053 30.5 26 20.5 8
4381054 30.5 26 21 8
4381098 30.5 26.5 19.5 8
4381099 30.5 26.5 20 8
4381100 30.5 26.5 20.5 8
4381101 30.5 26.5 21 8
4381145 30.5 27 19.5 8
4381146 30.5 27 20 8
4381147 30.5 27 20.5 8
4381148 30.5 27 21 8
4381192 30.5 27.5 19.5 8
4381193 30.5 27.5 20 8
4381194 30.5 27.5 20.5 8
4381195 30.5 27.5 21 8
4381239 30.5 28 19.5 8
4381240 30.5 28 20 8
4381241 30.5 28 20.5 8
4381242 30.5 28 21 8
4381286 30.5 28.5 19.5 8
4381287 30.5 28.5 20 8
4381288 30.5 28.5 20.5 8
4381289 30.5 28.5 21 8
4396514 31 25 19.5 8
4396515 31 25 20 8
4396516 31 25 20.5 8
4396517 31 25 21 8
4396561 31 25.5 19.5 8
4396562 31 25.5 20 8
4396563 31 25.5 20.5 8
4396564 31 25.5 21 8
4396608 31 26 19.5 8
4396609 31 26 20 8
4396610 31 26 20.5 8
4396611 31 26 21 8
4396655 31 26.5 19.5 8
4396656 31 26.5 20 8
4396657 31 26.5 20.5 8
4396658 31 26.5 21 8
4396702 31 27 19.5 8
4396703 31 27 20 8
4396704 31 27 20.5 8
4396705 31 27 21 8
4396749 31 27.5 19.5 8
4396750 31 27.5 20 8
4396751 31 27.5 20.5 8
4396752 31 27.5 21 8
4411977 31.5 24 19.5 8
4411978 31.5 24 20 8
4411979 31.5 24 20.5 8
4411980 31.5 24 21 8
4412024 31.5 24.5 19.5 8
4412025 31.5 24.5 20 8
4412026 31.5 24.5 20.5 8
4412027 31.5 24.5 21 8
4412071 31.5 25 19.5 8
4412072 31.5 25 20 8
4412073 31.5 25 20.5 8
4412074 31.5 25 21 8
4412118 31.5 25.5 19.5 8
4412119 31.5 25.5 20 8
4412120 31.5 25.5 20.5 8
4412121 31.5 25.5 21 8
4412165 31.5 26 19.5 8
4412166 31.5 26 20 8
4412167 31.5 26 20.5 8
4412168 31.5 26 21 8
4412212 31.5 26.5 19.5 8
4412213 31.5 26.5 20 8
4412214 31.5 26.5 20.5 8
4412215 31.5 26.5 21 8
4412259 31.5 27 19.5 8
4412260 31.5 27 20 8
4412261 31.5 27 20.5 8
4412262 31.5 27 21 8
4427487 32 23.5 19.5 8
4427488 32 23.5 20 8
4427489 32 23.5 20.5 8
4427490 32 23.5 21 8
4427534 32 24 19.5 8
4427535 32 24 20 8
4427536 32 24 20.5 8
4427537 32 24 21 8
4427581 32 24.5 19.5 8
4427582 32 24.5 20 8
4427583 32 24.5 20.5 8
4427584 32 24.5 21 8
4427628 32 25 19.5 8
4427629 32 25 20 8
4427630 32 25 20.5 8
4427631 32 25 21 8
4427675 32 25.5 19.5 8
4427676 32 25.5 20 8
4427677 32 25.5 20.5 8
4427678 32 25.5 21 8
4427722 32 26 19.5 8
4427723 32 26 20 8
4427724 32 26 20.5 8
4427725 32 26 21 8
4442950 32.5 22.5 19.5 8
4442951 32.5 22.5 20 8
4442952 32.5 22.5 20.5 8
4442953 32.5 22.5 21 8
4442997 32.5 23 19.5 8
4442998 32.5 23 20 8
4442999 32.5 23 20.5 8
4443000 32.5 23 21 8
4443044 32.5 23.5 19.5 8
4443045 32.5 23.5 20 8
4443046 32.5 23.5 20.5 8
4443047 32.5 23.5 21 8
4443091 32.5 24 19.5 8
4443092 32.5 24 20 8
4443093 32.5 24 20.5 8
4443094 32.5 24 21 8
4443138 32.5 24.5 19.5 8
4443139 32.5 24.5 20 8
4443140 32.5 24.5 20.5 8
4443141 32.5 24.5 21 8
4443185 32.5 25 19.5 8
4443186 32.5 25 20 8
4443187 32.5 25 20.5 8
4443188 32.5 25 21 8
4443232 32.5 25.5 19.5 8
4443233 32.5 25.5 20 8
4443234 32.5 25.5 20.5 8
4443235 32.5 25.5 21 8
4458460 33 22 19.5 8
4458461 33 22 20 8
4458462 33 22 20.5 8
4458463 33 22 21 8
4458507 33 22.5 19.5 8
4458508 33 22.5 20 8
4458509 33 22.5 20.5 8
4458510 33 22.5 21 8
4458554 33 23 19.5 8
4458555 33 23 20 8
4458556 33 23 20.5 8
4458557 33 23 21 8
4458601 33 23.5 19.5 8
4458602 33 23.5 20 8
4458603 33 23.5 20.5 8
4458604 33 23.5 21 8
4458648 33 24 19.5 8
4458649 33 24 20 8
4458650 33 24 20.5 8
4458651 33 24 21 8
4458695 33 24.5 19.5 8
4458696 33 24.5 20 8
4458697 33 24.5 20.5 8
4458698 33 24.5 21 8
4473923 33.5 21 19.5 8
4473924 33.5 21 20 8
4473925 33.5 21 20.5 8
4473926 33.5 21 21 8
4473970 33.5 21.5 19.5 8
4473971 33.5 21.5 20 8
4473972 33.5 21.5 20.5 8
4473973 33.5 21.5 21 8
4474017 33.5 22 19.5 8
4474018 33.5 22 20 8
4474019 33.5 22 20.5 8
4474020 33.5 22 21 8
4474064 33.5 22.5 19.5 8
4474065 33.5 22.5 20 8
4474066 33.5 22.5 20.5 8
4474067 33.5 22.5 21 8
4474111 33.5 23 19.5 8
4474112 33.5 23 20 8
4474113 33.5 23 20.5 8
4474114 33.5 23 21 8
4474158 33.5 23.5 19.5 8
4474159 33.5 23.5 20 8
4474160 33.5 23.5 20.5 8
4474161 33.5 23.5 21 8
4489433 34 20.5 19.5 8
4489434 34 20.5 20 8
4489435 34 20.5 20.5 8
4489436 34 20.5 21 8
4489480 34 21 19.5 8
4489481 34 21 20 8
4489482 34 21 20.5 8
4489483 34 21 21 8
4489527 34 21.5 19.5 8
4489528 34 21.5 20 8
4489529 34 21.5 20.5 8
4489530 34 21.5 21 8
4489574 34 22 19.5 8
4489575 34 22 20 8
4489576 34 22 20.5 8
4489577 34 22 21 8
4489621 34 22.5 19.5 8
4489622 34 22.5 20 8
4489623 34 22.5 20.5 8
4489624 34 22.5 21 8
4489668 34 23 19.5 8
4489669 34 23 20 8
4489670 34 23 20.5 8
4489671 34 23 21 8
4504896 34.5 19.5 19.5 8
4504897 34.5 19.5 20 8
4504898 34.5 19.5 20.5 8
4504899 34.5 19.5 21 8
4504943 34.5 20 19.5 8
4504944 34.5 20 20 8
4504945 34.5 20 20.5 8
4504946 34.5 20 21 8
4504990 34.5 20.5 19.5 8
4504991 34.5 20.5 20 8
4504992 34.5 20.5 20.5 8
4504993 34.5 20.5 21 8
4505037 34.5 21 19.5 8
4505038 34.5 21 20 8
4505039 34.5 21 20.5 8
4505040 34.5 21 21 8
4505084 34.5 21.5 19.5 8
4505085 34.5 21.5 20 8
4505086 34.5 21.5 20.5 8
4505087 34.5 21.5 21 8
4505131 34.5 22 19.5 8
4505132 34.5 22 20 8
4505133 34.5 22 20.5 8
4505134 34.5 22 21 8
4520406 35 19 19.5 8
4520407 35 19 20 8
4520408 35 19 20.5 8
4520409 35 19 21 8
4520453 35 19.5 19.5 8
4520454 35 19.5 20 8
4520455 35 19.5 20.5 8
4520456 35 19.5 21 8
4520500 35 20 19.5 8
4520501 35 20 20 8
4520502 35 20 20.5 8
4520503 35 20 21 8
4520547 35 20.5 19.5 8
4520548 35 20.5 20 8
4520549 35 20.5 20.5 8
4520550 35 20.5 21 8
4520594 35 21 19.5 8
4520595 35 21 20 8
4520596 35 21 20.5 8
4520597 35 21 21 8
4520641 35 21.5 19.5 8
4520642 35 21.5 20 8
4520643 35 21.5 20.5 8
4520644 35 21.5 21 8
4535869 35.5 18 19.5 8
4535870 35.5 18 20 8
4535871 35.5 18 20.5 8
4535872 35.5 18 21 8
4535916 35.5 18.5 19.5 8
4535917 35.5 18.5 20 8
4535918 35.5 18.5 20.5 8
4535919 35.5 18.5 21 8
4535963 35.5 19 19.5 8
4535964 35.5 19 20 8
4535965 35.5 19 20.5 8
4535966 35.5 19 21 8
4536010 35.5 19.5 19.5 8
4536011 35.5 19.5 20 8
4536012 35.5 19.5 20.5 8
4536013 35.5 19.5 21 8
4536057 35.5 20 19.5 8
4536058 35.5 20 20 8
4536059 35.5 20 20.5 8
4536060 35.5 20 21 8
4536104 35.5 20.5 19.5 8
4536105 35.5 20.5 20 8
4536106 35.5 20.5 20.5 8
4536107 35.5 20.5 21 8
4551379 36 17.5 19.5 8
4551380 36 17.5 20 8
4551381 36 17.5 20.5 8
4551382 36 17.5 21 8
4551426 36 18 19.5 8
4551427 36 18 20 8
4551428 36 18 20.5 8
4551429 36 18 21 8
4551473 36 18.5 19.5 8
4551474 36 18.5 20 8
4551475 36 18.5 20.5 8
4551476 36 18.5 21 8
4551520 36 19 19.5 8
4551521 36 19 20 8
4551522 36 19 20.5 8
4551523 36 19 21 8
4551567 36 19.5 19.5 8
4551568 36 19.5 20 8
4551569 36 19.5 20.5 8
4551570 36 19.5 21 8
4551614 36 20 19.5 8
4551615 36 20 20 8
4551616 36 20 20.5 8
4551617 36 20 21 8
4566842 36.5 16.5 19.5 8
4566843 36.5 16.5 20 8
4566844 36.5 16.5 20.5 8
4566845 36.5 16.5 21 8
4566889 36.5 17 19.5 8
4566890 36.5 17 20 8
4566891 36.5 17 20.5 8
4566892 36.5 17 21 8
4566936 36.5 17.5 19.5 8
4566937 36.5 17.5 20 8
4566938 36.5 17.5 20.5 8
4566939 36.5 17.5 21 8
4566983 36.5 18 19.5 8
4566984 36.5 18 20 8
4566985 36.5 18 20.5 8
4566986 36.5 18 21 8
4567030 36.5 18.5 19.5 8
4567031 36.5 18.5 20 8
4567032 36.5 18.5 20.5 8
4567033 36.5 18.5 21 8
4567077 36.5 19 19.5 8
4567078 36.5 19 20 8
4567079 36.5 19 20.5 8
4567080 36.5 19 21 8
4582305 37 15.5 19.5 8
4582306 37 15.5 20 8
4582307 37 15.5 20.5 8
4582308 37 15.5 21 8
4582352 37 16 19.5 8
4582353 37 16 20 8
4582354 37 16 20.5 8
4582355 37 16 21 8
4582399 37 16.5 19.5 8
4582400 37 16.5 20 8
4582401 37 16.5 20.5 8
4582402 37 16.5 21 8
4582446 37 17 19.5 8
4582447 37 17 20 8
4582448 37 17 20.5 8
4582449 37 17 21 8
4582493 37 17.5 19.5 8
4582494 37 17.5 20 8
4582495 37 17.5 20.5 8
4582496 37 17.5 21 8
4582540 37 18 19.5 8
4582541 37 18 20 8
4582542 37 18 20.5 8
4582543 37 18 21 8
4582587 37 18.5 19.5 8
4582588 37 18.5 20 8
4582589 37 18.5 20.5 8
4582590 37 18.5 21 8
4597815 37.5 15 19.5 8
4597816 37.5 15 20 8
4597817 37.5 15 20.5 8
4597818 37.5 15 21 8
4597862 37.5 15.5 19.5 8
4597863 37.5 15.5 20 8
4597864 37.5 15.5 20.5 8
4597865 37.5 15.5 21 8
4597909 37.5 16 19.5 8
4597910 37.5 16 20 8
4597911 37.5 16 20.5 8
4597912 37.5 16 21 8
4597956 37.5 16.5 19.5 8
4597957 37.5 16.5 20 8
4597958 37.5 16.5 20.5 8
4597959 37.5 16.5 21 8
4598003 37.5 17 19.5 8
4598004 37.5 17 20 8
4598005 37.5 17 20.5 8
4598006 37.5 17 21 8
4598050 37.5 17.5 19.5 8
4598051 37.5 17.5 20 8
4598052 37.5 17.5 20.5 8
4598053 37.5 17.5 21 8
4613278 38 14 19.5 8
4613279 38 14 20 8
4613280 38 14 20.5 8
4613281 38 14 21 8
4613325 38 14.5 19.5 8
4613326 38 14.5 20 8
4613327 38 14.5 20.5 8
4613328 38 14.5 21 8
4613372 38 15 19.5 8
4613373 38 15 20 8
4613374 38 15 20.5 8
4613375 38 15 21 8
4613419 38 15.5 19.5 8
4613420 38 15.5 20 8
4613421 38 15.5 20.5 8
4613422 38 15.5 21 8
4613466 38 16 19.5 8
4613467 38 16 20 8
4613468 38 16 20.5 8
4613469 38 16 21 8
4613513 38 16.5 19.5 8
4613514 38 16.5 20 8
4613515 38 16.5 20.5 8
4613516 38 16.5 21 8
4613560 38 17 19.5 8
4613561 38 17 20 8
4613562 38 17 20.5 8
4613563 38 17 21 8
4628788 38.5 13.5 19.5 8
4628789 38.5 13.5 20 8
4628790 38.5 13.5 20.5 8
4628791 38.5 13.5 21 8
4628835 38.5 14 19.5 8
4628836 38.5 14 20 8
4628837 38.5 14 20.5 8
4628838 38.5 14 21 8
4628882 38.5 14.5 19.5 8
4628883 38.5 14.5 20 8
4628884 38.5 14.5 20.5 8
4628885 38.5 14.5 21 8
4628929 38.5 15 19.5 8
4628930 38.5 15 20 8
4628931 38.5 15 20.5 8
4628932 38.5 15 21 8
4628976 38.5 15.5 19.5 8
4628977 38.5 15.5 20 8
4628978 38.5 15.5 20.5 8
4628979 38.5 15.5 21 8
4629023 38.5 16 19.5 8
4629024 38.5 16 20 8
4629025 38.5 16 20.5 8
4629026 38.5 16 21 8
4644251 39 12.5 19.5 8
4644252 39 12.5 20 8
4644253 39 12.5 20.5 8
4644254 39 12.5 21 8
4644298 39 13 19.5 8
4644299 39 13 20 8
4644300 39 13 20.5 8
4644301 39 13 21 8
4644345 39 13.5 19.5 8
4644346 39 13.5 20 8
4644347 39 13.5 20.5 8
4644348 39 13.5 21 8
4644392 39 14 19.5 8
4644393 39 14 20 8
4644394 39 14 20.5 8
4644395 39 14 21 8
4644439 39 14.5 19.5 8
4644440 39 14.5 20 8
4644441 39 14.5 20.5 8
4644442 39 14.5 21 8
4644486 39 15 19.5 8
4644487 39 15 20 8
4644488 39 15 20.5 8
4644489 39 15 21 8
4659761 39.5 12 19.5 8
4659762 39.5 12 20 8
4659763 39.5 12 20.5 8
4659764 39.5 12 21 8
4659808 39.5 12.5 19.5 8
4659809 39.5 12.5 20 8
4659810 39.5 12.5 20.5 8
4659811 39.5 12.5 21 8
4659855 39.5 13 19.5 8
4659856 39.5 13 20 8
4659857 39.5 13 20.5 8
4659858 39.5 13 21 8
4659902 39.5 13.5 19.5 8
4659903 39.5 13.5 20 8
4659904 39.5 13.5 20.5 8
4659905 39.5 13.5 21 8
4659949 39.5 14 19.5 8
4659950 39.5 14 20 8
4659951 39.5 14 20.5 8
4659952 39.5 14 21 8
4659996 39.5 14.5 19.5 8
4659997 39.5 14.5 20 8
4659998 39.5 14.5 20.5 8
4659999 39.5 14.5 21 8
4675224 40 11 19.5 8
4675225 40 11 20 8
4675226 40 11 20.5 8
4675227 40 11 21 8
4675271 40 11.5 19.5 8
4675272 40 11.5 20 8
4675273 40 11.5 20.5 8
4675274 40 11.5 21 8
4675318 40 12 19.5 8
4675319 40 12 20 8
4675320 40 12 20.5 8
4675321 40 12 21 8
4675365 40 12.5 19.5 8
4675366 40 12.5 20 8
4675367 40 12.5 20.5 8
4675368 40 12.5 21 8
4675412 40 13 19.5 8
4675413 40 13 20 8
4675414 40 13 20.5 8
4675415 40 13 21 8
4675459 40 13.5 19.5 8
4675460 40 13.5 20 8
4675461 40 13.5 20.5 8
4675462 40 13.5 21 8
4690734 40.5 10.5 19.5 8
4690735 40.5 10.5 20 8
4690736 40.5 10.5 20.5 8
4690737 40.5 10.5 21 8
4690781 40.5 11 19.5 8
4690782 40.5 11 20 8
4690783 40.5 11 20.5 8
4690784 40.5 11 21 8
4690828 40.5 11.5 19.5 8
4690829 40.5 11.5 20 8
4690830 40.5 11.5 20.5 8
4690831 40.5 11.5 21 8
4690875 40.5 12 19.5 8
4690876 40.5 12 20 8
4690877 40.5 12 20.5 8
4690878 40.5 12 21 8
4690922 40.5 12.5 19.5 8
4690923 40.5 12.5 20 8
4690924 40.5 12.5 20.5 8
4690925 40.5 12.5 21 8
4690969 40.5 13 19.5 8
4690970 40.5 13 20 8
4690971 40.5 13 20.5 8
4690972 40.5 13 21 8
4706197 41 9.5 19.5 8
4706198 41 9.5 20 8
4706199 41 9.5 20.5 8
4706200 41 9.5 21 8
4706244 41 10 19.5 8
4706245 41 10 20 8
4706246 41 10 20.5 8
4706247 41 10 21 8
4706291 41 10.5 19.5 8
4706292 41 10.5 20 8
4706293 41 10.5 20.5 8
4706294 41 10.5 21 8
4706338 41 11 19.5 8
4706339 41 11 20 8
4706340 41 11 20.5 8
4706341 41 11 21 8
4706385 41 11.5 19.5 8
4706386 41 11.5 20 8
4706387 41 11.5 20.5 8
4706388 41 11.5 21 8
4706432 41 12 19.5 8
4706433 41 12 20 8
4706434 41 12 20.5 8
4706435 41 12 21 8
4721707 41.5 9 19.5 8
4721708 41.5 9 20 8
4721709 41.5 9 20.5 8
4721710 41.5 9 21 8
4721754 41.5 9.5 19.5 8
4721755 41.5 9.5 20 8
4721756 41.5 9.5 20.5 8
4721757 41.5 9.5 21 8
4721801 41.5 10 19.5 8
4721802 41.5 10 20 8
4721803 41.5 10 20.5 8
4721804 41.5 10 21 8
4721848 41.5 10.5 19.5 8
4721849 41.5 10.5 20 8
4721850 41.5 10.5 20.5 8
4721851 41.5 10.5 21 8
4721895 41.5 11 19.5 8
4721896 41.5 11 20 8
4721897 41.5 11 20.5 8
4721898 41.5 11 21 8
4721942 41.5 11.5 19.5 8
4721943 41.5 11.5 20 8
4721944 41.5 11.5 20.5 8
4721945 41.5 11.5 21 8
4737170 42 8 19.5 8
4737171 42 8 20 8
4737172 42 8 20.5 8
4737173 42 8 21 8
4737217 42 8.5 19.5 8
4737218 42 8.5 20 8
4737219 42 8.5 20.5 8
4737220 42 8.5 21 8
4737264 42 9 19.5 8
4737265 42 9 20 8
4737266 42 9 20.5 8
4737267 42 9 21 8
4737311 42 9.5 19.5 8
4737312 42 9.5 20 8
4737313 42 9.5 20.5 8
4737314 42 9.5 21 8
4737358 42 10 19.5 8
4737359 42 10 20 8
4737360 42 10 20.5 8
4737361 42 10 21 8
4737405 42 10.5 19.5 8
4737406 42 10.5 20 8
4737407 42 10.5 20.5 8
4737408 42 10.5 21 8
4752633 42.5 7 19.5 8
4752634 42.5 7 20 8
4752635 42.5 7 20.5 8
4752636 42.5 7 21 8
4752680 42.5 7.5 19.5 8
4752681 42.5 7.5 20 8
4752682 42.5 7.5 20.5 8
4752683 42.5 7.5 21 8
4752727 42.5 8 19.5 8
4752728 42.5 8 20 8
4752729 42.5 8 20.5 8
4752730 42.5 8 21 8
4752774 42.5 8.5 19.5 8
4752775 42.5 8.5 20 8
4752776 42.5 8.5 20.5 8
4752777 42.5 8.5 21 8
4752821 42.5 9 19.5 8
4752822 42.5 9 20 8
4752823 42.5 9 20.5 8
4752824 42.5 9 21 8
4752868 42.5 9.5 19.5 8
4752869 42.5 9.5 20 8
4752870 42.5 9.5 20.5 8
4752871 42.5 9.5 21 8
4752915 42.5 10 19.5 8
4752916 42.5 10 20 8
4752917 42.5 10 20.5 8
4752918 42.5 10 21 8
4768143 43 6.5 19.5 8
4768144 43 6.5 20 8
4768145 43 6.5 20.5 8
4768146 43 6.5 21 8
4768190 43 7 19.5 8
4768191 43 7 20 8
4768192 43 7 20.5 8
4768193 43 7 21 8
4768237 43 7.5 19.5 8
4768238 43 7.5 20 8
4768239 43 7.5 20.5 8
4768240 43 7.5 21 8
4768284 43 8 19.5 8
4768285 43 8 20 8
4768286 43 8 20.5 8
4768287 43 8 21 8
4768331 43 8.5 19.5 8
4768332 43 8.5 20 8
4768333 43 8.5 20.5 8
4768334 43 8.5 21 8
4768378 43 9 19.5 8
4768379 43 9 20 8
4768380 43 9 20.5 8
4768381 43 9 21 8
4783606 43.5 5.5 19.5 8
4783607 43.5 5.5 20 8
4783608 43.5 5.5 20.5 8
4783609 43.5 5.5 21 8
4783653 43.5 6 19.5 8
4783654 43.5 6 20 8
4783655 43.5 6 20.5 8
4783656 43.5 6 21 8
4783700 43.5 6.5 19.5 8
4783701 43.5 6.5 20 8
4783702 43.5 6.5 20.5 8
4783703 43.5 6.5 21 8
4783747 43.5 7 19.5 8
4783748 43.5 7 20 8
4783749 43.5 7 20.5 8
4783750 43.5 7 21 8
4783794 43.5 7.5 19.5 8
4783795 43.5 7.5 20 8
4783796 43.5 7.5 20.5 8
4783797 43.5 7.5 21 8
4783841 43.5 8 19.5 8
4783842 43.5 8 20 8
4783843 43.5 8 20.5 8
4783844 43.5 8 21 8
4783888 43.5 8.5 19.5 8
4783889 43.5 8.5 20 8
4783890 43.5 8.5 20.5 8
4783891 43.5 8.5 21 8
4799116 44 5 19.5 8
4799117 44 5 20 8
4799118 44 5 20.5 8
4799119 44 5 21 8
4799163 44 5.5 19.5 8
4799164 44 5.5 20 8
4799165 44 5.5 20.5 8
4799166 44 5.5 21 8
4799210 44 6 19.5 8
4799211 44 6 20 8
4799212 44 6 20.5 8
4799213 44 6 21 8
4799257 44 6.5 19.5 8
4799258 44 6.5 20 8
4799259 44 6.5 20.5 8
4799260 44 6.5 21 8
4799304 44 7 19.5 8
4799305 44 7 20 8
4799306 44 7 20.5 8
4799307 44 7 21 8
4799351 44 7.5 19.5 8
4799352 44 7.5 20 8
4799353 44 7.5 20.5 8
4799354 44 7.5 21 8
4814579 44.5 4 19.5 8
4814580 44.5 4 20 8
4814581 44.5 4 20.5 8
4814582 44.5 4 21 8
4814626 44.5 4.5 19.5 8
4814627 44.5 4.5 20 8
4814628 44.5 4.5 20.5 8
4814629 44.5 4.5 21 8
4814673 44.5 5 19.5 8
4814674 44.5 5 20 8
4814675 44.5 5 20.5 8
4814676 44.5 5 21 8
4814720 44.5 5.5 19.5 8
4814721 44.5 5.5 20 8
4814722 44.5 5.5 20.5 8
4814723 44.5 5.5 21 8
4814767 44.5 6 19.5 8
4814768 44.5 6 20 8
4814769 44.5 6 20.5 8
4814770 44.5 6 21 8
4814814 44.5 6.5 19.5 8
4814815 44.5 6.5 20 8
4814816 44.5 6.5 20.5 8
4814817 44.5 6.5 21 8
4830089 45 3.5 19.5 8
4830090 45 3.5 20 8
4830091 45 3.5 20.5 8
4830092 45 3.5 21 8
4830136 45 4 19.5 8
4830137 45 4 20 8
4830138 45 4 20.5 8
4830139 45 4 21 8
4830183 45 4.5 19.5 8
4830184 45 4.5 20 8
4830185 45 4.5 20.5 8
4830186 45 4.5 21 8
4830230 45 5 19.5 8
4830231 45 5 20 8
4830232 45 5 20.5 8
4830233 45 5 21 8
4830277 45 5.5 19.5 8
4830278 45 5.5 20 8
4830279 45 5.5 20.5 8
4830280 45 5.5 21 8
4830324 45 6 19.5 8
4830325 45 6 20 8
4830326 45 6 20.5 8
4830327 45 6 21 8
4845552 45.5 2.5 19.5 8
4845553 45.5 2.5 20 8
4845554 45.5 2.5 20.5 8
4845555 45.5 2.5 21 8
4845599 45.5 3 19.5 8
4845600 45.5 3 20 8
4845601 45.5 3 20.5 8
4845602 45.5 3 21 8
4845646 45.5 3.5 19.5 8
4845647 45.5 3.5 20 8
4845648 45.5 3.5 20.5 8
4845649 45.5 3.5 21 8
4845693 45.5 4 19.5 8
4845694 45.5 4 20 8
4845695 45.5 4 20.5 8
4845696 45.5 4 21 8
4845740 45.5 4.5 19.5 8
4845741 45.5 4.5 20 8
4845742 45.5 4.5 20.5 8
4845743 45.5 4.5 21 8
4845787 45.5 5 19.5 8
4845788 45.5 5 20 8
4845789 45.5 5 20.5 8
4845790 45.5 5 21 8
4861062 46 2 19.5 8
4861063 46 2 20 8
4861064 46 2 20.5 8
4861065 46 2 21 8
4861109 46 2.5 19.5 8
4861110 46 2.5 20 8
4861111 46 2.5 20.5 8
4861112 46 2.5 21 8
4861156 46 3 19.5 8
4861157 46 3 20 8
4861158 46 3 20.5 8
4861159 46 3 21 8
4861203 46 3.5 19.5 8
4861204 46 3.5 20 8
4861205 46 3.5 20.5 8
4861206 46 3.5 21 8
4861250 46 4 19.5 8
4861251 46 4 20 8
4861252 46 4 20.5 8
4861253 46 4 21 8
4861297 46 4.5 19.5 8
4861298 46 4.5 20 8
4861299 46 4.5 20.5 8
4861300 46 4.5 21 8
4876525 46.5 1 19.5 8
4876526 46.5 1 20 8
4876527 46.5 1 20.5 8
4876528 46.5 1 21 8
4876572 46.5 1.5 19.5 8
4876573 46.5 1.5 20 8
4876574 46.5 1.5 20.5 8
4876575 46.5 1.5 21 8
4876619 46.5 2 19.5 8
4876620 46.5 2 20 8
4876621 46.5 2 20.5 8
4876622 46.5 2 21 8
4876666 46.5 2.5 19.5 8
4876667 46.5 2.5 20 8
4876668 46.5 2.5 20.5 8
4876669 46.5 2.5 21 8
4876713 46.5 3 19.5 8
4876714 46.5 3 20 8
4876715 46.5 3 20.5 8
4876716 46.5 3 21 8
4876760 46.5 3.5 19.5 8
4876761 46.5 3.5 20 8
4876762 46.5 3.5 20.5 8
4876763 46.5 3.5 21 8
4891988 47 0 19.5 8
4891989 47 0 20 8
4891990 47 0 20.5 8
4891991 47 0 21 8
4892035 47 0.5 19.5 8
4892036 47 0.5 20 8
4892037 47 0.5 20.5 8
4892038 47 0.5 21 8
4892082 47 1 19.5 8
4892083 47 1 20 8
4892084 47 1 20.5 8
4892085 47 1 21 8
4892129 47 1.5 19.5 8
4892130 47 1.5 20 8
4892131 47 1.5 20.5 8
4892132 47 1.5 21 8
4892176 47 2 19.5 8
4892177 47 2 20 8
4892178 47 2 20.5 8
4892179 47 2 21 8
4892223 47 2.5 19.5 8
4892224 47 2.5 20 8
4892225 47 2.5 20.5 8
4892226 47 2.5 21 8
4892270 47 3 19.5 8
4892271 47 3 20 8
4892272 47 3 20.5 8
4892273 47 3 21 8
4907498 47.5 -0.5 19.5 8
4907499 47.5 -0.5 20 8
4907500 47.5 -0.5 20.5 8
4907501 47.5 -0.5 21 8
4907545 47.5 0 19.5 8
4907546 47.5 0 20 8
4907547 47.5 0 20.5 8
4907548 47.5 0 21 8
4907592 47.5 0.5 19.5 8
4907593 47.5 0.5 20 8
4907594 47.5 0.5 20.5 8
4907595 47.5 0.5 21 8
4907639 47.5 1 19.5 8
4907640 47.5 1 20 8
4907641 47.5 1 20.5 8
4907642 47.5 1 21 8
4907686 47.5 1.5 19.5 8
4907687 47.5 1.5 20 8
4907688 47.5 1.5 20.5 8
4907689 47.5 1.5 21 8
4907733 47.5 2 19.5 8
4907734 47.5 2 20 8
4907735 47.5 2 20.5 8
4907736 47.5 2 21 8
4922961 48 -1.5 19.5 8
4922962 48 -1.5 20 8
4922963 48 -1.5 20.5 8
4922964 48 -1.5 21 8
4923008 48 -1 19.5 8
4923009 48 -1 20 8
4923010 48 -1 20.5 8
4923011 48 -1 21 8
4923055 48 -0.5 19.5 8
4923056 48 -0.5 20 8
4923057 48 -0.5 20.5 8
4923058 48 -0.5 21 8
4923102 48 0 19.5 8
4923103 48 0 20 8
4923104 48 0 20.5 8
4923105 48 0 21 8
4923149 48 0.5 19.5 8
4923150 48 0.5 20 8
4923151 48 0.5 20.5 8
4923152 48 0.5 21 8
4923196 48 1 19.5 8
4923197 48 1 20 8
4923198 48 1 20.5 8
4923199 48 1 21 8
4923243 48 1.5 19.5 8
4923244 48 1.5 20 8
4923245 48 1.5 20.5 8
4923246 48 1.5 21 8
4938471 48.5 -2 19.5 8
4938472 48.5 -2 20 8
4938473 48.5 -2 20.5 8
4938474 48.5 -2 21 8
4938518 48.5 -1.5 19.5 8
4938519 48.5 -1.5 20 8
4938520 48.5 -1.5 20.5 8
4938521 48.5 -1.5 21 8
4938565 48.5 -1 19.5 8
4938566 48.5 -1 20 8
4938567 48.5 -1 20.5 8
4938568 48.5 -1 21 8
4938612 48.5 -0.5 19.5 8
4938613 48.5 -0.5 20 8
4938614 48.5 -0.5 20.5 8
4938615 48.5 -0.5 21 8
4938659 48.5 0 19.5 8
4938660 48.5 0 20 8
4938661 48.5 0 20.5 8
4938662 48.5 0 21 8
4938706 48.5 0.5 19.5 8
4938707 48.5 0.5 20 8
4938708 48.5 0.5 20.5 8
4938709 48.5 0.5 21 8
4953934 49 -3 19.5 8
4953935 49 -3 20 8
4953936 49 -3 20.5 8
4953937 49 -3 21 8
4953981 49 -2.5 19.5 8
4953982 49 -2.5 20 8
4953983 49 -2.5 20.5 8
4953984 49 -2.5 21 8
4954028 49 -2 19.5 8
4954029 49 -2 20 8
4954030 49 -2 20.5 8
4954031 49 -2 21 8
4954075 49 -1.5 19.5 8
4954076 49 -1.5 20 8
4954077 49 -1.5 20.5 8
4954078 49 -1.5 21 8
4954122 49 -1 19.5 8
4954123 49 -1 20 8
4954124 49 -1 20.5 8
4954125 49 -1 21 8
4954169 49 -0.5 19.5 8
4954170 49 -0.5 20 8
4954171 49 -0.5 20.5 8
4954172 49 -0.5 21 8
4969444 49.5 -3.5 19.5 8
4969445 49.5 -3.5 20 8
4969446 49.5 -3.5 20.5 8
4969447 49.5 -3.5 21 8
4969491 49.5 -3 19.5 8
4969492 49.5 -3 20 8
4969493 49.5 -3 20.5 8
4969494 49.5 -3 21 8
4969538 49.5 -2.5 19.5 8
4969539 49.5 -2.5 20 8
4969540 49.5 -2.5 20.5 8
4969541 49.5 -2.5 21 8
4969585 49.5 -2 19.5 8
4969586 49.5 -2 20 8
4969587 49.5 -2 20.5 8
4969588 49.5 -2 21 8
4969632 49.5 -1.5 19.5 8
4969633 49.5 -1.5 20 8
4969634 49.5 -1.5 20.5 8
4969635 49.5 -1.5 21 8
4969679 49.5 -1 19.5 8
4969680 49.5 -1 20 8
4969681 49.5 -1 20.5 8
4969682 49.5 -1 21 8
4984907 50 -4.5 19.5 8
4984908 50 -4.5 20 8
4984909 50 -4.5 20.5 8
4984910 50 -4.5 21 8
4984954 50 -4 19.5 8
4984955 50 -4 20 8
4984956 50 -4 20.5 8
4984957 50 -4 21 8
4985001 50 -3.5 19.5 8
4985002 50 -3.5 20 8
4985003 50 -3.5 20.5 8
4985004 50 -3.5 21 8
4985048 50 -3 19.5 8
4985049 50 -3 20 8
4985050 50 -3 20.5 8
4985051 50 -3 21 8
4985095 50 -2.5 19.5 8
4985096 50 -2.5 20 8
4985097 50 -2.5 20.5 8
4985098 50 -2.5 21 8
4985142 50 -2 19.5 8
4985143 50 -2 20 8
4985144 50 -2 20.5 8
4985145 50 -2 21 8
5000417 50.5 -5 19.5 8
5000418 50.5 -5 20 8
5000419 50.5 -5 20.5 8
5000420 50.5 -5 21 8
5000464 50.5 -4.5 19.5 8
5000465 50.5 -4.5 20 8
5000466 50.5 -4.5 20.5 8
5000467 50.5 -4.5 21 8
5000511 50.5 -4 19.5 8
5000512 50.5 -4 20 8
5000513 50.5 -4 20.5 8
5000514 50.5 -4 21 8
5000558 50.5 -3.5 19.5 8
5000559 50.5 -3.5 20 8
5000560 50.5 -3.5 20.5 8
5000561 50.5 -3.5 21 8
5000605 50.5 -3 19.5 8
5000606 50.5 -3 20 8
5000607 50.5 -3 20.5 8
5000608 50.5 -3 21 8
5000652 50.5 -2.5 19.5 8
5000653 50.5 -2.5 20 8
5000654 50.5 -2.5 20.5 8
5000655 50.5 -2.5 21 8
5015880 51 -6 19.5 8
5015881 51 -6 20 8
5015882 51 -6 20.5 8
5015883 51 -6 21 8
5015927 51 -5.5 19.5 8
5015928 51 -5.5 20 8
5015929 51 -5.5 20.5 8
5015930 51 -5.5 21 8
5015974 51 -5 19.5 8
5015975 51 -5 20 8
5015976 51 -5 20.5 8
5015977 51 -5 21 8
5016021 51 -4.5 19.5 8
5016022 51 -4.5 20 8
5016023 51 -4.5 20.5 8
5016024 51 -4.5 21 8
5016068 51 -4 19.5 8
5016069 51 -4 20 8
5016070 51 -4 20.5 8
5016071 51 -4 21 8
5016115 51 -3.5 19.5 8
5016116 51 -3.5 20 8
5016117 51 -3.5 20.5 8
5016118 51 -3.5 21 8
5031390 51.5 -6.5 19.5 8
5031391 51.5 -6.5 20 8
5031392 51.5 -6.5 20.5 8
5031393 51.5 -6.5 21 8
5031437 51.5 -6 19.5 8
5031438 51.5 -6 20 8
5031439 51.5 -6 20.5 8
5031440 51.5 -6 21 8
5031484 51.5 -5.5 19.5 8
5031485 51.5 -5.5 20 8
5031486 51.5 -5.5 20.5 8
5031487 51.5 -5.5 21 8
5031531 51.5 -5 19.5 8
5031532 51.5 -5 20 8
5031533 51.5 -5 20.5 8
5031534 51.5 -5 21 8
5031578 51.5 -4.5 19.5 8
5031579 51.5 -4.5 20 8
5031580 51.5 -4.5 20.5 8
5031581 51.5 -4.5 21 8
5031625 51.5 -4 19.5 8
5031626 51.5 -4 20 8
5031627 51.5 -4 20.5 8
5031628 51.5 -4 21 8
5046853 52 -7.5 19.5 8
5046854 52 -7.5 20 8
5046855 52 -7.5 20.5 8
5046856 52 -7.5 21 8
5046900 52 -7 19.5 8
5046901 52 -7 20 8
5046902 52 -7 20.5 8
5046903 52 -7 21 8
5046947 52 -6.5 19.5 8
5046948 52 -6.5 20 8
5046949 52 -6.5 20.5 8
5046950 52 -6.5 21 8
5046994 52 -6 19.5 8
5046995 52 -6 20 8
5046996 52 -6 20.5 8
5046997 52 -6 21 8
5047041 52 -5.5 19.5 8
5047042 52 -5.5 20 8
5047043 52 -5.5 20.5 8
5047044 52 -5.5 21 8
5047088 52 -5 19.5 8
5047089 52 -5 20 8
5047090 52 -5 20.5 8
5047091 52 -5 21 8
5062316 52.5 -8.5 19.5 8
5062317 52.5 -8.5 20 8
5062318 52.5 -8.5 20.5 8
5062319 52.5 -8.5 21 8
5062363 52.5 -8 19.5 8
5062364 52.5 -8 20 8
5062365 52.5 -8 20.5 8
5062366 52.5 -8 21 8
5062410 52.5 -7.5 19.5 8
5062411 52.5 -7.5 20 8
5062412 52.5 -7.5 20.5 8
5062413 52.5 -7.5 21 8
5062457 52.5 -7 19.5 8
5062458 52.5 -7 20 8
5062459 52.5 -7 20.5 8
5062460 52.5 -7 21 8
5062504 52.5 -6.5 19.5 8
5062505 52.5 -6.5 20 8
5062506 52.5 -6.5 20.5 8
5062507 52.5 -6.5 21 8
5062551 52.5 -6 19.5 8
5062552 52.5 -6 20 8
5062553 52.5 -6 20.5 8
5062554 52.5 -6 21 8
5062598 52.5 -5.5 19.5 8
5062599 52.5 -5.5 20 8
5062600 52.5 -5.5 20.5 8
5062601 52.5 -5.5 21 8
5077826 53 -9 19.5 8
5077827 53 -9 20 8
5077828 53 -9 20.5 8
5077829 53 -9 21 8
5077873 53 -8.5 19.5 8
5077874 53 -8.5 20 8
5077875 53 -8.5 20.5 8
5077876 53 -8.5 21 8
5077920 53 -8 19.5 8
5077921 53 -8 20 8
5077922 53 -8 20.5 8
5077923 53 -8 21 8
5077967 53 -7.5 19.5 8
5077968 53 -7.5 20 8
5077969 53 -7.5 20.5 8
5077970 53 -7.5 21 8
5078014 53 -7 19.5 8
5078015 53 -7 20 8
5078016 53 -7 20.5 8
5078017 53 -7 21 8
5078061 53 -6.5 19.5 8
5078062 53 -6.5 20 8
5078063 53 -6.5 20.5 8
5078064 53 -6.5 21 8
5093289 53.5 -10 19.5 8
5093290 53.5 -10 20 8
5093291 53.5 -10 20.5 8
5093292 53.5 -10 21 8
5093336 53.5 -9.5 19.5 8
5093337 53.5 -9.5 20 8
5093338 53.5 -9.5 20.5 8
5093339 53.5 -9.5 21 8
5093383 53.5 -9 19.5 8
5093384 53.5 -9 20 8
5093385 53.5 -9 20.5 8
5093386 53.5 -9 21 8
5093430 53.5 -8.5 19.5 8
5093431 53.5 -8.5 20 8
5093432 53.5 -8.5 20.5 8
5093433 53.5 -8.5 21 8
5093477 53.5 -8 19.5 8
5093478 53.5 -8 20 8
5093479 53.5 -8 20.5 8
5093480 53.5 -8 21 8
5093524 53.5 -7.5 19.5 8
5093525 53.5 -7.5 20 8
5093526 53.5 -7.5 20.5 8
5093527 53.5 -7.5 21 8
5093571 53.5 -7 19.5 8
5093572 53.5 -7 20 8
5093573 53.5 -7 20.5 8
5093574 53.5 -7 21 8
5108799 54 -10.5 19.5 8
5108800 54 -10.5 20 8
5108801 54 -10.5 20.5 8
5108802 54 -10.5 21 8
5108846 54 -10 19.5 8
5108847 54 -10 20 8
5108848 54 -10 20.5 8
5108849 54 -10 21 8
5108893 54 -9.5 19.5 8
5108894 54 -9.5 20 8
5108895 54 -9.5 20.5 8
5108896 54 -9.5 21 8
5108940 54 -9 19.5 8
5108941 54 -9 20 8
5108942 54 -9 20.5 8
5108943 54 -9 21 8
5108987 54 -8.5 19.5 8
5108988 54 -8.5 20 8
5108989 54 -8.5 20.5 8
5108990 54 -8.5 21 8
5109034 54 -8 19.5 8
5109035 54 -8 20 8
5109036 54 -8 20.5 8
5109037 54 -8 21 8
5124262 54.5 -11.5 19.5 8
5124263 54.5 -11.5 20 8
5124264 54.5 -11.5 20.5 8
5124265 54.5 -11.5 21 8
5124309 54.5 -11 19.5 8
5124310 54.5 -11 20 8
5124311 54.5 -11 20.5 8
5124312 54.5 -11 21 8
5124356 54.5 -10.5 19.5 8
5124357 54.5 -10.5 20 8
5124358 54.5 -10.5 20.5 8
5124359 54.5 -10.5 21 8
5124403 54.5 -10 19.5 8
5124404 54.5 -10 20 8
5124405 54.5 -10 20.5 8
5124406 54.5 -10 21 8
5124450 54.5 -9.5 19.5 8
5124451 54.5 -9.5 20 8
5124452 54.5 -9.5 20.5 8
5124453 54.5 -9.5 21 8
5124497 54.5 -9 19.5 8
5124498 54.5 -9 20 8
5124499 54.5 -9 20.5 8
5124500 54.5 -9 21 8
5139772 55 -12 19.5 8
5139773 55 -12 20 8
5139774 55 -12 20.5 8
5139775 55 -12 21 8
5139819 55 -11.5 19.5 8
5139820 55 -11.5 20 8
5139821 55 -11.5 20.5 8
5139822 55 -11.5 21 8
5139866 55 -11 19.5 8
5139867 55 -11 20 8
5139868 55 -11 20.5 8
5139869 55 -11 21 8
5139913 55 -10.5 19.5 8
5139914 55 -10.5 20 8
5139915 55 -10.5 20.5 8
5139916 55 -10.5 21 8
5139960 55 -10 19.5 8
5139961 55 -10 20 8
5139962 55 -10 20.5 8
5139963 55 -10 21 8
5140007 55 -9.5 19.5 8
5140008 55 -9.5 20 8
5140009 55 -9.5 20.5 8
5140010 55 -9.5 21 8
5155235 55.5 -13 19.5 8
5155236 55.5 -13 20 8
5155237 55.5 -13 20.5 8
5155238 55.5 -13 21 8
5155282 55.5 -12.5 19.5 8
5155283 55.5 -12.5 20 8
5155284 55.5 -12.5 20.5 8
5155285 55.5 -12.5 21 8
5155329 55.5 -12 19.5 8
5155330 55.5 -12 20 8
5155331 55.5 -12 20.5 8
5155332 55.5 -12 21 8
5155376 55.5 -11.5 19.5 8
5155377 55.5 -11.5 20 8
5155378 55.5 -11.5 20.5 8
5155379 55.5 -11.5 21 8
5155423 55.5 -11 19.5 8
5155424 55.5 -11 20 8
5155425 55.5 -11 20.5 8
5155426 55.5 -11 21 8
5155470 55.5 -10.5 19.5 8
5155471 55.5 -10.5 20 8
5155472 55.5 -10.5 20.5 8
5155473 55.5 -10.5 21 8
5170745 56 -13.5 19.5 8
5170746 56 -13.5 20 8
5170747 56 -13.5 20.5 8
5170748 56 -13.5 21 8
5170792 56 -13 19.5 8
5170793 56 -13 20 8
5170794 56 -13 20.5 8
5170795 56 -13 21 8
5170839 56 -12.5 19.5 8
5170840 56 -12.5 20 8
5170841 56 -12.5 20.5 8
5170842 56 -12.5 21 8
5170886 56 -12 19.5 8
5170887 56 -12 20 8
5170888 56 -12 20.5 8
5170889 56 -12 21 8
5170933 56 -11.5 19.5 8
5170934 56 -11.5 20 8
5170935 56 -11.5 20.5 8
5170936 56 -11.5 21 8
5170980 56 -11 19.5 8
5170981 56 -11 20 8
5170982 56 -11 20.5 8
5170983 56 -11 21 8
5186208 56.5 -14.5 19.5 8
5186209 56.5 -14.5 20 8
5186210 56.5 -14.5 20.5 8
5186211 56.5 -14.5 21 8
5186255 56.5 -14 19.5 8
5186256 56.5 -14 20 8
5186257 56.5 -14 20.5 8
5186258 56.5 -14 21 8
5186302 56.5 -13.5 19.5 8
5186303 56.5 -13.5 20 8
5186304 56.5 -13.5 20.5 8
5186305 56.5 -13.5 21 8
5186349 56.5 -13 19.5 8
5186350 56.5 -13 20 8
5186351 56.5 -13 20.5 8
5186352 56.5 -13 21 8
5186396 56.5 -12.5 19.5 8
5186397 56.5 -12.5 20 8
5186398 56.5 -12.5 20.5 8
5186399 56.5 -12.5 21 8
5186443 56.5 -12 19.5 8
5186444 56.5 -12 20 8
5186445 56.5 -12 20.5 8
5186446 56.5 -12 21 8
5201718 57 -15 19.5 8
5201719 57 -15 20 8
5201720 57 -15 20.5 8
5201721 57 -15 21 8
5201765 57 -14.5 19.5 8
5201766 57 -14.5 20 8
5201767 57 -14.5 20.5 8
5201768 57 -14.5 21 8
5201812 57 -14 19.5 8
5201813 57 -14 20 8
5201814 57 -14 20.5 8
5201815 57 -14 21 8
5201859 57 -13.5 19.5 8
5201860 57 -13.5 20 8
5201861 57 -13.5 20.5 8
5201862 57 -13.5 21 8
5201906 57 -13 19.5 8
5201907 57 -13 20 8
5201908 57 -13 20.5 8
5201909 57 -13 21 8
5201953 57 -12.5 19.5 8
5201954 57 -12.5 20 8
5201955 57 -12.5 20.5 8
5201956 57 -12.5 21 8
5217181 57.5 -16 19.5 8
5217182 57.5 -16 20 8
5217183 57.5 -16 20.5 8
5217184 57.5 -16 21 8
5217228 57.5 -15.5 19.5 8
5217229 57.5 -15.5 20 8
5217230 57.5 -15.5 20.5 8
5217231 57.5 -15.5 21 8
5217275 57.5 -15 19.5 8
5217276 57.5 -15 20 8
5217277 57.5 -15 20.5 8
5217278 57.5 -15 21 8
5217322 57.5 -14.5 19.5 8
5217323 57.5 -14.5 20 8
5217324 57.5 -14.5 20.5 8
5217325 57.5 -14.5 21 8
5217369 57.5 -14 19.5 8
5217370 57.5 -14 20 8
5217371 57.5 -14 20.5 8
5217372 57.5 -14 21 8
5217416 57.5 -13.5 19.5 8
5217417 57.5 -13.5 20 8
5217418 57.5 -13.5 20.5 8
5217419 57.5 -13.5 21 8
5232644 58 -17 19.5 8
5232645 58 -17 20 8
5232646 58 -17 20.5 8
5232647 58 -17 21 8
5232691 58 -16.5 19.5 8
5232692 58 -16.5 20 8
5232693 58 -16.5 20.5 8
5232694 58 -16.5 21 8
5232738 58 -16 19.5 8
5232739 58 -16 20 8
5232740 58 -16 20.5 8
5232741 58 -16 21 8
5232785 58 -15.5 19.5 8
5232786 58 -15.5 20 8
5232787 58 -15.5 20.5 8
5232788 58 -15.5 21 8
5232832 58 -15 19.5 8
5232833 58 -15 20 8
5232834 58 -15 20.5 8
5232835 58 -15 21 8
5232879 58 -14.5 19.5 8
5232880 58 -14.5 20 8
5232881 58 -14.5 20.5 8
5232882 58 -14.5 21 8
5232926 58 -14 19.5 8
5232927 58 -14 20 8
5232928 58 -14 20.5 8
5232929 58 -14 21 8
5248154 58.5 -17.5 19.5 8
5248155 58.5 -17.5 20 8
5248156 58.5 -17.5 20.5 8
5248157 58.5 -17.5 21 8
5248201 58.5 -17 19.5 8
5248202 58.5 -17 20 8
5248203 58.5 -17 20.5 8
5248204 58.5 -17 21 8
5248248 58.5 -16.5 19.5 8
5248249 58.5 -16.5 20 8
5248250 58.5 -16.5 20.5 8
5248251 58.5 -16.5 21 8
5248295 58.5 -16 19.5 8
5248296 58.5 -16 20 8
5248297 58.5 -16 20.5 8
5248298 58.5 -16 21 8
5248342 58.5 -15.5 19.5 8
5248343 58.5 -15.5 20 8
5248344 58.5 -15.5 20.5 8
5248345 58.5 -15.5 21 8
5248389 58.5 -15 19.5 8
5248390 58.5 -15 20 8
5248391 58.5 -15 20.5 8
5248392 58.5 -15 21 8
5263664 59 -18 19.5 8
5263665 59 -18 20 8
5263666 59 -18 20.5 8
5263667 59 -18 21 8
5263711 59 -17.5 19.5 8
5263712 59 -17.5 20 8
5263713 59 -17.5 20.5 8
5263714 59 -17.5 21 8
5263758 59 -17 19.5 8
5263759 59 -17 20 8
5263760 59 -17 20.5 8
5263761 59 -17 21 8
5263805 59 -16.5 19.5 8
5263806 59 -16.5 20 8
5263807 59 -16.5 20.5 8
5263808 59 -16.5 21 8
5263852 59 -16 19.5 8
5263853 59 -16 20 8
5263854 59 -16 20.5 8
5263855 59 -16 21 8
5263899 59 -15.5 19.5 8
5263900 59 -15.5 20 8
5263901 59 -15.5 20.5 8
5263902 59 -15.5 21 8
5279221 59.5 -18 19.5 8
5279222 59.5 -18 20 8
5279223 59.5 -18 20.5 8
5279224 59.5 -18 21 8
5279268 59.5 -17.5 19.5 8
5279269 59.5 -17.5 20 8
5279270 59.5 -17.5 20.5 8
5279271 59.5 -17.5 21 8
5279315 59.5 -17 19.5 8
5279316 59.5 -17 20 8
5279317 59.5 -17 20.5 8
5279318 59.5 -17 21 8
5279362 59.5 -16.5 19.5 8
5279363 59.5 -16.5 20 8
5279364 59.5 -16.5 20.5 8
5279365 59.5 -16.5 21 8
5294778 60 -18 19.5 8
5294779 60 -18 20 8
5294780 60 -18 20.5 8
5294781 60 -18 21 8
5294825 60 -17.5 19.5 8
5294826 60 -17.5 20 8
5294827 60 -17.5 20.5 8
5294828 60 -17.5 21 8
5310335 60.5 -18 19.5 8
5310336 60.5 -18 20 8
5310337 60.5 -18 20.5 8
5310338 60.5 -18 21 8
