2717250 -23 34.5 19 8
2717251 -23 34.5 19.5 8
2717252 -23 34.5 20 8
2717253 -23 34.5 20.5 8
2717254 -23 34.5 21 8
2732713 -22.5 33.5 19 8
2732714 -22.5 33.5 19.5 8
2732715 -22.5 33.5 20 8
2732716 -22.5 33.5 20.5 8
2732717 -22.5 33.5 21 8
2732760 -22.5 34 19 8
2732761 -22.5 34 19.5 8
2732762 -22.5 34 20 8
2732763 -22.5 34 20.5 8
2732764 -22.5 34 21 8
2732807 -22.5 34.5 19 8
2732808 -22.5 34.5 19.5 8
2732809 -22.5 34.5 20 8
2732810 -22.5 34.5 20.5 8
2732811 -22.5 34.5 21 8
2748176 -22 32.5 19 8
2748177 -22 32.5 19.5 8
2748178 -22 32.5 20 8
2748179 -22 32.5 20.5 8
2748180 -22 32.5 21 8
2748223 -22 33 19 8
2748224 -22 33 19.5 8
2748225 -22 33 20 8
2748226 -22 33 20.5 8
2748227 -22 33 21 8
2748270 -22 33.5 19 8
2748271 -22 33.5 19.5 8
2748272 -22 33.5 20 8
2748273 -22 33.5 20.5 8
2748274 -22 33.5 21 8
2748317 -22 34 19 8
2748318 -22 34 19.5 8
2748319 -22 34 20 8
2748320 -22 34 20.5 8
2748321 -22 34 21 8
2748364 -22 34.5 19 8
2748365 -22 34.5 19.5 8
2748366 -22 34.5 20 8
2748367 -22 34.5 20.5 8
2748368 -22 34.5 21 8
2763686 -21.5 32 19 8
2763687 -21.5 32 19.5 8
2763688 -21.5 32 20 8
2763689 -21.5 32 20.5 8
2763690 -21.5 32 21 8
2763733 -21.5 32.5 19 8
2763734 -21.5 32.5 19.5 8
2763735 -21.5 32.5 20 8
2763736 -21.5 32.5 20.5 8
2763737 -21.5 32.5 21 8
2763780 -21.5 33 19 8
2763781 -21.5 33 19.5 8
2763782 -21.5 33 20 8
2763783 -21.5 33 20.5 8
2763784 -21.5 33 21 8
2763827 -21.5 33.5 19 8
2763828 -21.5 33.5 19.5 8
2763829 -21.5 33.5 20 8
2763830 -21.5 33.5 20.5 8
2763831 -21.5 33.5 21 8
2763874 -21.5 34 19 8
2763875 -21.5 34 19.5 8
2763876 -21.5 34 20 8
2763877 -21.5 34 20.5 8
2763878 -21.5 34 21 8
2763921 -21.5 34.5 19 8
2763922 -21.5 34.5 19.5 8
2763923 -21.5 34.5 20 8
2763924 -21.5 34.5 20.5 8
2763925 -21.5 34.5 21 8
2779149 -21 31 19 8
2779150 -21 31 19.5 8
2779151 -21 31 20 8
2779152 -21 31 20.5 8
2779153 -21 31 21 8
2779196 -21 31.5 19 8
2779197 -21 31.5 19.5 8
2779198 -21 31.5 20 8
2779199 -21 31.5 20.5 8
2779200 -21 31.5 21 8
2779243 -21 32 19 8
2779244 -21 32 19.5 8
2779245 -21 32 20 8
2779246 -21 32 20.5 8
2779247 -21 32 21 8
2779290 -21 32.5 19 8
2779291 -21 32.5 19.5 8
2779292 -21 32.5 20 8
2779293 -21 32.5 20.5 8
2779294 -21 32.5 21 8
2779337 -21 33 19 8
2779338 -21 33 19.5 8
2779339 -21 33 20 8
2779340 -21 33 20.5 8
2779341 -21 33 21 8
2779384 -21 33.5 19 8
2779385 -21 33.5 19.5 8
2779386 -21 33.5 20 8
2779387 -21 33.5 20.5 8
2779388 -21 33.5 21 8
2779431 -21 34 19 8
2779432 -21 34 19.5 8
2779433 -21 34 20 8
2779434 -21 34 20.5 8
2779435 -21 34 21 8
2794659 -20.5 30.5 19 8
2794660 -20.5 30.5 19.5 8
2794661 -20.5 30.5 20 8
2794662 -20.5 30.5 20.5 8
2794663 -20.5 30.5 21 8
2794706 -20.5 31 19 8
2794707 -20.5 31 19.5 8
2794708 -20.5 31 20 8
2794709 -20.5 31 20.5 8
2794710 -20.5 31 21 8
2794753 -20.5 31.5 19 8
2794754 -20.5 31.5 19.5 8
2794755 -20.5 31.5 20 8
2794756 -20.5 31.5 20.5 8
2794757 -20.5 31.5 21 8
2794800 -20.5 32 19 8
2794801 -20.5 32 19.5 8
2794802 -20.5 32 20 8
2794803 -20.5 32 20.5 8
2794804 -20.5 32 21 8
2794847 -20.5 32.5 19 8
2794848 -20.5 32.5 19.5 8
2794849 -20.5 32.5 20 8
2794850 -20.5 32.5 20.5 8
2794851 -20.5 32.5 21 8
2794894 -20.5 33 19 8
2794895 -20.5 33 19.5 8
2794896 -20.5 33 20 8
2794897 -20.5 33 20.5 8
2794898 -20.5 33 21 8
2810122 -20 29.5 19 8
2810123 -20 29.5 19.5 8
2810124 -20 29.5 20 8
2810125 -20 29.5 20.5 8
2810126 -20 29.5 21 8
2810169 -20 30 19 8
2810170 -20 30 19.5 8
2810171 -20 30 20 8
2810172 -20 30 20.5 8
2810173 -20 30 21 8
2810216 -20 30.5 19 8
2810217 -20 30.5 19.5 8
2810218 -20 30.5 20 8
2810219 -20 30.5 20.5 8
2810220 -20 30.5 21 8
2810263 -20 31 19 8
2810264 -20 31 19.5 8
2810265 -20 31 20 8
2810266 -20 31 20.5 8
2810267 -20 31 21 8
2810310 -20 31.5 19 8
2810311 -20 31.5 19.5 8
2810312 -20 31.5 20 8
2810313 -20 31.5 20.5 8
2810314 -20 31.5 21 8
2810357 -20 32 19 8
2810358 -20 32 19.5 8
2810359 -20 32 20 8
2810360 -20 32 20.5 8
2810361 -20 32 21 8
2825632 -19.5 29 19 8
2825633 -19.5 29 19.5 8
2825634 -19.5 29 20 8
2825635 -19.5 29 20.5 8
2825636 -19.5 29 21 8
2825679 -19.5 29.5 19 8
2825680 -19.5 29.5 19.5 8
2825681 -19.5 29.5 20 8
2825682 -19.5 29.5 20.5 8
2825683 -19.5 29.5 21 8
2825726 -19.5 30 19 8
2825727 -19.5 30 19.5 8
2825728 -19.5 30 20 8
2825729 -19.5 30 20.5 8
2825730 -19.5 30 21 8
2825773 -19.5 30.5 19 8
2825774 -19.5 30.5 19.5 8
2825775 -19.5 30.5 20 8
2825776 -19.5 30.5 20.5 8
2825777 -19.5 30.5 21 8
2825820 -19.5 31 19 8
2825821 -19.5 31 19.5 8
2825822 -19.5 31 20 8
2825823 -19.5 31 20.5 8
2825824 -19.5 31 21 8
2825867 -19.5 31.5 19 8
2825868 -19.5 31.5 19.5 8
2825869 -19.5 31.5 20 8
2825870 -19.5 31.5 20.5 8
2825871 -19.5 31.5 21 8
2841095 -19 28 19 8
2841096 -19 28 19.5 8
2841097 -19 28 20 8
2841098 -19 28 20.5 8
2841099 -19 28 21 8
2841142 -19 28.5 19 8
2841143 -19 28.5 19.5 8
2841144 -19 28.5 20 8
2841145 -19 28.5 20.5 8
2841146 -19 28.5 21 8
2841189 -19 29 19 8
2841190 -19 29 19.5 8
2841191 -19 29 20 8
2841192 -19 29 20.5 8
2841193 -19 29 21 8
2841236 -19 29.5 19 8
2841237 -19 29.5 19.5 8
2841238 -19 29.5 20 8
2841239 -19 29.5 20.5 8
2841240 -19 29.5 21 8
2841283 -19 30 19 8
2841284 -19 30 19.5 8
2841285 -19 30 20 8
2841286 -19 30 20.5 8
2841287 -19 30 21 8
2841330 -19 30.5 19 8
2841331 -19 30.5 19.5 8
2841332 -19 30.5 20 8
2841333 -19 30.5 20.5 8
2841334 -19 30.5 21 8
2856605 -18.5 27.5 19 8
2856606 -18.5 27.5 19.5 8
2856607 -18.5 27.5 20 8
2856608 -18.5 27.5 20.5 8
2856609 -18.5 27.5 21 8
2856652 -18.5 28 19 8
2856653 -18.5 28 19.5 8
2856654 -18.5 28 20 8
2856655 -18.5 28 20.5 8
2856656 -18.5 28 21 8
2856699 -18.5 28.5 19 8
2856700 -18.5 28.5 19.5 8
2856701 -18.5 28.5 20 8
2856702 -18.5 28.5 20.5 8
2856703 -18.5 28.5 21 8
2856746 -18.5 29 19 8
2856747 -18.5 29 19.5 8
2856748 -18.5 29 20 8
2856749 -18.5 29 20.5 8
2856750 -18.5 29 21 8
2856793 -18.5 29.5 19 8
2856794 -18.5 29.5 19.5 8
2856795 -18.5 29.5 20 8
2856796 -18.5 29.5 20.5 8
2856797 -18.5 29.5 21 8
2856840 -18.5 30 19 8
2856841 -18.5 30 19.5 8
2856842 -18.5 30 20 8
2856843 -18.5 30 20.5 8
2856844 -18.5 30 21 8
2872068 -18 26.5 19 8
2872069 -18 26.5 19.5 8
2872070 -18 26.5 20 8
2872071 -18 26.5 20.5 8
2872072 -18 26.5 21 8
2872115 -18 27 19 8
2872116 -18 27 19.5 8
2872117 -18 27 20 8
2872118 -18 27 20.5 8
2872119 -18 27 21 8
2872162 -18 27.5 19 8
2872163 -18 27.5 19.5 8
2872164 -18 27.5 20 8
2872165 -18 27.5 20.5 8
2872166 -18 27.5 21 8
2872209 -18 28 19 8
2872210 -18 28 19.5 8
2872211 -18 28 20 8
2872212 -18 28 20.5 8
2872213 -18 28 21 8
2872256 -18 28.5 19 8
2872257 -18 28.5 19.5 8
2872258 -18 28.5 20 8
2872259 -18 28.5 20.5 8
2872260 -18 28.5 21 8
2872303 -18 29 19 8
2872304 -18 29 19.5 8
2872305 -18 29 20 8
2872306 -18 29 20.5 8
2872307 -18 29 21 8
2887578 -17.5 26 19 8
2887579 -17.5 26 19.5 8
2887580 -17.5 26 20 8
2887581 -17.5 26 20.5 8
2887582 -17.5 26 21 8
2887625 -17.5 26.5 19 8
2887626 -17.5 26.5 19.5 8
2887627 -17.5 26.5 20 8
2887628 -17.5 26.5 20.5 8
2887629 -17.5 26.5 21 8
2887672 -17.5 27 19 8
2887673 -17.5 27 19.5 8
2887674 -17.5 27 20 8
2887675 -17.5 27 20.5 8
2887676 -17.5 27 21 8
2887719 -17.5 27.5 19 8
2887720 -17.5 27.5 19.5 8
2887721 -17.5 27.5 20 8
2887722 -17.5 27.5 20.5 8
2887723 -17.5 27.5 21 8
2887766 -17.5 28 19 8
2887767 -17.5 28 19.5 8
2887768 -17.5 28 20 8
2887769 -17.5 28 20.5 8
2887770 -17.5 28 21 8
2887813 -17.5 28.5 19 8
2887814 -17.5 28.5 19.5 8
2887815 -17.5 28.5 20 8
2887816 -17.5 28.5 20.5 8
2887817 -17.5 28.5 21 8
2903041 -17 25 19 8
2903042 -17 25 19.5 8
2903043 -17 25 20 8
2903044 -17 25 20.5 8
2903045 -17 25 21 8
2903088 -17 25.5 19 8
2903089 -17 25.5 19.5 8
2903090 -17 25.5 20 8
2903091 -17 25.5 20.5 8
2903092 -17 25.5 21 8
2903135 -17 26 19 8
2903136 -17 26 19.5 8
2903137 -17 26 20 8
2903138 -17 26 20.5 8
2903139 -17 26 21 8
2903182 -17 26.5 19 8
2903183 -17 26.5 19.5 8
2903184 -17 26.5 20 8
2903185 -17 26.5 20.5 8
2903186 -17 26.5 21 8
2903229 -17 27 19 8
2903230 -17 27 19.5 8
2903231 -17 27 20 8
2903232 -17 27 20.5 8
2903233 -17 27 21 8
2903276 -17 27.5 19 8
2903277 -17 27.5 19.5 8
2903278 -17 27.5 20 8
2903279 -17 27.5 20.5 8
2903280 -17 27.5 21 8
2918504 -16.5 24 19 8
2918505 -16.5 24 19.5 8
2918506 -16.5 24 20 8
2918507 -16.5 24 20.5 8
2918508 -16.5 24 21 8
2918551 -16.5 24.5 19 8
2918552 -16.5 24.5 19.5 8
2918553 -16.5 24.5 20 8
2918554 -16.5 24.5 20.5 8
2918555 -16.5 24.5 21 8
2918598 -16.5 25 19 8
2918599 -16.5 25 19.5 8
2918600 -16.5 25 20 8
2918601 -16.5 25 20.5 8
2918602 -16.5 25 21 8
2918645 -16.5 25.5 19 8
2918646 -16.5 25.5 19.5 8
2918647 -16.5 25.5 20 8
2918648 -16.5 25.5 20.5 8
2918649 -16.5 25.5 21 8
2918692 -16.5 26 19 8
2918693 -16.5 26 19.5 8
2918694 -16.5 26 20 8
2918695 -16.5 26 20.5 8
2918696 -16.5 26 21 8
2918739 -16.5 26.5 19 8
2918740 -16.5 26.5 19.5 8
2918741 -16.5 26.5 20 8
2918742 -16.5 26.5 20.5 8
2918743 -16.5 26.5 21 8
2918786 -16.5 27 19 8
2918787 -16.5 27 19.5 8
2918788 -16.5 27 20 8
2918789 -16.5 27 20.5 8
2918790 -16.5 27 21 8
2934014 -16 23.5 19 8
2934015 -16 23.5 19.5 8
2934016 -16 23.5 20 8
2934017 -16 23.5 20.5 8
2934018 -16 23.5 21 8
2934061 -16 24 19 8
2934062 -16 24 19.5 8
2934063 -16 24 20 8
2934064 -16 24 20.5 8
2934065 -16 24 21 8
2934108 -16 24.5 19 8
2934109 -16 24.5 19.5 8
2934110 -16 24.5 20 8
2934111 -16 24.5 20.5 8
2934112 -16 24.5 21 8
2934155 -16 25 19 8
2934156 -16 25 19.5 8
2934157 -16 25 20 8
2934158 -16 25 20.5 8
2934159 -16 25 21 8
2934202 -16 25.5 19 8
2934203 -16 25.5 19.5 8
2934204 -16 25.5 20 8
2934205 -16 25.5 20.5 8
2934206 -16 25.5 21 8
2934249 -16 26 19 8
2934250 -16 26 19.5 8
2934251 -16 26 20 8
2934252 -16 26 20.5 8
2934253 -16 26 21 8
2949477 -15.5 22.5 19 8
2949478 -15.5 22.5 19.5 8
2949479 -15.5 22.5 20 8
2949480 -15.5 22.5 20.5 8
2949481 -15.5 22.5 21 8
2949524 -15.5 23 19 8
2949525 -15.5 23 19.5 8
2949526 -15.5 23 20 8
2949527 -15.5 23 20.5 8
2949528 -15.5 23 21 8
2949571 -15.5 23.5 19 8
2949572 -15.5 23.5 19.5 8
2949573 -15.5 23.5 20 8
2949574 -15.5 23.5 20.5 8
2949575 -15.5 23.5 21 8
2949618 -15.5 24 19 8
2949619 -15.5 24 19.5 8
2949620 -15.5 24 20 8
2949621 -15.5 24 20.5 8
2949622 -15.5 24 21 8
2949665 -15.5 24.5 19 8
2949666 -15.5 24.5 19.5 8
2949667 -15.5 24.5 20 8
2949668 -15.5 24.5 20.5 8
2949669 -15.5 24.5 21 8
2949712 -15.5 25 19 8
2949713 -15.5 25 19.5 8
2949714 -15.5 25 20 8
2949715 -15.5 25 20.5 8
2949716 -15.5 25 21 8
2949759 -15.5 25.5 19 8
2949760 -15.5 25.5 19.5 8
2949761 -15.5 25.5 20 8
2949762 -15.5 25.5 20.5 8
2949763 -15.5 25.5 21 8
2964987 -15 22 19 8
2964988 -15 22 19.5 8
2964989 -15 22 20 8
2964990 -15 22 20.5 8
2964991 -15 22 21 8
2965034 -15 22.5 19 8
2965035 -15 22.5 19.5 8
2965036 -15 22.5 20 8
2965037 -15 22.5 20.5 8
2965038 -15 22.5 21 8
2965081 -15 23 19 8
2965082 -15 23 19.5 8
2965083 -15 23 20 8
2965084 -15 23 20.5 8
2965085 -15 23 21 8
2965128 -15 23.5 19 8
2965129 -15 23.5 19.5 8
2965130 -15 23.5 20 8
2965131 -15 23.5 20.5 8
2965132 -15 23.5 21 8
2965175 -15 24 19 8
2965176 -15 24 19.5 8
2965177 -15 24 20 8
2965178 -15 24 20.5 8
2965179 -15 24 21 8
2965222 -15 24.5 19 8
2965223 -15 24.5 19.5 8
2965224 -15 24.5 20 8
2965225 -15 24.5 20.5 8
2965226 -15 24.5 21 8
2980450 -14.5 21 19 8
2980451 -14.5 21 19.5 8
2980452 -14.5 21 20 8
2980453 -14.5 21 20.5 8
2980454 -14.5 21 21 8
2980497 -14.5 21.5 19 8
2980498 -14.5 21.5 19.5 8
2980499 -14.5 21.5 20 8
2980500 -14.5 21.5 20.5 8
2980501 -14.5 21.5 21 8
2980544 -14.5 22 19 8
2980545 -14.5 22 19.5 8
2980546 -14.5 22 20 8
2980547 -14.5 22 20.5 8
2980548 -14.5 22 21 8
2980591 -14.5 22.5 19 8
2980592 -14.5 22.5 19.5 8
2980593 -14.5 22.5 20 8
2980594 -14.5 22.5 20.5 8
2980595 -14.5 22.5 21 8
2980638 -14.5 23 19 8
2980639 -14.5 23 19.5 8
2980640 -14.5 23 20 8
2980641 -14.5 23 20.5 8
2980642 -14.5 23 21 8
2980685 -14.5 23.5 19 8
2980686 -14.5 23.5 19.5 8
2980687 -14.5 23.5 20 8
2980688 -14.5 23.5 20.5 8
2980689 -14.5 23.5 21 8
2995960 -14 20.5 19 8
2995961 -14 20.5 19.5 8
2995962 -14 20.5 20 8
2995963 -14 20.5 20.5 8
2995964 -14 20.5 21 8
2996007 -14 21 19 8
2996008 -14 21 19.5 8
2996009 -14 21 20 8
2996010 -14 21 20.5 8
2996011 -14 21 21 8
2996054 -14 21.5 19 8
2996055 -14 21.5 19.5 8
2996056 -14 21.5 20 8
2996057 -14 21.5 20.5 8
2996058 -14 21.5 21 8
2996101 -14 22 19 8
2996102 -14 22 19.5 8
2996103 -14 22 20 8
2996104 -14 22 20.5 8
2996105 -14 22 21 8
2996148 -14 22.5 19 8
2996149 -14 22.5 19.5 8
2996150 -14 22.5 20 8
2996151 -14 22.5 20.5 8
2996152 -14 22.5 21 8
2996195 -14 23 19 8
2996196 -14 23 19.5 8
2996197 -14 23 20 8
2996198 -14 23 20.5 8
2996199 -14 23 21 8
3011423 -13.5 19.5 19 8
3011424 -13.5 19.5 19.5 8
3011425 -13.5 19.5 20 8
3011426 -13.5 19.5 20.5 8
3011427 -13.5 19.5 21 8
3011470 -13.5 20 19 8
3011471 -13.5 20 19.5 8
3011472 -13.5 20 20 8
3011473 -13.5 20 20.5 8
3011474 -13.5 20 21 8
3011517 -13.5 20.5 19 8
3011518 -13.5 20.5 19.5 8
3011519 -13.5 20.5 20 8
3011520 -13.5 20.5 20.5 8
3011521 -13.5 20.5 21 8
3011564 -13.5 21 19 8
3011565 -13.5 21 19.5 8
3011566 -13.5 21 20 8
3011567 -13.5 21 20.5 8
3011568 -13.5 21 21 8
3011611 -13.5 21.5 19 8
3011612 -13.5 21.5 19.5 8
3011613 -13.5 21.5 20 8
3011614 -13.5 21.5 20.5 8
3011615 -13.5 21.5 21 8
3011658 -13.5 22 19 8
3011659 -13.5 22 19.5 8
3011660 -13.5 22 20 8
3011661 -13.5 22 20.5 8
3011662 -13.5 22 21 8
3026933 -13 19 19 8
3026934 -13 19 19.5 8
3026935 -13 19 20 8
3026936 -13 19 20.5 8
3026937 -13 19 21 8
3026980 -13 19.5 19 8
3026981 -13 19.5 19.5 8
3026982 -13 19.5 20 8
3026983 -13 19.5 20.5 8
3026984 -13 19.5 21 8
3027027 -13 20 19 8
3027028 -13 20 19.5 8
3027029 -13 20 20 8
3027030 -13 20 20.5 8
3027031 -13 20 21 8
3027074 -13 20.5 19 8
3027075 -13 20.5 19.5 8
3027076 -13 20.5 20 8
3027077 -13 20.5 20.5 8
3027078 -13 20.5 21 8
3027121 -13 21 19 8
3027122 -13 21 19.5 8
3027123 -13 21 20 8
3027124 -13 21 20.5 8
3027125 -13 21 21 8
3027168 -13 21.5 19 8
3027169 -13 21.5 19.5 8
3027170 -13 21.5 20 8
3027171 -13 21.5 20.5 8
3027172 -13 21.5 21 8
3042396 -12.5 18 19 8
3042397 -12.5 18 19.5 8
3042398 -12.5 18 20 8
3042399 -12.5 18 20.5 8
3042400 -12.5 18 21 8
3042443 -12.5 18.5 19 8
3042444 -12.5 18.5 19.5 8
3042445 -12.5 18.5 20 8
3042446 -12.5 18.5 20.5 8
3042447 -12.5 18.5 21 8
3042490 -12.5 19 19 8
3042491 -12.5 19 19.5 8
3042492 -12.5 19 20 8
3042493 -12.5 19 20.5 8
3042494 -12.5 19 21 8
3042537 -12.5 19.5 19 8
3042538 -12.5 19.5 19.5 8
3042539 -12.5 19.5 20 8
3042540 -12.5 19.5 20.5 8
3042541 -12.5 19.5 21 8
3042584 -12.5 20 19 8
3042585 -12.5 20 19.5 8
3042586 -12.5 20 20 8
3042587 -12.5 20 20.5 8
3042588 -12.5 20 21 8
3042631 -12.5 20.5 19 8
3042632 -12.5 20.5 19.5 8
3042633 -12.5 20.5 20 8
3042634 -12.5 20.5 20.5 8
3042635 -12.5 20.5 21 8
3057906 -12 17.5 19 8
3057907 -12 17.5 19.5 8
3057908 -12 17.5 20 8
3057909 -12 17.5 20.5 8
3057910 -12 17.5 21 8
3057953 -12 18 19 8
3057954 -12 18 19.5 8
3057955 -12 18 20 8
3057956 -12 18 20.5 8
3057957 -12 18 21 8
3058000 -12 18.5 19 8
3058001 -12 18.5 19.5 8
3058002 -12 18.5 20 8
3058003 -12 18.5 20.5 8
3058004 -12 18.5 21 8
3058047 -12 19 19 8
3058048 -12 19 19.5 8
3058049 -12 19 20 8
3058050 -12 19 20.5 8
3058051 -12 19 21 8
3058094 -12 19.5 19 8
3058095 -12 19.5 19.5 8
3058096 -12 19.5 20 8
3058097 -12 19.5 20.5 8
3058098 -12 19.5 21 8
3058141 -12 20 19 8
3058142 -12 20 19.5 8
3058143 -12 20 20 8
3058144 -12 20 20.5 8
3058145 -12 20 21 8
3073369 -11.5 16.5 19 8
3073370 -11.5 16.5 19.5 8
3073371 -11.5 16.5 20 8
3073372 -11.5 16.5 20.5 8
3073373 -11.5 16.5 21 8
3073416 -11.5 17 19 8
3073417 -11.5 17 19.5 8
3073418 -11.5 17 20 8
3073419 -11.5 17 20.5 8
3073420 -11.5 17 21 8
3073463 -11.5 17.5 19 8
3073464 -11.5 17.5 19.5 8
3073465 -11.5 17.5 20 8
3073466 -11.5 17.5 20.5 8
3073467 -11.5 17.5 21 8
3073510 -11.5 18 19 8
3073511 -11.5 18 19.5 8
3073512 -11.5 18 20 8
3073513 -11.5 18 20.5 8
3073514 -11.5 18 21 8
3073557 -11.5 18.5 19 8
3073558 -11.5 18.5 19.5 8
3073559 -11.5 18.5 20 8
3073560 -11.5 18.5 20.5 8
3073561 -11.5 18.5 21 8
3073604 -11.5 19 19 8
3073605 -11.5 19 19.5 8
3073606 -11.5 19 20 8
3073607 -11.5 19 20.5 8
3073608 -11.5 19 21 8
3088832 -11 15.5 19 8
3088833 -11 15.5 19.5 8
3088834 -11 15.5 20 8
3088835 -11 15.5 20.5 8
3088836 -11 15.5 21 8
3088879 -11 16 19 8
3088880 -11 16 19.5 8
3088881 -11 16 20 8
3088882 -11 16 20.5 8
3088883 -11 16 21 8
3088926 -11 16.5 19 8
3088927 -11 16.5 19.5 8
3088928 -11 16.5 20 8
3088929 -11 16.5 20.5 8
3088930 -11 16.5 21 8
3088973 -11 17 19 8
3088974 -11 17 19.5 8
3088975 -11 17 20 8
3088976 -11 17 20.5 8
3088977 -11 17 21 8
3089020 -11 17.5 19 8
3089021 -11 17.5 19.5 8
3089022 -11 17.5 20 8
3089023 -11 17.5 20.5 8
3089024 -11 17.5 21 8
3089067 -11 18 19 8
3089068 -11 18 19.5 8
3089069 -11 18 20 8
3089070 -11 18 20.5 8
3089071 -11 18 21 8
3089114 -11 18.5 19 8
3089115 -11 18.5 19.5 8
3089116 -11 18.5 20 8
3089117 -11 18.5 20.5 8
3089118 -11 18.5 21 8
3104342 -10.5 15 19 8
3104343 -10.5 15 19.5 8
3104344 -10.5 15 20 8
3104345 -10.5 15 20.5 8
3104346 -10.5 15 21 8
3104389 -10.5 15.5 19 8
3104390 -10.5 15.5 19.5 8
3104391 -10.5 15.5 20 8
3104392 -10.5 15.5 20.5 8
3104393 -10.5 15.5 21 8
3104436 -10.5 16 19 8
3104437 -10.5 16 19.5 8
3104438 -10.5 16 20 8
3104439 -10.5 16 20.5 8
3104440 -10.5 16 21 8
3104483 -10.5 16.5 19 8
3104484 -10.5 16.5 19.5 8
3104485 -10.5 16.5 20 8
3104486 -10.5 16.5 20.5 8
3104487 -10.5 16.5 21 8
3104530 -10.5 17 19 8
3104531 -10.5 17 19.5 8
3104532 -10.5 17 20 8
3104533 -10.5 17 20.5 8
3104534 -10.5 17 21 8
3104577 -10.5 17.5 19 8
3104578 -10.5 17.5 19.5 8
3104579 -10.5 17.5 20 8
3104580 -10.5 17.5 20.5 8
3104581 -10.5 17.5 21 8
3119805 -10 14 19 8
3119806 -10 14 19.5 8
3119807 -10 14 20 8
3119808 -10 14 20.5 8
3119809 -10 14 21 8
3119852 -10 14.5 19 8
3119853 -10 14.5 19.5 8
3119854 -10 14.5 20 8
3119855 -10 14.5 20.5 8
3119856 -10 14.5 21 8
3119899 -10 15 19 8
3119900 -10 15 19.5 8
3119901 -10 15 20 8
3119902 -10 15 20.5 8
3119903 -10 15 21 8
3119946 -10 15.5 19 8
3119947 -10 15.5 19.5 8
3119948 -10 15.5 20 8
3119949 -10 15.5 20.5 8
3119950 -10 15.5 21 8
3119993 -10 16 19 8
3119994 -10 16 19.5 8
3119995 -10 16 20 8
3119996 -10 16 20.5 8
3119997 -10 16 21 8
3120040 -10 16.5 19 8
3120041 -10 16.5 19.5 8
3120042 -10 16.5 20 8
3120043 -10 16.5 20.5 8
3120044 -10 16.5 21 8
3120087 -10 17 19 8
3120088 -10 17 19.5 8
3120089 -10 17 20 8
3120090 -10 17 20.5 8
3120091 -10 17 21 8
3135315 -9.5 13.5 19 8
3135316 -9.5 13.5 19.5 8
3135317 -9.5 13.5 20 8
3135318 -9.5 13.5 20.5 8
3135319 -9.5 13.5 21 8
3135362 -9.5 14 19 8
3135363 -9.5 14 19.5 8
3135364 -9.5 14 20 8
3135365 -9.5 14 20.5 8
3135366 -9.5 14 21 8
3135409 -9.5 14.5 19 8
3135410 -9.5 14.5 19.5 8
3135411 -9.5 14.5 20 8
3135412 -9.5 14.5 20.5 8
3135413 -9.5 14.5 21 8
3135456 -9.5 15 19 8
3135457 -9.5 15 19.5 8
3135458 -9.5 15 20 8
3135459 -9.5 15 20.5 8
3135460 -9.5 15 21 8
3135503 -9.5 15.5 19 8
3135504 -9.5 15.5 19.5 8
3135505 -9.5 15.5 20 8
3135506 -9.5 15.5 20.5 8
3135507 -9.5 15.5 21 8
3135550 -9.5 16 19 8
3135551 -9.5 16 19.5 8
3135552 -9.5 16 20 8
3135553 -9.5 16 20.5 8
3135554 -9.5 16 21 8
3150778 -9 12.5 19 8
3150779 -9 12.5 19.5 8
3150780 -9 12.5 20 8
3150781 -9 12.5 20.5 8
3150782 -9 12.5 21 8
3150825 -9 13 19 8
3150826 -9 13 19.5 8
3150827 -9 13 20 8
3150828 -9 13 20.5 8
3150829 -9 13 21 8
3150872 -9 13.5 19 8
3150873 -9 13.5 19.5 8
3150874 -9 13.5 20 8
3150875 -9 13.5 20.5 8
3150876 -9 13.5 21 8
3150919 -9 14 19 8
3150920 -9 14 19.5 8
3150921 -9 14 20 8
3150922 -9 14 20.5 8
3150923 -9 14 21 8
3150966 -9 14.5 19 8
3150967 -9 14.5 19.5 8
3150968 -9 14.5 20 8
3150969 -9 14.5 20.5 8
3150970 -9 14.5 21 8
3151013 -9 15 19 8
3151014 -9 15 19.5 8
3151015 -9 15 20 8
3151016 -9 15 20.5 8
3151017 -9 15 21 8
3166288 -8.5 12 19 8
3166289 -8.5 12 19.5 8
3166290 -8.5 12 20 8
3166291 -8.5 12 20.5 8
3166292 -8.5 12 21 8
3166335 -8.5 12.5 19 8
3166336 -8.5 12.5 19.5 8
3166337 -8.5 12.5 20 8
3166338 -8.5 12.5 20.5 8
3166339 -8.5 12.5 21 8
3166382 -8.5 13 19 8
3166383 -8.5 13 19.5 8
3166384 -8.5 13 20 8
3166385 -8.5 13 20.5 8
3166386 -8.5 13 21 8
3166429 -8.5 13.5 19 8
3166430 -8.5 13.5 19.5 8
3166431 -8.5 13.5 20 8
3166432 -8.5 13.5 20.5 8
3166433 -8.5 13.5 21 8
3166476 -8.5 14 19 8
3166477 -8.5 14 19.5 8
3166478 -8.5 14 20 8
3166479 -8.5 14 20.5 8
3166480 -8.5 14 21 8
3166523 -8.5 14.5 19 8
3166524 -8.5 14.5 19.5 8
3166525 -8.5 14.5 20 8
3166526 -8.5 14.5 20.5 8
3166527 -8.5 14.5 21 8
3181751 -8 11 19 8
3181752 -8 11 19.5 8
3181753 -8 11 20 8
3181754 -8 11 20.5 8
3181755 -8 11 21 8
3181798 -8 11.5 19 8
3181799 -8 11.5 19.5 8
3181800 -8 11.5 20 8
3181801 -8 11.5 20.5 8
3181802 -8 11.5 21 8
3181845 -8 12 19 8
3181846 -8 12 19.5 8
3181847 -8 12 20 8
3181848 -8 12 20.5 8
3181849 -8 12 21 8
3181892 -8 12.5 19 8
3181893 -8 12.5 19.5 8
3181894 -8 12.5 20 8
3181895 -8 12.5 20.5 8
3181896 -8 12.5 21 8
3181939 -8 13 19 8
3181940 -8 13 19.5 8
3181941 -8 13 20 8
3181942 -8 13 20.5 8
3181943 -8 13 21 8
3181986 -8 13.5 19 8
3181987 -8 13.5 19.5 8
3181988 -8 13.5 20 8
3181989 -8 13.5 20.5 8
3181990 -8 13.5 21 8
3197261 -7.5 10.5 19 8
3197262 -7.5 10.5 19.5 8
3197263 -7.5 10.5 20 8
3197264 -7.5 10.5 20.5 8
3197265 -7.5 10.5 21 8
3197308 -7.5 11 19 8
3197309 -7.5 11 19.5 8
3197310 -7.5 11 20 8
3197311 -7.5 11 20.5 8
3197312 -7.5 11 21 8
3197355 -7.5 11.5 19 8
3197356 -7.5 11.5 19.5 8
3197357 -7.5 11.5 20 8
3197358 -7.5 11.5 20.5 8
3197359 -7.5 11.5 21 8
3197402 -7.5 12 19 8
3197403 -7.5 12 19.5 8
3197404 -7.5 12 20 8
3197405 -7.5 12 20.5 8
3197406 -7.5 12 21 8
3197449 -7.5 12.5 19 8
3197450 -7.5 12.5 19.5 8
3197451 -7.5 12.5 20 8
3197452 -7.5 12.5 20.5 8
3197453 -7.5 12.5 21 8
3197496 -7.5 13 19 8
3197497 -7.5 13 19.5 8
3197498 -7.5 13 20 8
3197499 -7.5 13 20.5 8
3197500 -7.5 13 21 8
3212724 -7 9.5 19 8
3212725 -7 9.5 19.5 8
3212726 -7 9.5 20 8
3212727 -7 9.5 20.5 8
3212728 -7 9.5 21 8
3212771 -7 10 19 8
3212772 -7 10 19.5 8
3212773 -7 10 20 8
3212774 -7 10 20.5 8
3212775 -7 10 21 8
3212818 -7 10.5 19 8
3212819 -7 10.5 19.5 8
3212820 -7 10.5 20 8
3212821 -7 10.5 20.5 8
3212822 -7 10.5 21 8
3212865 -7 11 19 8
3212866 -7 11 19.5 8
3212867 -7 11 20 8
3212868 -7 11 20.5 8
3212869 -7 11 21 8
3212912 -7 11.5 19 8
3212913 -7 11.5 19.5 8
3212914 -7 11.5 20 8
3212915 -7 11.5 20.5 8
3212916 -7 11.5 21 8
3212959 -7 12 19 8
3212960 -7 12 19.5 8
3212961 -7 12 20 8
3212962 -7 12 20.5 8
3212963 -7 12 21 8
3228234 -6.5 9 19 8
3228235 -6.5 9 19.5 8
3228236 -6.5 9 20 8
3228237 -6.5 9 20.5 8
3228238 -6.5 9 21 8
3228281 -6.5 9.5 19 8
3228282 -6.5 9.5 19.5 8
3228283 -6.5 9.5 20 8
3228284 -6.5 9.5 20.5 8
3228285 -6.5 9.5 21 8
3228328 -6.5 10 19 8
3228329 -6.5 10 19.5 8
3228330 -6.5 10 20 8
3228331 -6.5 10 20.5 8
3228332 -6.5 10 21 8
3228375 -6.5 10.5 19 8
3228376 -6.5 10.5 19.5 8
3228377 -6.5 10.5 20 8
3228378 -6.5 10.5 20.5 8
3228379 -6.5 10.5 21 8
3228422 -6.5 11 19 8
3228423 -6.5 11 19.5 8
3228424 -6.5 11 20 8
3228425 -6.5 11 20.5 8
3228426 -6.5 11 21 8
3228469 -6.5 11.5 19 8
3228470 -6.5 11.5 19.5 8
3228471 -6.5 11.5 20 8
3228472 -6.5 11.5 20.5 8
3228473 -6.5 11.5 21 8
3243697 -6 8 19 8
3243698 -6 8 19.5 8
3243699 -6 8 20 8
3243700 -6 8 20.5 8
3243701 -6 8 21 8
3243744 -6 8.5 19 8
3243745 -6 8.5 19.5 8
3243746 -6 8.5 20 8
3243747 -6 8.5 20.5 8
3243748 -6 8.5 21 8
3243791 -6 9 19 8
3243792 -6 9 19.5 8
3243793 -6 9 20 8
3243794 -6 9 20.5 8
3243795 -6 9 21 8
3243838 -6 9.5 19 8
3243839 -6 9.5 19.5 8
3243840 -6 9.5 20 8
3243841 -6 9.5 20.5 8
3243842 -6 9.5 21 8
3243885 -6 10 19 8
3243886 -6 10 19.5 8
3243887 -6 10 20 8
3243888 -6 10 20.5 8
3243889 -6 10 21 8
3243932 -6 10.5 19 8
3243933 -6 10.5 19.5 8
3243934 -6 10.5 20 8
3243935 -6 10.5 20.5 8
3243936 -6 10.5 21 8
3259160 -5.5 7 19 8
3259161 -5.5 7 19.5 8
3259162 -5.5 7 20 8
3259163 -5.5 7 20.5 8
3259164 -5.5 7 21 8
3259207 -5.5 7.5 19 8
3259208 -5.5 7.5 19.5 8
3259209 -5.5 7.5 20 8
3259210 -5.5 7.5 20.5 8
3259211 -5.5 7.5 21 8
3259254 -5.5 8 19 8
3259255 -5.5 8 19.5 8
3259256 -5.5 8 20 8
3259257 -5.5 8 20.5 8
3259258 -5.5 8 21 8
3259301 -5.5 8.5 19 8
3259302 -5.5 8.5 19.5 8
3259303 -5.5 8.5 20 8
3259304 -5.5 8.5 20.5 8
3259305 -5.5 8.5 21 8
3259348 -5.5 9 19 8
3259349 -5.5 9 19.5 8
3259350 -5.5 9 20 8
3259351 -5.5 9 20.5 8
3259352 -5.5 9 21 8
3259395 -5.5 9.5 19 8
3259396 -5.5 9.5 19.5 8
3259397 -5.5 9.5 20 8
3259398 -5.5 9.5 20.5 8
3259399 -5.5 9.5 21 8
3259442 -5.5 10 19 8
3259443 -5.5 10 19.5 8
3259444 -5.5 10 20 8
3259445 -5.5 10 20.5 8
3259446 -5.5 10 21 8
3274670 -5 6.5 19 8
3274671 -5 6.5 19.5 8
3274672 -5 6.5 20 8
3274673 -5 6.5 20.5 8
3274674 -5 6.5 21 8
3274717 -5 7 19 8
3274718 -5 7 19.5 8
3274719 -5 7 20 8
3274720 -5 7 20.5 8
3274721 -5 7 21 8
3274764 -5 7.5 19 8
3274765 -5 7.5 19.5 8
3274766 -5 7.5 20 8
3274767 -5 7.5 20.5 8
3274768 -5 7.5 21 8
3274811 -5 8 19 8
3274812 -5 8 19.5 8
3274813 -5 8 20 8
3274814 -5 8 20.5 8
3274815 -5 8 21 8
3274858 -5 8.5 19 8
3274859 -5 8.5 19.5 8
3274860 -5 8.5 20 8
3274861 -5 8.5 20.5 8
3274862 -5 8.5 21 8
3274905 -5 9 19 8
3274906 -5 9 19.5 8
3274907 -5 9 20 8
3274908 -5 9 20.5 8
3274909 -5 9 21 8
3290133 -4.5 5.5 19 8
3290134 -4.5 5.5 19.5 8
3290135 -4.5 5.5 20 8
3290136 -4.5 5.5 20.5 8
3290137 -4.5 5.5 21 8
3290180 -4.5 6 19 8
3290181 -4.5 6 19.5 8
3290182 -4.5 6 20 8
3290183 -4.5 6 20.5 8
3290184 -4.5 6 21 8
3290227 -4.5 6.5 19 8
3290228 -4.5 6.5 19.5 8
3290229 -4.5 6.5 20 8
3290230 -4.5 6.5 20.5 8
3290231 -4.5 6.5 21 8
3290274 -4.5 7 19 8
3290275 -4.5 7 19.5 8
3290276 -4.5 7 20 8
3290277 -4.5 7 20.5 8
3290278 -4.5 7 21 8
3290321 -4.5 7.5 19 8
3290322 -4.5 7.5 19.5 8
3290323 -4.5 7.5 20 8
3290324 -4.5 7.5 20.5 8
3290325 -4.5 7.5 21 8
3290368 -4.5 8 19 8
3290369 -4.5 8 19.5 8
3290370 -4.5 8 20 8
3290371 -4.5 8 20.5 8
3290372 -4.5 8 21 8
3290415 -4.5 8.5 19 8
3290416 -4.5 8.5 19.5 8
3290417 -4.5 8.5 20 8
3290418 -4.5 8.5 20.5 8
3290419 -4.5 8.5 21 8
3305643 -4 5 19 8
3305644 -4 5 19.5 8
3305645 -4 5 20 8
3305646 -4 5 20.5 8
3305647 -4 5 21 8
3305690 -4 5.5 19 8
3305691 -4 5.5 19.5 8
3305692 -4 5.5 20 8
3305693 -4 5.5 20.5 8
3305694 -4 5.5 21 8
3305737 -4 6 19 8
3305738 -4 6 19.5 8
3305739 -4 6 20 8
3305740 -4 6 20.5 8
3305741 -4 6 21 8
3305784 -4 6.5 19 8
3305785 -4 6.5 19.5 8
3305786 -4 6.5 20 8
3305787 -4 6.5 20.5 8
3305788 -4 6.5 21 8
3305831 -4 7 19 8
3305832 -4 7 19.5 8
3305833 -4 7 20 8
3305834 -4 7 20.5 8
3305835 -4 7 21 8
3305878 -4 7.5 19 8
3305879 -4 7.5 19.5 8
3305880 -4 7.5 20 8
3305881 -4 7.5 20.5 8
3305882 -4 7.5 21 8
3321106 -3.5 4 19 8
3321107 -3.5 4 19.5 8
3321108 -3.5 4 20 8
3321109 -3.5 4 20.5 8
3321110 -3.5 4 21 8
3321153 -3.5 4.5 19 8
3321154 -3.5 4.5 19.5 8
3321155 -3.5 4.5 20 8
3321156 -3.5 4.5 20.5 8
3321157 -3.5 4.5 21 8
3321200 -3.5 5 19 8
3321201 -3.5 5 19.5 8
3321202 -3.5 5 20 8
3321203 -3.5 5 20.5 8
3321204 -3.5 5 21 8
3321247 -3.5 5.5 19 8
3321248 -3.5 5.5 19.5 8
3321249 -3.5 5.5 20 8
3321250 -3.5 5.5 20.5 8
3321251 -3.5 5.5 21 8
3321294 -3.5 6 19 8
3321295 -3.5 6 19.5 8
3321296 -3.5 6 20 8
3321297 -3.5 6 20.5 8
3321298 -3.5 6 21 8
3321341 -3.5 6.5 19 8
3321342 -3.5 6.5 19.5 8
3321343 -3.5 6.5 20 8
3321344 -3.5 6.5 20.5 8
3321345 -3.5 6.5 21 8
3336616 -3 3.5 19 8
3336617 -3 3.5 19.5 8
3336618 -3 3.5 20 8
3336619 -3 3.5 20.5 8
3336620 -3 3.5 21 8
3336663 -3 4 19 8
3336664 -3 4 19.5 8
3336665 -3 4 20 8
3336666 -3 4 20.5 8
3336667 -3 4 21 8
3336710 -3 4.5 19 8
3336711 -3 4.5 19.5 8
3336712 -3 4.5 20 8
3336713 -3 4.5 20.5 8
3336714 -3 4.5 21 8
3336757 -3 5 19 8
3336758 -3 5 19.5 8
3336759 -3 5 20 8
3336760 -3 5 20.5 8
3336761 -3 5 21 8
3336804 -3 5.5 19 8
3336805 -3 5.5 19.5 8
3336806 -3 5.5 20 8
3336807 -3 5.5 20.5 8
3336808 -3 5.5 21 8
3336851 -3 6 19 8
3336852 -3 6 19.5 8
3336853 -3 6 20 8
3336854 -3 6 20.5 8
3336855 -3 6 21 8
3352079 -2.5 2.5 19 8
3352080 -2.5 2.5 19.5 8
3352081 -2.5 2.5 20 8
3352082 -2.5 2.5 20.5 8
3352083 -2.5 2.5 21 8
3352126 -2.5 3 19 8
3352127 -2.5 3 19.5 8
3352128 -2.5 3 20 8
3352129 -2.5 3 20.5 8
3352130 -2.5 3 21 8
3352173 -2.5 3.5 19 8
3352174 -2.5 3.5 19.5 8
3352175 -2.5 3.5 20 8
3352176 -2.5 3.5 20.5 8
3352177 -2.5 3.5 21 8
3352220 -2.5 4 19 8
3352221 -2.5 4 19.5 8
3352222 -2.5 4 20 8
3352223 -2.5 4 20.5 8
3352224 -2.5 4 21 8
3352267 -2.5 4.5 19 8
3352268 -2.5 4.5 19.5 8
3352269 -2.5 4.5 20 8
3352270 -2.5 4.5 20.5 8
3352271 -2.5 4.5 21 8
3352314 -2.5 5 19 8
3352315 -2.5 5 19.5 8
3352316 -2.5 5 20 8
3352317 -2.5 5 20.5 8
3352318 -2.5 5 21 8
3367589 -2 2 19 8
3367590 -2 2 19.5 8
3367591 -2 2 20 8
3367592 -2 2 20.5 8
3367593 -2 2 21 8
3367636 -2 2.5 19 8
3367637 -2 2.5 19.5 8
3367638 -2 2.5 20 8
3367639 -2 2.5 20.5 8
3367640 -2 2.5 21 8
3367683 -2 3 19 8
3367684 -2 3 19.5 8
3367685 -2 3 20 8
3367686 -2 3 20.5 8
3367687 -2 3 21 8
3367730 -2 3.5 19 8
3367731 -2 3.5 19.5 8
3367732 -2 3.5 20 8
3367733 -2 3.5 20.5 8
3367734 -2 3.5 21 8
3367777 -2 4 19 8
3367778 -2 4 19.5 8
3367779 -2 4 20 8
3367780 -2 4 20.5 8
3367781 -2 4 21 8
3367824 -2 4.5 19 8
3367825 -2 4.5 19.5 8
3367826 -2 4.5 20 8
3367827 -2 4.5 20.5 8
3367828 -2 4.5 21 8
3383052 -1.5 1 19 8
3383053 -1.5 1 19.5 8
3383054 -1.5 1 20 8
3383055 -1.5 1 20.5 8
3383056 -1.5 1 21 8
3383099 -1.5 1.5 19 8
3383100 -1.5 1.5 19.5 8
3383101 -1.5 1.5 20 8
3383102 -1.5 1.5 20.5 8
3383103 -1.5 1.5 21 8
3383146 -1.5 2 19 8
3383147 -1.5 2 19.5 8
3383148 -1.5 2 20 8
3383149 -1.5 2 20.5 8
3383150 -1.5 2 21 8
3383193 -1.5 2.5 19 8
3383194 -1.5 2.5 19.5 8
3383195 -1.5 2.5 20 8
3383196 -1.5 2.5 20.5 8
3383197 -1.5 2.5 21 8
3383240 -1.5 3 19 8
3383241 -1.5 3 19.5 8
3383242 -1.5 3 20 8
3383243 -1.5 3 20.5 8
3383244 -1.5 3 21 8
3383287 -1.5 3.5 19 8
3383288 -1.5 3.5 19.5 8
3383289 -1.5 3.5 20 8
3383290 -1.5 3.5 20.5 8
3383291 -1.5 3.5 21 8
3398515 -1 0 19 8
3398516 -1 0 19.5 8
3398517 -1 0 20 8
3398518 -1 0 20.5 8
3398519 -1 0 21 8
3398562 -1 0.5 19 8
3398563 -1 0.5 19.5 8
3398564 -1 0.5 20 8
3398565 -1 0.5 20.5 8
3398566 -1 0.5 21 8
3398609 -1 1 19 8
3398610 -1 1 19.5 8
3398611 -1 1 20 8
3398612 -1 1 20.5 8
3398613 -1 1 21 8
3398656 -1 1.5 19 8
3398657 -1 1.5 19.5 8
3398658 -1 1.5 20 8
3398659 -1 1.5 20.5 8
3398660 -1 1.5 21 8
3398703 -1 2 19 8
3398704 -1 2 19.5 8
3398705 -1 2 20 8
3398706 -1 2 20.5 8
3398707 -1 2 21 8
3398750 -1 2.5 19 8
3398751 -1 2.5 19.5 8
3398752 -1 2.5 20 8
3398753 -1 2.5 20.5 8
3398754 -1 2.5 21 8
3398797 -1 3 19 8
3398798 -1 3 19.5 8
3398799 -1 3 20 8
3398800 -1 3 20.5 8
3398801 -1 3 21 8
3414025 -0.5 -0.5 19 8
3414026 -0.5 -0.5 19.5 8
3414027 -0.5 -0.5 20 8
3414028 -0.5 -0.5 20.5 8
3414029 -0.5 -0.5 21 8
3414072 -0.5 0 19 8
3414073 -0.5 0 19.5 8
3414074 -0.5 0 20 8
3414075 -0.5 0 20.5 8
3414076 -0.5 0 21 8
3414119 -0.5 0.5 19 8
3414120 -0.5 0.5 19.5 8
3414121 -0.5 0.5 20 8
3414122 -0.5 0.5 20.5 8
3414123 -0.5 0.5 21 8
3414166 -0.5 1 19 8
3414167 -0.5 1 19.5 8
3414168 -0.5 1 20 8
3414169 -0.5 1 20.5 8
3414170 -0.5 1 21 8
3414213 -0.5 1.5 19 8
3414214 -0.5 1.5 19.5 8
3414215 -0.5 1.5 20 8
3414216 -0.5 1.5 20.5 8
3414217 -0.5 1.5 21 8
3414260 -0.5 2 19 8
3414261 -0.5 2 19.5 8
3414262 -0.5 2 20 8
3414263 -0.5 2 20.5 8
3414264 -0.5 2 21 8
3429488 0 -1.5 19 8
3429489 0 -1.5 19.5 8
3429490 0 -1.5 20 8
3429491 0 -1.5 20.5 8
3429492 0 -1.5 21 8
3429535 0 -1 19 8
3429536 0 -1 19.5 8
3429537 0 -1 20 8
3429538 0 -1 20.5 8
3429539 0 -1 21 8
3429582 0 -0.5 19 8
3429583 0 -0.5 19.5 8
3429584 0 -0.5 20 8
3429585 0 -0.5 20.5 8
3429586 0 -0.5 21 8
3429629 0 0 19 8
3429630 0 0 19.5 8
3429631 0 0 20 8
3429632 0 0 20.5 8
3429633 0 0 21 8
3429676 0 0.5 19 8
3429677 0 0.5 19.5 8
3429678 0 0.5 20 8
3429679 0 0.5 20.5 8
3429680 0 0.5 21 8
3429723 0 1 19 8
3429724 0 1 19.5 8
3429725 0 1 20 8
3429726 0 1 20.5 8
3429727 0 1 21 8
3429770 0 1.5 19 8
3429771 0 1.5 19.5 8
3429772 0 1.5 20 8
3429773 0 1.5 20.5 8
3429774 0 1.5 21 8
3444998 0.5 -2 19 8
3444999 0.5 -2 19.5 8
3445000 0.5 -2 20 8
3445001 0.5 -2 20.5 8
3445002 0.5 -2 21 8
3445045 0.5 -1.5 19 8
3445046 0.5 -1.5 19.5 8
3445047 0.5 -1.5 20 8
3445048 0.5 -1.5 20.5 8
3445049 0.5 -1.5 21 8
3445092 0.5 -1 19 8
3445093 0.5 -1 19.5 8
3445094 0.5 -1 20 8
3445095 0.5 -1 20.5 8
3445096 0.5 -1 21 8
3445139 0.5 -0.5 19 8
3445140 0.5 -0.5 19.5 8
3445141 0.5 -0.5 20 8
3445142 0.5 -0.5 20.5 8
3445143 0.5 -0.5 21 8
3445186 0.5 0 19 8
3445187 0.5 0 19.5 8
3445188 0.5 0 20 8
3445189 0.5 0 20.5 8
3445190 0.5 0 21 8
3445233 0.5 0.5 19 8
3445234 0.5 0.5 19.5 8
3445235 0.5 0.5 20 8
3445236 0.5 0.5 20.5 8
3445237 0.5 0.5 21 8
3460461 1 -3 19 8
3460462 1 -3 19.5 8
3460463 1 -3 20 8
3460464 1 -3 20.5 8
3460465 1 -3 21 8
3460508 1 -2.5 19 8
3460509 1 -2.5 19.5 8
3460510 1 -2.5 20 8
3460511 1 -2.5 20.5 8
3460512 1 -2.5 21 8
3460555 1 -2 19 8
3460556 1 -2 19.5 8
3460557 1 -2 20 8
3460558 1 -2 20.5 8
3460559 1 -2 21 8
3460602 1 -1.5 19 8
3460603 1 -1.5 19.5 8
3460604 1 -1.5 20 8
3460605 1 -1.5 20.5 8
3460606 1 -1.5 21 8
3460649 1 -1 19 8
3460650 1 -1 19.5 8
3460651 1 -1 20 8
3460652 1 -1 20.5 8
3460653 1 -1 21 8
3460696 1 -0.5 19 8
3460697 1 -0.5 19.5 8
3460698 1 -0.5 20 8
3460699 1 -0.5 20.5 8
3460700 1 -0.5 21 8
3475971 1.5 -3.5 19 8
3475972 1.5 -3.5 19.5 8
3475973 1.5 -3.5 20 8
3475974 1.5 -3.5 20.5 8
3475975 1.5 -3.5 21 8
3476018 1.5 -3 19 8
3476019 1.5 -3 19.5 8
3476020 1.5 -3 20 8
3476021 1.5 -3 20.5 8
3476022 1.5 -3 21 8
3476065 1.5 -2.5 19 8
3476066 1.5 -2.5 19.5 8
3476067 1.5 -2.5 20 8
3476068 1.5 -2.5 20.5 8
3476069 1.5 -2.5 21 8
3476112 1.5 -2 19 8
3476113 1.5 -2 19.5 8
3476114 1.5 -2 20 8
3476115 1.5 -2 20.5 8
3476116 1.5 -2 21 8
3476159 1.5 -1.5 19 8
3476160 1.5 -1.5 19.5 8
3476161 1.5 -1.5 20 8
3476162 1.5 -1.5 20.5 8
3476163 1.5 -1.5 21 8
3476206 1.5 -1 19 8
3476207 1.5 -1 19.5 8
3476208 1.5 -1 20 8
3476209 1.5 -1 20.5 8
3476210 1.5 -1 21 8
3491434 2 -4.5 19 8
3491435 2 -4.5 19.5 8
3491436 2 -4.5 20 8
3491437 2 -4.5 20.5 8
3491438 2 -4.5 21 8
3491481 2 -4 19 8
3491482 2 -4 19.5 8
3491483 2 -4 20 8
3491484 2 -4 20.5 8
3491485 2 -4 21 8
3491528 2 -3.5 19 8
3491529 2 -3.5 19.5 8
3491530 2 -3.5 20 8
3491531 2 -3.5 20.5 8
3491532 2 -3.5 21 8
3491575 2 -3 19 8
3491576 2 -3 19.5 8
3491577 2 -3 20 8
3491578 2 -3 20.5 8
3491579 2 -3 21 8
3491622 2 -2.5 19 8
3491623 2 -2.5 19.5 8
3491624 2 -2.5 20 8
3491625 2 -2.5 20.5 8
3491626 2 -2.5 21 8
3491669 2 -2 19 8
3491670 2 -2 19.5 8
3491671 2 -2 20 8
3491672 2 -2 20.5 8
3491673 2 -2 21 8
3506944 2.5 -5 19 8
3506945 2.5 -5 19.5 8
3506946 2.5 -5 20 8
3506947 2.5 -5 20.5 8
3506948 2.5 -5 21 8
3506991 2.5 -4.5 19 8
3506992 2.5 -4.5 19.5 8
3506993 2.5 -4.5 20 8
3506994 2.5 -4.5 20.5 8
3506995 2.5 -4.5 21 8
3507038 2.5 -4 19 8
3507039 2.5 -4 19.5 8
3507040 2.5 -4 20 8
3507041 2.5 -4 20.5 8
3507042 2.5 -4 21 8
3507085 2.5 -3.5 19 8
3507086 2.5 -3.5 19.5 8
3507087 2.5 -3.5 20 8
3507088 2.5 -3.5 20.5 8
3507089 2.5 -3.5 21 8
3507132 2.5 -3 19 8
3507133 2.5 -3 19.5 8
3507134 2.5 -3 20 8
3507135 2.5 -3 20.5 8
3507136 2.5 -3 21 8
3507179 2.5 -2.5 19 8
3507180 2.5 -2.5 19.5 8
3507181 2.5 -2.5 20 8
3507182 2.5 -2.5 20.5 8
3507183 2.5 -2.5 21 8
3522407 3 -6 19 8
3522408 3 -6 19.5 8
3522409 3 -6 20 8
3522410 3 -6 20.5 8
3522411 3 -6 21 8
3522454 3 -5.5 19 8
3522455 3 -5.5 19.5 8
3522456 3 -5.5 20 8
3522457 3 -5.5 20.5 8
3522458 3 -5.5 21 8
3522501 3 -5 19 8
3522502 3 -5 19.5 8
3522503 3 -5 20 8
3522504 3 -5 20.5 8
3522505 3 -5 21 8
3522548 3 -4.5 19 8
3522549 3 -4.5 19.5 8
3522550 3 -4.5 20 8
3522551 3 -4.5 20.5 8
3522552 3 -4.5 21 8
3522595 3 -4 19 8
3522596 3 -4 19.5 8
3522597 3 -4 20 8
3522598 3 -4 20.5 8
3522599 3 -4 21 8
3522642 3 -3.5 19 8
3522643 3 -3.5 19.5 8
3522644 3 -3.5 20 8
3522645 3 -3.5 20.5 8
3522646 3 -3.5 21 8
3537917 3.5 -6.5 19 8
3537918 3.5 -6.5 19.5 8
3537919 3.5 -6.5 20 8
3537920 3.5 -6.5 20.5 8
3537921 3.5 -6.5 21 8
3537964 3.5 -6 19 8
3537965 3.5 -6 19.5 8
3537966 3.5 -6 20 8
3537967 3.5 -6 20.5 8
3537968 3.5 -6 21 8
3538011 3.5 -5.5 19 8
3538012 3.5 -5.5 19.5 8
3538013 3.5 -5.5 20 8
3538014 3.5 -5.5 20.5 8
3538015 3.5 -5.5 21 8
3538058 3.5 -5 19 8
3538059 3.5 -5 19.5 8
3538060 3.5 -5 20 8
3538061 3.5 -5 20.5 8
3538062 3.5 -5 21 8
3538105 3.5 -4.5 19 8
3538106 3.5 -4.5 19.5 8
3538107 3.5 -4.5 20 8
3538108 3.5 -4.5 20.5 8
3538109 3.5 -4.5 21 8
3538152 3.5 -4 19 8
3538153 3.5 -4 19.5 8
3538154 3.5 -4 20 8
3538155 3.5 -4 20.5 8
3538156 3.5 -4 21 8
3553380 4 -7.5 19 8
3553381 4 -7.5 19.5 8
3553382 4 -7.5 20 8
3553383 4 -7.5 20.5 8
3553384 4 -7.5 21 8
3553427 4 -7 19 8
3553428 4 -7 19.5 8
3553429 4 -7 20 8
3553430 4 -7 20.5 8
3553431 4 -7 21 8
3553474 4 -6.5 19 8
3553475 4 -6.5 19.5 8
3553476 4 -6.5 20 8
3553477 4 -6.5 20.5 8
3553478 4 -6.5 21 8
3553521 4 -6 19 8
3553522 4 -6 19.5 8
3553523 4 -6 20 8
3553524 4 -6 20.5 8
3553525 4 -6 21 8
3553568 4 -5.5 19 8
3553569 4 -5.5 19.5 8
3553570 4 -5.5 20 8
3553571 4 -5.5 20.5 8
3553572 4 -5.5 21 8
3553615 4 -5 19 8
3553616 4 -5 19.5 8
3553617 4 -5 20 8
3553618 4 -5 20.5 8
3553619 4 -5 21 8
3568843 4.5 -8.5 19 8
3568844 4.5 -8.5 19.5 8
3568845 4.5 -8.5 20 8
3568846 4.5 -8.5 20.5 8
3568847 4.5 -8.5 21 8
3568890 4.5 -8 19 8
3568891 4.5 -8 19.5 8
3568892 4.5 -8 20 8
3568893 4.5 -8 20.5 8
3568894 4.5 -8 21 8
3568937 4.5 -7.5 19 8
3568938 4.5 -7.5 19.5 8
3568939 4.5 -7.5 20 8
3568940 4.5 -7.5 20.5 8
3568941 4.5 -7.5 21 8
3568984 4.5 -7 19 8
3568985 4.5 -7 19.5 8
3568986 4.5 -7 20 8
3568987 4.5 -7 20.5 8
3568988 4.5 -7 21 8
3569031 4.5 -6.5 19 8
3569032 4.5 -6.5 19.5 8
3569033 4.5 -6.5 20 8
3569034 4.5 -6.5 20.5 8
3569035 4.5 -6.5 21 8
3569078 4.5 -6 19 8
3569079 4.5 -6 19.5 8
3569080 4.5 -6 20 8
3569081 4.5 -6 20.5 8
3569082 4.5 -6 21 8
3569125 4.5 -5.5 19 8
3569126 4.5 -5.5 19.5 8
3569127 4.5 -5.5 20 8
3569128 4.5 -5.5 20.5 8
3569129 4.5 -5.5 21 8
3584353 5 -9 19 8
3584354 5 -9 19.5 8
3584355 5 -9 20 8
3584356 5 -9 20.5 8
3584357 5 -9 21 8
3584400 5 -8.5 19 8
3584401 5 -8.5 19.5 8
3584402 5 -8.5 20 8
3584403 5 -8.5 20.5 8
3584404 5 -8.5 21 8
3584447 5 -8 19 8
3584448 5 -8 19.5 8
3584449 5 -8 20 8
3584450 5 -8 20.5 8
3584451 5 -8 21 8
3584494 5 -7.5 19 8
3584495 5 -7.5 19.5 8
3584496 5 -7.5 20 8
3584497 5 -7.5 20.5 8
3584498 5 -7.5 21 8
3584541 5 -7 19 8
3584542 5 -7 19.5 8
3584543 5 -7 20 8
3584544 5 -7 20.5 8
3584545 5 -7 21 8
3584588 5 -6.5 19 8
3584589 5 -6.5 19.5 8
3584590 5 -6.5 20 8
3584591 5 -6.5 20.5 8
3584592 5 -6.5 21 8
3599816 5.5 -10 19 8
3599817 5.5 -10 19.5 8
3599818 5.5 -10 20 8
3599819 5.5 -10 20.5 8
3599820 5.5 -10 21 8
3599863 5.5 -9.5 19 8
3599864 5.5 -9.5 19.5 8
3599865 5.5 -9.5 20 8
3599866 5.5 -9.5 20.5 8
3599867 5.5 -9.5 21 8
3599910 5.5 -9 19 8
3599911 5.5 -9 19.5 8
3599912 5.5 -9 20 8
3599913 5.5 -9 20.5 8
3599914 5.5 -9 21 8
3599957 5.5 -8.5 19 8
3599958 5.5 -8.5 19.5 8
3599959 5.5 -8.5 20 8
3599960 5.5 -8.5 20.5 8
3599961 5.5 -8.5 21 8
3600004 5.5 -8 19 8
3600005 5.5 -8 19.5 8
3600006 5.5 -8 20 8
3600007 5.5 -8 20.5 8
3600008 5.5 -8 21 8
3600051 5.5 -7.5 19 8
3600052 5.5 -7.5 19.5 8
3600053 5.5 -7.5 20 8
3600054 5.5 -7.5 20.5 8
3600055 5.5 -7.5 21 8
3600098 5.5 -7 19 8
3600099 5.5 -7 19.5 8
3600100 5.5 -7 20 8
3600101 5.5 -7 20.5 8
3600102 5.5 -7 21 8
3615326 6 -10.5 19 8
3615327 6 -10.5 19.5 8
3615328 6 -10.5 20 8
3615329 6 -10.5 20.5 8
3615330 6 -10.5 21 8
3615373 6 -10 19 8
3615374 6 -10 19.5 8
3615375 6 -10 20 8
3615376 6 -10 20.5 8
3615377 6 -10 21 8
3615420 6 -9.5 19 8
3615421 6 -9.5 19.5 8
3615422 6 -9.5 20 8
3615423 6 -9.5 20.5 8
3615424 6 -9.5 21 8
3615467 6 -9 19 8
3615468 6 -9 19.5 8
3615469 6 -9 20 8
3615470 6 -9 20.5 8
3615471 6 -9 21 8
3615514 6 -8.5 19 8
3615515 6 -8.5 19.5 8
3615516 6 -8.5 20 8
3615517 6 -8.5 20.5 8
3615518 6 -8.5 21 8
3615561 6 -8 19 8
3615562 6 -8 19.5 8
3615563 6 -8 20 8
3615564 6 -8 20.5 8
3615565 6 -8 21 8
3630789 6.5 -11.5 19 8
3630790 6.5 -11.5 19.5 8
3630791 6.5 -11.5 20 8
3630792 6.5 -11.5 20.5 8
3630793 6.5 -11.5 21 8
3630836 6.5 -11 19 8
3630837 6.5 -11 19.5 8
3630838 6.5 -11 20 8
3630839 6.5 -11 20.5 8
3630840 6.5 -11 21 8
3630883 6.5 -10.5 19 8
3630884 6.5 -10.5 19.5 8
3630885 6.5 -10.5 20 8
3630886 6.5 -10.5 20.5 8
3630887 6.5 -10.5 21 8
3630930 6.5 -10 19 8
3630931 6.5 -10 19.5 8
3630932 6.5 -10 20 8
3630933 6.5 -10 20.5 8
3630934 6.5 -10 21 8
3630977 6.5 -9.5 19 8
3630978 6.5 -9.5 19.5 8
3630979 6.5 -9.5 20 8
3630980 6.5 -9.5 20.5 8
3630981 6.5 -9.5 21 8
3631024 6.5 -9 19 8
3631025 6.5 -9 19.5 8
3631026 6.5 -9 20 8
3631027 6.5 -9 20.5 8
3631028 6.5 -9 21 8
3646299 7 -12 19 8
3646300 7 -12 19.5 8
3646301 7 -12 20 8
3646302 7 -12 20.5 8
3646303 7 -12 21 8
3646346 7 -11.5 19 8
3646347 7 -11.5 19.5 8
3646348 7 -11.5 20 8
3646349 7 -11.5 20.5 8
3646350 7 -11.5 21 8
3646393 7 -11 19 8
3646394 7 -11 19.5 8
3646395 7 -11 20 8
3646396 7 -11 20.5 8
3646397 7 -11 21 8
3646440 7 -10.5 19 8
3646441 7 -10.5 19.5 8
3646442 7 -10.5 20 8
3646443 7 -10.5 20.5 8
3646444 7 -10.5 21 8
3646487 7 -10 19 8
3646488 7 -10 19.5 8
3646489 7 -10 20 8
3646490 7 -10 20.5 8
3646491 7 -10 21 8
3646534 7 -9.5 19 8
3646535 7 -9.5 19.5 8
3646536 7 -9.5 20 8
3646537 7 -9.5 20.5 8
3646538 7 -9.5 21 8
3661762 7.5 -13 19 8
3661763 7.5 -13 19.5 8
3661764 7.5 -13 20 8
3661765 7.5 -13 20.5 8
3661766 7.5 -13 21 8
3661809 7.5 -12.5 19 8
3661810 7.5 -12.5 19.5 8
3661811 7.5 -12.5 20 8
3661812 7.5 -12.5 20.5 8
3661813 7.5 -12.5 21 8
3661856 7.5 -12 19 8
3661857 7.5 -12 19.5 8
3661858 7.5 -12 20 8
3661859 7.5 -12 20.5 8
3661860 7.5 -12 21 8
3661903 7.5 -11.5 19 8
3661904 7.5 -11.5 19.5 8
3661905 7.5 -11.5 20 8
3661906 7.5 -11.5 20.5 8
3661907 7.5 -11.5 21 8
3661950 7.5 -11 19 8
3661951 7.5 -11 19.5 8
3661952 7.5 -11 20 8
3661953 7.5 -11 20.5 8
3661954 7.5 -11 21 8
3661997 7.5 -10.5 19 8
3661998 7.5 -10.5 19.5 8
3661999 7.5 -10.5 20 8
3662000 7.5 -10.5 20.5 8
3662001 7.5 -10.5 21 8
3677272 8 -13.5 19 8
3677273 8 -13.5 19.5 8
3677274 8 -13.5 20 8
3677275 8 -13.5 20.5 8
3677276 8 -13.5 21 8
3677319 8 -13 19 8
3677320 8 -13 19.5 8
3677321 8 -13 20 8
3677322 8 -13 20.5 8
3677323 8 -13 21 8
3677366 8 -12.5 19 8
3677367 8 -12.5 19.5 8
3677368 8 -12.5 20 8
3677369 8 -12.5 20.5 8
3677370 8 -12.5 21 8
3677413 8 -12 19 8
3677414 8 -12 19.5 8
3677415 8 -12 20 8
3677416 8 -12 20.5 8
3677417 8 -12 21 8
3677460 8 -11.5 19 8
3677461 8 -11.5 19.5 8
3677462 8 -11.5 20 8
3677463 8 -11.5 20.5 8
3677464 8 -11.5 21 8
3677507 8 -11 19 8
3677508 8 -11 19.5 8
3677509 8 -11 20 8
3677510 8 -11 20.5 8
3677511 8 -11 21 8
3692735 8.5 -14.5 19 8
3692736 8.5 -14.5 19.5 8
3692737 8.5 -14.5 20 8
3692738 8.5 -14.5 20.5 8
3692739 8.5 -14.5 21 8
3692782 8.5 -14 19 8
3692783 8.5 -14 19.5 8
3692784 8.5 -14 20 8
3692785 8.5 -14 20.5 8
3692786 8.5 -14 21 8
3692829 8.5 -13.5 19 8
3692830 8.5 -13.5 19.5 8
3692831 8.5 -13.5 20 8
3692832 8.5 -13.5 20.5 8
3692833 8.5 -13.5 21 8
3692876 8.5 -13 19 8
3692877 8.5 -13 19.5 8
3692878 8.5 -13 20 8
3692879 8.5 -13 20.5 8
3692880 8.5 -13 21 8
3692923 8.5 -12.5 19 8
3692924 8.5 -12.5 19.5 8
3692925 8.5 -12.5 20 8
3692926 8.5 -12.5 20.5 8
3692927 8.5 -12.5 21 8
3692970 8.5 -12 19 8
3692971 8.5 -12 19.5 8
3692972 8.5 -12 20 8
3692973 8.5 -12 20.5 8
3692974 8.5 -12 21 8
3708245 9 -15 19 8
3708246 9 -15 19.5 8
3708247 9 -15 20 8
3708248 9 -15 20.5 8
3708249 9 -15 21 8
3708292 9 -14.5 19 8
3708293 9 -14.5 19.5 8
3708294 9 -14.5 20 8
3708295 9 -14.5 20.5 8
3708296 9 -14.5 21 8
3708339 9 -14 19 8
3708340 9 -14 19.5 8
3708341 9 -14 20 8
3708342 9 -14 20.5 8
3708343 9 -14 21 8
3708386 9 -13.5 19 8
3708387 9 -13.5 19.5 8
3708388 9 -13.5 20 8
3708389 9 -13.5 20.5 8
3708390 9 -13.5 21 8
3708433 9 -13 19 8
3708434 9 -13 19.5 8
3708435 9 -13 20 8
3708436 9 -13 20.5 8
3708437 9 -13 21 8
3708480 9 -12.5 19 8
3708481 9 -12.5 19.5 8
3708482 9 -12.5 20 8
3708483 9 -12.5 20.5 8
3708484 9 -12.5 21 8
3723708 9.5 -16 19 8
3723709 9.5 -16 19.5 8
3723710 9.5 -16 20 8
3723711 9.5 -16 20.5 8
3723712 9.5 -16 21 8
3723755 9.5 -15.5 19 8
3723756 9.5 -15.5 19.5 8
3723757 9.5 -15.5 20 8
3723758 9.5 -15.5 20.5 8
3723759 9.5 -15.5 21 8
3723802 9.5 -15 19 8
3723803 9.5 -15 19.5 8
3723804 9.5 -15 20 8
3723805 9.5 -15 20.5 8
3723806 9.5 -15 21 8
3723849 9.5 -14.5 19 8
3723850 9.5 -14.5 19.5 8
3723851 9.5 -14.5 20 8
3723852 9.5 -14.5 20.5 8
3723853 9.5 -14.5 21 8
3723896 9.5 -14 19 8
3723897 9.5 -14 19.5 8
3723898 9.5 -14 20 8
3723899 9.5 -14 20.5 8
3723900 9.5 -14 21 8
3723943 9.5 -13.5 19 8
3723944 9.5 -13.5 19.5 8
3723945 9.5 -13.5 20 8
3723946 9.5 -13.5 20.5 8
3723947 9.5 -13.5 21 8
3739171 10 -17 19 8
3739172 10 -17 19.5 8
3739173 10 -17 20 8
3739174 10 -17 20.5 8
3739175 10 -17 21 8
3739218 10 -16.5 19 8
3739219 10 -16.5 19.5 8
3739220 10 -16.5 20 8
3739221 10 -16.5 20.5 8
3739222 10 -16.5 21 8
3739265 10 -16 19 8
3739266 10 -16 19.5 8
3739267 10 -16 20 8
3739268 10 -16 20.5 8
3739269 10 -16 21 8
3739312 10 -15.5 19 8
3739313 10 -15.5 19.5 8
3739314 10 -15.5 20 8
3739315 10 -15.5 20.5 8
3739316 10 -15.5 21 8
3739359 10 -15 19 8
3739360 10 -15 19.5 8
3739361 10 -15 20 8
3739362 10 -15 20.5 8
3739363 10 -15 21 8
3739406 10 -14.5 19 8
3739407 10 -14.5 19.5 8
3739408 10 -14.5 20 8
3739409 10 -14.5 20.5 8
3739410 10 -14.5 21 8
3739453 10 -14 19 8
3739454 10 -14 19.5 8
3739455 10 -14 20 8
3739456 10 -14 20.5 8
3739457 10 -14 21 8
3754681 10.5 -17.5 19 8
3754682 10.5 -17.5 19.5 8
3754683 10.5 -17.5 20 8
3754684 10.5 -17.5 20.5 8
3754685 10.5 -17.5 21 8
3754728 10.5 -17 19 8
3754729 10.5 -17 19.5 8
3754730 10.5 -17 20 8
3754731 10.5 -17 20.5 8
3754732 10.5 -17 21 8
3754775 10.5 -16.5 19 8
3754776 10.5 -16.5 19.5 8
3754777 10.5 -16.5 20 8
3754778 10.5 -16.5 20.5 8
3754779 10.5 -16.5 21 8
3754822 10.5 -16 19 8
3754823 10.5 -16 19.5 8
3754824 10.5 -16 20 8
3754825 10.5 -16 20.5 8
3754826 10.5 -16 21 8
3754869 10.5 -15.5 19 8
3754870 10.5 -15.5 19.5 8
3754871 10.5 -15.5 20 8
3754872 10.5 -15.5 20.5 8
3754873 10.5 -15.5 21 8
3754916 10.5 -15 19 8
3754917 10.5 -15 19.5 8
3754918 10.5 -15 20 8
3754919 10.5 -15 20.5 8
3754920 10.5 -15 21 8
3770191 11 -18 19 8
3770192 11 -18 19.5 8
3770193 11 -18 20 8
3770194 11 -18 20.5 8
3770195 11 -18 21 8
3770238 11 -17.5 19 8
3770239 11 -17.5 19.5 8
3770240 11 -17.5 20 8
3770241 11 -17.5 20.5 8
3770242 11 -17.5 21 8
3770285 11 -17 19 8
3770286 11 -17 19.5 8
3770287 11 -17 20 8
3770288 11 -17 20.5 8
3770289 11 -17 21 8
3770332 11 -16.5 19 8
3770333 11 -16.5 19.5 8
3770334 11 -16.5 20 8
3770335 11 -16.5 20.5 8
3770336 11 -16.5 21 8
3770379 11 -16 19 8
3770380 11 -16 19.5 8
3770381 11 -16 20 8
3770382 11 -16 20.5 8
3770383 11 -16 21 8
3770426 11 -15.5 19 8
3770427 11 -15.5 19.5 8
3770428 11 -15.5 20 8
3770429 11 -15.5 20.5 8
3770430 11 -15.5 21 8
3785748 11.5 -18 19 8
3785749 11.5 -18 19.5 8
3785750 11.5 -18 20 8
3785751 11.5 -18 20.5 8
3785752 11.5 -18 21 8
3785795 11.5 -17.5 19 8
3785796 11.5 -17.5 19.5 8
3785797 11.5 -17.5 20 8
3785798 11.5 -17.5 20.5 8
3785799 11.5 -17.5 21 8
3785842 11.5 -17 19 8
3785843 11.5 -17 19.5 8
3785844 11.5 -17 20 8
3785845 11.5 -17 20.5 8
3785846 11.5 -17 21 8
3785889 11.5 -16.5 19 8
3785890 11.5 -16.5 19.5 8
3785891 11.5 -16.5 20 8
3785892 11.5 -16.5 20.5 8
3785893 11.5 -16.5 21 8
3801305 12 -18 19 8
3801306 12 -18 19.5 8
3801307 12 -18 20 8
3801308 12 -18 20.5 8
3801309 12 -18 21 8
3801352 12 -17.5 19 8
3801353 12 -17.5 19.5 8
3801354 12 -17.5 20 8
3801355 12 -17.5 20.5 8
3801356 12 -17.5 21 8
3816862 12.5 -18 19 8
3816863 12.5 -18 19.5 8
3816864 12.5 -18 20 8
3816865 12.5 -18 20.5 8
3816866 12.5 -18 21 8
