9076735 181.5 -0.5 0 12
9076736 181.5 -0.5 0.5 12
9076737 181.5 -0.5 1 12
9076738 181.5 -0.5 1.5 12
9076739 181.5 -0.5 2 12
9076740 181.5 -0.5 2.5 12
9076741 181.5 -0.5 3 12
9076742 181.5 -0.5 3.5 12
9076743 181.5 -0.5 4 12
9076744 181.5 -0.5 4.5 12
9076745 181.5 -0.5 5 12
9076746 181.5 -0.5 5.5 12
9076747 181.5 -0.5 6 12
9076748 181.5 -0.5 6.5 12
9076749 181.5 -0.5 7 12
9076750 181.5 -0.5 7.5 12
9076751 181.5 -0.5 8 12
9076782 181.5 0 0 12
9076783 181.5 0 0.5 12
9076784 181.5 0 1 12
9076785 181.5 0 1.5 12
9076786 181.5 0 2 12
9076787 181.5 0 2.5 12
9076788 181.5 0 3 12
9076789 181.5 0 3.5 12
9076790 181.5 0 4 12
9076791 181.5 0 4.5 12
9076792 181.5 0 5 12
9076793 181.5 0 5.5 12
9076794 181.5 0 6 12
9076795 181.5 0 6.5 12
9076796 181.5 0 7 12
9076797 181.5 0 7.5 12
9076798 181.5 0 8 12
9076829 181.5 0.5 0 12
9076830 181.5 0.5 0.5 12
9076831 181.5 0.5 1 12
9076832 181.5 0.5 1.5 12
9076833 181.5 0.5 2 12
9076834 181.5 0.5 2.5 12
9076835 181.5 0.5 3 12
9076836 181.5 0.5 3.5 12
9076837 181.5 0.5 4 12
9076838 181.5 0.5 4.5 12
9076839 181.5 0.5 5 12
9076840 181.5 0.5 5.5 12
9076841 181.5 0.5 6 12
9076842 181.5 0.5 6.5 12
9076843 181.5 0.5 7 12
9076844 181.5 0.5 7.5 12
9076845 181.5 0.5 8 12
9092245 182 -1 0 12
9092246 182 -1 0.5 12
9092247 182 -1 1 12
9092248 182 -1 1.5 12
9092249 182 -1 2 12
9092250 182 -1 2.5 12
9092251 182 -1 3 12
9092252 182 -1 3.5 12
9092253 182 -1 4 12
9092254 182 -1 4.5 12
9092255 182 -1 5 12
9092256 182 -1 5.5 12
9092257 182 -1 6 12
9092258 182 -1 6.5 12
9092259 182 -1 7 12
9092260 182 -1 7.5 12
9092261 182 -1 8 12
9092292 182 -0.5 0 12
9092293 182 -0.5 0.5 12
9092294 182 -0.5 1 12
9092295 182 -0.5 1.5 12
9092296 182 -0.5 2 12
9092297 182 -0.5 2.5 12
9092298 182 -0.5 3 12
9092299 182 -0.5 3.5 12
9092300 182 -0.5 4 12
9092301 182 -0.5 4.5 12
9092302 182 -0.5 5 12
9092303 182 -0.5 5.5 12
9092304 182 -0.5 6 12
9092305 182 -0.5 6.5 12
9092306 182 -0.5 7 12
9092307 182 -0.5 7.5 12
9092308 182 -0.5 8 12
9092339 182 0 0 12
9092340 182 0 0.5 12
9092341 182 0 1 12
9092342 182 0 1.5 12
9092343 182 0 2 12
9092344 182 0 2.5 12
9092345 182 0 3 12
9092346 182 0 3.5 12
9092347 182 0 4 12
9092348 182 0 4.5 12
9092349 182 0 5 12
9092350 182 0 5.5 12
9092351 182 0 6 12
9092352 182 0 6.5 12
9092353 182 0 7 12
9092354 182 0 7.5 12
9092355 182 0 8 12
9092386 182 0.5 0 12
9092387 182 0.5 0.5 12
9092388 182 0.5 1 12
9092389 182 0.5 1.5 12
9092390 182 0.5 2 12
9092391 182 0.5 2.5 12
9092392 182 0.5 3 12
9092393 182 0.5 3.5 12
9092394 182 0.5 4 12
9092395 182 0.5 4.5 12
9092396 182 0.5 5 12
9092397 182 0.5 5.5 12
9092398 182 0.5 6 12
9092399 182 0.5 6.5 12
9092400 182 0.5 7 12
9092401 182 0.5 7.5 12
9092402 182 0.5 8 12
9092433 182 1 0 12
9092434 182 1 0.5 12
9092435 182 1 1 12
9092436 182 1 1.5 12
9092437 182 1 2 12
9092438 182 1 2.5 12
9092439 182 1 3 12
9092440 182 1 3.5 12
9092441 182 1 4 12
9092442 182 1 4.5 12
9092443 182 1 5 12
9092444 182 1 5.5 12
9092445 182 1 6 12
9092446 182 1 6.5 12
9092447 182 1 7 12
9092448 182 1 7.5 12
9092449 182 1 8 12
9107802 182.5 -1 0 12
9107803 182.5 -1 0.5 12
9107804 182.5 -1 1 12
9107805 182.5 -1 1.5 12
9107806 182.5 -1 2 12
9107807 182.5 -1 2.5 12
9107808 182.5 -1 3 12
9107809 182.5 -1 3.5 12
9107810 182.5 -1 4 12
9107811 182.5 -1 4.5 12
9107812 182.5 -1 5 12
9107813 182.5 -1 5.5 12
9107814 182.5 -1 6 12
9107815 182.5 -1 6.5 12
9107816 182.5 -1 7 12
9107817 182.5 -1 7.5 12
9107818 182.5 -1 8 12
9107849 182.5 -0.5 0 12
9107850 182.5 -0.5 0.5 12
9107851 182.5 -0.5 1 12
9107852 182.5 -0.5 1.5 12
9107853 182.5 -0.5 2 12
9107854 182.5 -0.5 2.5 12
9107855 182.5 -0.5 3 12
9107856 182.5 -0.5 3.5 12
9107857 182.5 -0.5 4 12
9107858 182.5 -0.5 4.5 12
9107859 182.5 -0.5 5 12
9107860 182.5 -0.5 5.5 12
9107861 182.5 -0.5 6 12
9107862 182.5 -0.5 6.5 12
9107863 182.5 -0.5 7 12
9107864 182.5 -0.5 7.5 12
9107865 182.5 -0.5 8 12
9107896 182.5 0 0 12
9107897 182.5 0 0.5 12
9107898 182.5 0 1 12
9107899 182.5 0 1.5 12
9107900 182.5 0 2 12
9107901 182.5 0 2.5 12
9107902 182.5 0 3 12
9107903 182.5 0 3.5 12
9107904 182.5 0 4 12
9107905 182.5 0 4.5 12
9107906 182.5 0 5 12
9107907 182.5 0 5.5 12
9107908 182.5 0 6 12
9107909 182.5 0 6.5 12
9107910 182.5 0 7 12
9107911 182.5 0 7.5 12
9107912 182.5 0 8 12
9107943 182.5 0.5 0 12
9107944 182.5 0.5 0.5 12
9107945 182.5 0.5 1 12
9107946 182.5 0.5 1.5 12
9107947 182.5 0.5 2 12
9107948 182.5 0.5 2.5 12
9107949 182.5 0.5 3 12
9107950 182.5 0.5 3.5 12
9107951 182.5 0.5 4 12
9107952 182.5 0.5 4.5 12
9107953 182.5 0.5 5 12
9107954 182.5 0.5 5.5 12
9107955 182.5 0.5 6 12
9107956 182.5 0.5 6.5 12
9107957 182.5 0.5 7 12
9107958 182.5 0.5 7.5 12
9107959 182.5 0.5 8 12
9107990 182.5 1 0 12
9107991 182.5 1 0.5 12
9107992 182.5 1 1 12
9107993 182.5 1 1.5 12
9107994 182.5 1 2 12
9107995 182.5 1 2.5 12
9107996 182.5 1 3 12
9107997 182.5 1 3.5 12
9107998 182.5 1 4 12
9107999 182.5 1 4.5 12
9108000 182.5 1 5 12
9108001 182.5 1 5.5 12
9108002 182.5 1 6 12
9108003 182.5 1 6.5 12
9108004 182.5 1 7 12
9108005 182.5 1 7.5 12
9108006 182.5 1 8 12
9123359 183 -1 0 12
9123360 183 -1 0.5 12
9123361 183 -1 1 12
9123362 183 -1 1.5 12
9123363 183 -1 2 12
9123364 183 -1 2.5 12
9123365 183 -1 3 12
9123366 183 -1 3.5 12
9123367 183 -1 4 12
9123368 183 -1 4.5 12
9123369 183 -1 5 12
9123370 183 -1 5.5 12
9123371 183 -1 6 12
9123372 183 -1 6.5 12
9123373 183 -1 7 12
9123374 183 -1 7.5 12
9123375 183 -1 8 12
9123406 183 -0.5 0 12
9123407 183 -0.5 0.5 12
9123408 183 -0.5 1 12
9123409 183 -0.5 1.5 12
9123410 183 -0.5 2 12
9123411 183 -0.5 2.5 12
9123412 183 -0.5 3 12
9123413 183 -0.5 3.5 12
9123414 183 -0.5 4 12
9123415 183 -0.5 4.5 12
9123416 183 -0.5 5 12
9123417 183 -0.5 5.5 12
9123418 183 -0.5 6 12
9123419 183 -0.5 6.5 12
9123420 183 -0.5 7 12
9123421 183 -0.5 7.5 12
9123422 183 -0.5 8 12
9123453 183 0 0 12
9123454 183 0 0.5 12
9123455 183 0 1 12
9123456 183 0 1.5 12
9123457 183 0 2 12
9123458 183 0 2.5 12
9123459 183 0 3 12
9123460 183 0 3.5 12
9123461 183 0 4 12
9123462 183 0 4.5 12
9123463 183 0 5 12
9123464 183 0 5.5 12
9123465 183 0 6 12
9123466 183 0 6.5 12
9123467 183 0 7 12
9123468 183 0 7.5 12
9123469 183 0 8 12
9123500 183 0.5 0 12
9123501 183 0.5 0.5 12
9123502 183 0.5 1 12
9123503 183 0.5 1.5 12
9123504 183 0.5 2 12
9123505 183 0.5 2.5 12
9123506 183 0.5 3 12
9123507 183 0.5 3.5 12
9123508 183 0.5 4 12
9123509 183 0.5 4.5 12
9123510 183 0.5 5 12
9123511 183 0.5 5.5 12
9123512 183 0.5 6 12
9123513 183 0.5 6.5 12
9123514 183 0.5 7 12
9123515 183 0.5 7.5 12
9123516 183 0.5 8 12
9123547 183 1 0 12
9123548 183 1 0.5 12
9123549 183 1 1 12
9123550 183 1 1.5 12
9123551 183 1 2 12
9123552 183 1 2.5 12
9123553 183 1 3 12
9123554 183 1 3.5 12
9123555 183 1 4 12
9123556 183 1 4.5 12
9123557 183 1 5 12
9123558 183 1 5.5 12
9123559 183 1 6 12
9123560 183 1 6.5 12
9123561 183 1 7 12
9123562 183 1 7.5 12
9123563 183 1 8 12
9138916 183.5 -1 0 12
9138917 183.5 -1 0.5 12
9138918 183.5 -1 1 12
9138919 183.5 -1 1.5 12
9138920 183.5 -1 2 12
9138921 183.5 -1 2.5 12
9138922 183.5 -1 3 12
9138923 183.5 -1 3.5 12
9138924 183.5 -1 4 12
9138925 183.5 -1 4.5 12
9138926 183.5 -1 5 12
9138927 183.5 -1 5.5 12
9138928 183.5 -1 6 12
9138929 183.5 -1 6.5 12
9138930 183.5 -1 7 12
9138931 183.5 -1 7.5 12
9138932 183.5 -1 8 12
9138963 183.5 -0.5 0 12
9138964 183.5 -0.5 0.5 12
9138965 183.5 -0.5 1 12
9138966 183.5 -0.5 1.5 12
9138967 183.5 -0.5 2 12
9138968 183.5 -0.5 2.5 12
9138969 183.5 -0.5 3 12
9138970 183.5 -0.5 3.5 12
9138971 183.5 -0.5 4 12
9138972 183.5 -0.5 4.5 12
9138973 183.5 -0.5 5 12
9138974 183.5 -0.5 5.5 12
9138975 183.5 -0.5 6 12
9138976 183.5 -0.5 6.5 12
9138977 183.5 -0.5 7 12
9138978 183.5 -0.5 7.5 12
9138979 183.5 -0.5 8 12
9139010 183.5 0 0 12
9139011 183.5 0 0.5 12
9139012 183.5 0 1 12
9139013 183.5 0 1.5 12
9139014 183.5 0 2 12
9139015 183.5 0 2.5 12
9139016 183.5 0 3 12
9139017 183.5 0 3.5 12
9139018 183.5 0 4 12
9139019 183.5 0 4.5 12
9139020 183.5 0 5 12
9139021 183.5 0 5.5 12
9139022 183.5 0 6 12
9139023 183.5 0 6.5 12
9139024 183.5 0 7 12
9139025 183.5 0 7.5 12
9139026 183.5 0 8 12
9139057 183.5 0.5 0 12
9139058 183.5 0.5 0.5 12
9139059 183.5 0.5 1 12
9139060 183.5 0.5 1.5 12
9139061 183.5 0.5 2 12
9139062 183.5 0.5 2.5 12
9139063 183.5 0.5 3 12
9139064 183.5 0.5 3.5 12
9139065 183.5 0.5 4 12
9139066 183.5 0.5 4.5 12
9139067 183.5 0.5 5 12
9139068 183.5 0.5 5.5 12
9139069 183.5 0.5 6 12
9139070 183.5 0.5 6.5 12
9139071 183.5 0.5 7 12
9139072 183.5 0.5 7.5 12
9139073 183.5 0.5 8 12
9139104 183.5 1 0 12
9139105 183.5 1 0.5 12
9139106 183.5 1 1 12
9139107 183.5 1 1.5 12
9139108 183.5 1 2 12
9139109 183.5 1 2.5 12
9139110 183.5 1 3 12
9139111 183.5 1 3.5 12
9139112 183.5 1 4 12
9139113 183.5 1 4.5 12
9139114 183.5 1 5 12
9139115 183.5 1 5.5 12
9139116 183.5 1 6 12
9139117 183.5 1 6.5 12
9139118 183.5 1 7 12
9139119 183.5 1 7.5 12
9139120 183.5 1 8 12
9154520 184 -0.5 0 12
9154521 184 -0.5 0.5 12
9154522 184 -0.5 1 12
9154523 184 -0.5 1.5 12
9154524 184 -0.5 2 12
9154525 184 -0.5 2.5 12
9154526 184 -0.5 3 12
9154527 184 -0.5 3.5 12
9154528 184 -0.5 4 12
9154529 184 -0.5 4.5 12
9154530 184 -0.5 5 12
9154531 184 -0.5 5.5 12
9154532 184 -0.5 6 12
9154533 184 -0.5 6.5 12
9154534 184 -0.5 7 12
9154535 184 -0.5 7.5 12
9154536 184 -0.5 8 12
9154567 184 0 0 12
9154568 184 0 0.5 12
9154569 184 0 1 12
9154570 184 0 1.5 12
9154571 184 0 2 12
9154572 184 0 2.5 12
9154573 184 0 3 12
9154574 184 0 3.5 12
9154575 184 0 4 12
9154576 184 0 4.5 12
9154577 184 0 5 12
9154578 184 0 5.5 12
9154579 184 0 6 12
9154580 184 0 6.5 12
9154581 184 0 7 12
9154582 184 0 7.5 12
9154583 184 0 8 12
9154614 184 0.5 0 12
9154615 184 0.5 0.5 12
9154616 184 0.5 1 12
9154617 184 0.5 1.5 12
9154618 184 0.5 2 12
9154619 184 0.5 2.5 12
9154620 184 0.5 3 12
9154621 184 0.5 3.5 12
9154622 184 0.5 4 12
9154623 184 0.5 4.5 12
9154624 184 0.5 5 12
9154625 184 0.5 5.5 12
9154626 184 0.5 6 12
9154627 184 0.5 6.5 12
9154628 184 0.5 7 12
9154629 184 0.5 7.5 12
9154630 184 0.5 8 12
