5030364 51.5 -17 0 12
5030365 51.5 -17 0.5 12
5030366 51.5 -17 1 12
5030367 51.5 -17 1.5 12
5030368 51.5 -17 2 12
5030369 51.5 -17 2.5 12
5030370 51.5 -17 3 12
5030371 51.5 -17 3.5 12
5030372 51.5 -17 4 12
5030373 51.5 -17 4.5 12
5030374 51.5 -17 5 12
5030375 51.5 -17 5.5 12
5030376 51.5 -17 6 12
5030377 51.5 -17 6.5 12
5030378 51.5 -17 7 12
5030379 51.5 -17 7.5 12
5030380 51.5 -17 8 12
5030411 51.5 -16.5 0 12
5030412 51.5 -16.5 0.5 12
5030413 51.5 -16.5 1 12
5030414 51.5 -16.5 1.5 12
5030415 51.5 -16.5 2 12
5030416 51.5 -16.5 2.5 12
5030417 51.5 -16.5 3 12
5030418 51.5 -16.5 3.5 12
5030419 51.5 -16.5 4 12
5030420 51.5 -16.5 4.5 12
5030421 51.5 -16.5 5 12
5030422 51.5 -16.5 5.5 12
5030423 51.5 -16.5 6 12
5030424 51.5 -16.5 6.5 12
5030425 51.5 -16.5 7 12
5030426 51.5 -16.5 7.5 12
5030427 51.5 -16.5 8 12
5030458 51.5 -16 0 12
5030459 51.5 -16 0.5 12
5030460 51.5 -16 1 12
5030461 51.5 -16 1.5 12
5030462 51.5 -16 2 12
5030463 51.5 -16 2.5 12
5030464 51.5 -16 3 12
5030465 51.5 -16 3.5 12
5030466 51.5 -16 4 12
5030467 51.5 -16 4.5 12
5030468 51.5 -16 5 12
5030469 51.5 -16 5.5 12
5030470 51.5 -16 6 12
5030471 51.5 -16 6.5 12
5030472 51.5 -16 7 12
5030473 51.5 -16 7.5 12
5030474 51.5 -16 8 12
5045874 52 -17.5 0 12
5045875 52 -17.5 0.5 12
5045876 52 -17.5 1 12
5045877 52 -17.5 1.5 12
5045878 52 -17.5 2 12
5045879 52 -17.5 2.5 12
5045880 52 -17.5 3 12
5045881 52 -17.5 3.5 12
5045882 52 -17.5 4 12
5045883 52 -17.5 4.5 12
5045884 52 -17.5 5 12
5045885 52 -17.5 5.5 12
5045886 52 -17.5 6 12
5045887 52 -17.5 6.5 12
5045888 52 -17.5 7 12
5045889 52 -17.5 7.5 12
5045890 52 -17.5 8 12
5045921 52 -17 0 12
5045922 52 -17 0.5 12
5045923 52 -17 1 12
5045924 52 -17 1.5 12
5045925 52 -17 2 12
5045926 52 -17 2.5 12
5045927 52 -17 3 12
5045928 52 -17 3.5 12
5045929 52 -17 4 12
5045930 52 -17 4.5 12
5045931 52 -17 5 12
5045932 52 -17 5.5 12
5045933 52 -17 6 12
5045934 52 -17 6.5 12
5045935 52 -17 7 12
5045936 52 -17 7.5 12
5045937 52 -17 8 12
5045968 52 -16.5 0 12
5045969 52 -16.5 0.5 12
5045970 52 -16.5 1 12
5045971 52 -16.5 1.5 12
5045972 52 -16.5 2 12
5045973 52 -16.5 2.5 12
5045974 52 -16.5 3 12
5045975 52 -16.5 3.5 12
5045976 52 -16.5 4 12
5045977 52 -16.5 4.5 12
5045978 52 -16.5 5 12
5045979 52 -16.5 5.5 12
5045980 52 -16.5 6 12
5045981 52 -16.5 6.5 12
5045982 52 -16.5 7 12
5045983 52 -16.5 7.5 12
5045984 52 -16.5 8 12
5046015 52 -16 0 12
5046016 52 -16 0.5 12
5046017 52 -16 1 12
5046018 52 -16 1.5 12
5046019 52 -16 2 12
5046020 52 -16 2.5 12
5046021 52 -16 3 12
5046022 52 -16 3.5 12
5046023 52 -16 4 12
5046024 52 -16 4.5 12
5046025 52 -16 5 12
5046026 52 -16 5.5 12
5046027 52 -16 6 12
5046028 52 -16 6.5 12
5046029 52 -16 7 12
5046030 52 -16 7.5 12
5046031 52 -16 8 12
5046062 52 -15.5 0 12
5046063 52 -15.5 0.5 12
5046064 52 -15.5 1 12
5046065 52 -15.5 1.5 12
5046066 52 -15.5 2 12
5046067 52 -15.5 2.5 12
5046068 52 -15.5 3 12
5046069 52 -15.5 3.5 12
5046070 52 -15.5 4 12
5046071 52 -15.5 4.5 12
5046072 52 -15.5 5 12
5046073 52 -15.5 5.5 12
5046074 52 -15.5 6 12
5046075 52 -15.5 6.5 12
5046076 52 -15.5 7 12
5046077 52 -15.5 7.5 12
5046078 52 -15.5 8 12
5061384 52.5 -18 0 12
5061385 52.5 -18 0.5 12
5061386 52.5 -18 1 12
5061387 52.5 -18 1.5 12
5061388 52.5 -18 2 12
5061389 52.5 -18 2.5 12
5061390 52.5 -18 3 12
5061391 52.5 -18 3.5 12
5061392 52.5 -18 4 12
5061393 52.5 -18 4.5 12
5061394 52.5 -18 5 12
5061395 52.5 -18 5.5 12
5061396 52.5 -18 6 12
5061397 52.5 -18 6.5 12
5061398 52.5 -18 7 12
5061399 52.5 -18 7.5 12
5061400 52.5 -18 8 12
5061431 52.5 -17.5 0 12
5061432 52.5 -17.5 0.5 12
5061433 52.5 -17.5 1 12
5061434 52.5 -17.5 1.5 12
5061435 52.5 -17.5 2 12
5061436 52.5 -17.5 2.5 12
5061437 52.5 -17.5 3 12
5061438 52.5 -17.5 3.5 12
5061439 52.5 -17.5 4 12
5061440 52.5 -17.5 4.5 12
5061441 52.5 -17.5 5 12
5061442 52.5 -17.5 5.5 12
5061443 52.5 -17.5 6 12
5061444 52.5 -17.5 6.5 12
5061445 52.5 -17.5 7 12
5061446 52.5 -17.5 7.5 12
5061447 52.5 -17.5 8 12
5061478 52.5 -17 0 12
5061479 52.5 -17 0.5 12
5061480 52.5 -17 1 12
5061481 52.5 -17 1.5 12
5061482 52.5 -17 2 12
5061483 52.5 -17 2.5 12
5061484 52.5 -17 3 12
5061485 52.5 -17 3.5 12
5061486 52.5 -17 4 12
5061487 52.5 -17 4.5 12
5061488 52.5 -17 5 12
5061489 52.5 -17 5.5 12
5061490 52.5 -17 6 12
5061491 52.5 -17 6.5 12
5061492 52.5 -17 7 12
5061493 52.5 -17 7.5 12
5061494 52.5 -17 8 12
5061525 52.5 -16.5 0 12
5061526 52.5 -16.5 0.5 12
5061527 52.5 -16.5 1 12
5061528 52.5 -16.5 1.5 12
5061529 52.5 -16.5 2 12
5061530 52.5 -16.5 2.5 12
5061531 52.5 -16.5 3 12
5061532 52.5 -16.5 3.5 12
5061533 52.5 -16.5 4 12
5061534 52.5 -16.5 4.5 12
5061535 52.5 -16.5 5 12
5061536 52.5 -16.5 5.5 12
5061537 52.5 -16.5 6 12
5061538 52.5 -16.5 6.5 12
5061539 52.5 -16.5 7 12
5061540 52.5 -16.5 7.5 12
5061541 52.5 -16.5 8 12
5061572 52.5 -16 0 12
5061573 52.5 -16 0.5 12
5061574 52.5 -16 1 12
5061575 52.5 -16 1.5 12
5061576 52.5 -16 2 12
5061577 52.5 -16 2.5 12
5061578 52.5 -16 3 12
5061579 52.5 -16 3.5 12
5061580 52.5 -16 4 12
5061581 52.5 -16 4.5 12
5061582 52.5 -16 5 12
5061583 52.5 -16 5.5 12
5061584 52.5 -16 6 12
5061585 52.5 -16 6.5 12
5061586 52.5 -16 7 12
5061587 52.5 -16 7.5 12
5061588 52.5 -16 8 12
5061619 52.5 -15.5 0 12
5061620 52.5 -15.5 0.5 12
5061621 52.5 -15.5 1 12
5061622 52.5 -15.5 1.5 12
5061623 52.5 -15.5 2 12
5061624 52.5 -15.5 2.5 12
5061625 52.5 -15.5 3 12
5061626 52.5 -15.5 3.5 12
5061627 52.5 -15.5 4 12
5061628 52.5 -15.5 4.5 12
5061629 52.5 -15.5 5 12
5061630 52.5 -15.5 5.5 12
5061631 52.5 -15.5 6 12
5061632 52.5 -15.5 6.5 12
5061633 52.5 -15.5 7 12
5061634 52.5 -15.5 7.5 12
5061635 52.5 -15.5 8 12
5076941 53 -18 0 12
5076942 53 -18 0.5 12
5076943 53 -18 1 12
5076944 53 -18 1.5 12
5076945 53 -18 2 12
5076946 53 -18 2.5 12
5076947 53 -18 3 12
5076948 53 -18 3.5 12
5076949 53 -18 4 12
5076950 53 -18 4.5 12
5076951 53 -18 5 12
5076952 53 -18 5.5 12
5076953 53 -18 6 12
5076954 53 -18 6.5 12
5076955 53 -18 7 12
5076956 53 -18 7.5 12
5076957 53 -18 8 12
5076988 53 -17.5 0 12
5076989 53 -17.5 0.5 12
5076990 53 -17.5 1 12
5076991 53 -17.5 1.5 12
5076992 53 -17.5 2 12
5076993 53 -17.5 2.5 12
5076994 53 -17.5 3 12
5076995 53 -17.5 3.5 12
5076996 53 -17.5 4 12
5076997 53 -17.5 4.5 12
5076998 53 -17.5 5 12
5076999 53 -17.5 5.5 12
5077000 53 -17.5 6 12
5077001 53 -17.5 6.5 12
5077002 53 -17.5 7 12
5077003 53 -17.5 7.5 12
5077004 53 -17.5 8 12
5077035 53 -17 0 12
5077036 53 -17 0.5 12
5077037 53 -17 1 12
5077038 53 -17 1.5 12
5077039 53 -17 2 12
5077040 53 -17 2.5 12
5077041 53 -17 3 12
5077042 53 -17 3.5 12
5077043 53 -17 4 12
5077044 53 -17 4.5 12
5077045 53 -17 5 12
5077046 53 -17 5.5 12
5077047 53 -17 6 12
5077048 53 -17 6.5 12
5077049 53 -17 7 12
5077050 53 -17 7.5 12
5077051 53 -17 8 12
5077082 53 -16.5 0 12
5077083 53 -16.5 0.5 12
5077084 53 -16.5 1 12
5077085 53 -16.5 1.5 12
5077086 53 -16.5 2 12
5077087 53 -16.5 2.5 12
5077088 53 -16.5 3 12
5077089 53 -16.5 3.5 12
5077090 53 -16.5 4 12
5077091 53 -16.5 4.5 12
5077092 53 -16.5 5 12
5077093 53 -16.5 5.5 12
5077094 53 -16.5 6 12
5077095 53 -16.5 6.5 12
5077096 53 -16.5 7 12
5077097 53 -16.5 7.5 12
5077098 53 -16.5 8 12
5077129 53 -16 0 12
5077130 53 -16 0.5 12
5077131 53 -16 1 12
5077132 53 -16 1.5 12
5077133 53 -16 2 12
5077134 53 -16 2.5 12
5077135 53 -16 3 12
5077136 53 -16 3.5 12
5077137 53 -16 4 12
5077138 53 -16 4.5 12
5077139 53 -16 5 12
5077140 53 -16 5.5 12
5077141 53 -16 6 12
5077142 53 -16 6.5 12
5077143 53 -16 7 12
5077144 53 -16 7.5 12
5077145 53 -16 8 12
5077176 53 -15.5 0 12
5077177 53 -15.5 0.5 12
5077178 53 -15.5 1 12
5077179 53 -15.5 1.5 12
5077180 53 -15.5 2 12
5077181 53 -15.5 2.5 12
5077182 53 -15.5 3 12
5077183 53 -15.5 3.5 12
5077184 53 -15.5 4 12
5077185 53 -15.5 4.5 12
5077186 53 -15.5 5 12
5077187 53 -15.5 5.5 12
5077188 53 -15.5 6 12
5077189 53 -15.5 6.5 12
5077190 53 -15.5 7 12
5077191 53 -15.5 7.5 12
5077192 53 -15.5 8 12
5092498 53.5 -18 0 12
5092499 53.5 -18 0.5 12
5092500 53.5 -18 1 12
5092501 53.5 -18 1.5 12
5092502 53.5 -18 2 12
5092503 53.5 -18 2.5 12
5092504 53.5 -18 3 12
5092505 53.5 -18 3.5 12
5092506 53.5 -18 4 12
5092507 53.5 -18 4.5 12
5092508 53.5 -18 5 12
5092509 53.5 -18 5.5 12
5092510 53.5 -18 6 12
5092511 53.5 -18 6.5 12
5092512 53.5 -18 7 12
5092513 53.5 -18 7.5 12
5092514 53.5 -18 8 12
5092545 53.5 -17.5 0 12
5092546 53.5 -17.5 0.5 12
5092547 53.5 -17.5 1 12
5092548 53.5 -17.5 1.5 12
5092549 53.5 -17.5 2 12
5092550 53.5 -17.5 2.5 12
5092551 53.5 -17.5 3 12
5092552 53.5 -17.5 3.5 12
5092553 53.5 -17.5 4 12
5092554 53.5 -17.5 4.5 12
5092555 53.5 -17.5 5 12
5092556 53.5 -17.5 5.5 12
5092557 53.5 -17.5 6 12
5092558 53.5 -17.5 6.5 12
5092559 53.5 -17.5 7 12
5092560 53.5 -17.5 7.5 12
5092561 53.5 -17.5 8 12
5092592 53.5 -17 0 12
5092593 53.5 -17 0.5 12
5092594 53.5 -17 1 12
5092595 53.5 -17 1.5 12
5092596 53.5 -17 2 12
5092597 53.5 -17 2.5 12
5092598 53.5 -17 3 12
5092599 53.5 -17 3.5 12
5092600 53.5 -17 4 12
5092601 53.5 -17 4.5 12
5092602 53.5 -17 5 12
5092603 53.5 -17 5.5 12
5092604 53.5 -17 6 12
5092605 53.5 -17 6.5 12
5092606 53.5 -17 7 12
5092607 53.5 -17 7.5 12
5092608 53.5 -17 8 12
5092639 53.5 -16.5 0 12
5092640 53.5 -16.5 0.5 12
5092641 53.5 -16.5 1 12
5092642 53.5 -16.5 1.5 12
5092643 53.5 -16.5 2 12
5092644 53.5 -16.5 2.5 12
5092645 53.5 -16.5 3 12
5092646 53.5 -16.5 3.5 12
5092647 53.5 -16.5 4 12
5092648 53.5 -16.5 4.5 12
5092649 53.5 -16.5 5 12
5092650 53.5 -16.5 5.5 12
5092651 53.5 -16.5 6 12
5092652 53.5 -16.5 6.5 12
5092653 53.5 -16.5 7 12
5092654 53.5 -16.5 7.5 12
5092655 53.5 -16.5 8 12
5092686 53.5 -16 0 12
5092687 53.5 -16 0.5 12
5092688 53.5 -16 1 12
5092689 53.5 -16 1.5 12
5092690 53.5 -16 2 12
5092691 53.5 -16 2.5 12
5092692 53.5 -16 3 12
5092693 53.5 -16 3.5 12
5092694 53.5 -16 4 12
5092695 53.5 -16 4.5 12
5092696 53.5 -16 5 12
5092697 53.5 -16 5.5 12
5092698 53.5 -16 6 12
5092699 53.5 -16 6.5 12
5092700 53.5 -16 7 12
5092701 53.5 -16 7.5 12
5092702 53.5 -16 8 12
5092733 53.5 -15.5 0 12
5092734 53.5 -15.5 0.5 12
5092735 53.5 -15.5 1 12
5092736 53.5 -15.5 1.5 12
5092737 53.5 -15.5 2 12
5092738 53.5 -15.5 2.5 12
5092739 53.5 -15.5 3 12
5092740 53.5 -15.5 3.5 12
5092741 53.5 -15.5 4 12
5092742 53.5 -15.5 4.5 12
5092743 53.5 -15.5 5 12
5092744 53.5 -15.5 5.5 12
5092745 53.5 -15.5 6 12
5092746 53.5 -15.5 6.5 12
5092747 53.5 -15.5 7 12
5092748 53.5 -15.5 7.5 12
5092749 53.5 -15.5 8 12
5108102 54 -17.5 0 12
5108103 54 -17.5 0.5 12
5108104 54 -17.5 1 12
5108105 54 -17.5 1.5 12
5108106 54 -17.5 2 12
5108107 54 -17.5 2.5 12
5108108 54 -17.5 3 12
5108109 54 -17.5 3.5 12
5108110 54 -17.5 4 12
5108111 54 -17.5 4.5 12
5108112 54 -17.5 5 12
5108113 54 -17.5 5.5 12
5108114 54 -17.5 6 12
5108115 54 -17.5 6.5 12
5108116 54 -17.5 7 12
5108117 54 -17.5 7.5 12
5108118 54 -17.5 8 12
5108149 54 -17 0 12
5108150 54 -17 0.5 12
5108151 54 -17 1 12
5108152 54 -17 1.5 12
5108153 54 -17 2 12
5108154 54 -17 2.5 12
5108155 54 -17 3 12
5108156 54 -17 3.5 12
5108157 54 -17 4 12
5108158 54 -17 4.5 12
5108159 54 -17 5 12
5108160 54 -17 5.5 12
5108161 54 -17 6 12
5108162 54 -17 6.5 12
5108163 54 -17 7 12
5108164 54 -17 7.5 12
5108165 54 -17 8 12
5108196 54 -16.5 0 12
5108197 54 -16.5 0.5 12
5108198 54 -16.5 1 12
5108199 54 -16.5 1.5 12
5108200 54 -16.5 2 12
5108201 54 -16.5 2.5 12
5108202 54 -16.5 3 12
5108203 54 -16.5 3.5 12
5108204 54 -16.5 4 12
5108205 54 -16.5 4.5 12
5108206 54 -16.5 5 12
5108207 54 -16.5 5.5 12
5108208 54 -16.5 6 12
5108209 54 -16.5 6.5 12
5108210 54 -16.5 7 12
5108211 54 -16.5 7.5 12
5108212 54 -16.5 8 12
5108243 54 -16 0 12
5108244 54 -16 0.5 12
5108245 54 -16 1 12
5108246 54 -16 1.5 12
5108247 54 -16 2 12
5108248 54 -16 2.5 12
5108249 54 -16 3 12
5108250 54 -16 3.5 12
5108251 54 -16 4 12
5108252 54 -16 4.5 12
5108253 54 -16 5 12
5108254 54 -16 5.5 12
5108255 54 -16 6 12
5108256 54 -16 6.5 12
5108257 54 -16 7 12
5108258 54 -16 7.5 12
5108259 54 -16 8 12
