8736079 170.5 16.5 0 12
8736080 170.5 16.5 0.5 12
8736081 170.5 16.5 1 12
8736082 170.5 16.5 1.5 12
8736083 170.5 16.5 2 12
8736084 170.5 16.5 2.5 12
8736085 170.5 16.5 3 12
8736086 170.5 16.5 3.5 12
8736087 170.5 16.5 4 12
8736088 170.5 16.5 4.5 12
8736089 170.5 16.5 5 12
8736090 170.5 16.5 5.5 12
8736091 170.5 16.5 6 12
8736092 170.5 16.5 6.5 12
8736093 170.5 16.5 7 12
8736094 170.5 16.5 7.5 12
8736095 170.5 16.5 8 12
8736126 170.5 17 0 12
8736127 170.5 17 0.5 12
8736128 170.5 17 1 12
8736129 170.5 17 1.5 12
8736130 170.5 17 2 12
8736131 170.5 17 2.5 12
8736132 170.5 17 3 12
8736133 170.5 17 3.5 12
8736134 170.5 17 4 12
8736135 170.5 17 4.5 12
8736136 170.5 17 5 12
8736137 170.5 17 5.5 12
8736138 170.5 17 6 12
8736139 170.5 17 6.5 12
8736140 170.5 17 7 12
8736141 170.5 17 7.5 12
8736142 170.5 17 8 12
8751542 171 15.5 0 12
8751543 171 15.5 0.5 12
8751544 171 15.5 1 12
8751545 171 15.5 1.5 12
8751546 171 15.5 2 12
8751547 171 15.5 2.5 12
8751548 171 15.5 3 12
8751549 171 15.5 3.5 12
8751550 171 15.5 4 12
8751551 171 15.5 4.5 12
8751552 171 15.5 5 12
8751553 171 15.5 5.5 12
8751554 171 15.5 6 12
8751555 171 15.5 6.5 12
8751556 171 15.5 7 12
8751557 171 15.5 7.5 12
8751558 171 15.5 8 12
8751589 171 16 0 12
8751590 171 16 0.5 12
8751591 171 16 1 12
8751592 171 16 1.5 12
8751593 171 16 2 12
8751594 171 16 2.5 12
8751595 171 16 3 12
8751596 171 16 3.5 12
8751597 171 16 4 12
8751598 171 16 4.5 12
8751599 171 16 5 12
8751600 171 16 5.5 12
8751601 171 16 6 12
8751602 171 16 6.5 12
8751603 171 16 7 12
8751604 171 16 7.5 12
8751605 171 16 8 12
8751636 171 16.5 0 12
8751637 171 16.5 0.5 12
8751638 171 16.5 1 12
8751639 171 16.5 1.5 12
8751640 171 16.5 2 12
8751641 171 16.5 2.5 12
8751642 171 16.5 3 12
8751643 171 16.5 3.5 12
8751644 171 16.5 4 12
8751645 171 16.5 4.5 12
8751646 171 16.5 5 12
8751647 171 16.5 5.5 12
8751648 171 16.5 6 12
8751649 171 16.5 6.5 12
8751650 171 16.5 7 12
8751651 171 16.5 7.5 12
8751652 171 16.5 8 12
8751683 171 17 0 12
8751684 171 17 0.5 12
8751685 171 17 1 12
8751686 171 17 1.5 12
8751687 171 17 2 12
8751688 171 17 2.5 12
8751689 171 17 3 12
8751690 171 17 3.5 12
8751691 171 17 4 12
8751692 171 17 4.5 12
8751693 171 17 5 12
8751694 171 17 5.5 12
8751695 171 17 6 12
8751696 171 17 6.5 12
8751697 171 17 7 12
8751698 171 17 7.5 12
8751699 171 17 8 12
8751730 171 17.5 0 12
8751731 171 17.5 0.5 12
8751732 171 17.5 1 12
8751733 171 17.5 1.5 12
8751734 171 17.5 2 12
8751735 171 17.5 2.5 12
8751736 171 17.5 3 12
8751737 171 17.5 3.5 12
8751738 171 17.5 4 12
8751739 171 17.5 4.5 12
8751740 171 17.5 5 12
8751741 171 17.5 5.5 12
8751742 171 17.5 6 12
8751743 171 17.5 6.5 12
8751744 171 17.5 7 12
8751745 171 17.5 7.5 12
8751746 171 17.5 8 12
8767099 171.5 15.5 0 12
8767100 171.5 15.5 0.5 12
8767101 171.5 15.5 1 12
8767102 171.5 15.5 1.5 12
8767103 171.5 15.5 2 12
8767104 171.5 15.5 2.5 12
8767105 171.5 15.5 3 12
8767106 171.5 15.5 3.5 12
8767107 171.5 15.5 4 12
8767108 171.5 15.5 4.5 12
8767109 171.5 15.5 5 12
8767110 171.5 15.5 5.5 12
8767111 171.5 15.5 6 12
8767112 171.5 15.5 6.5 12
8767113 171.5 15.5 7 12
8767114 171.5 15.5 7.5 12
8767115 171.5 15.5 8 12
8767146 171.5 16 0 12
8767147 171.5 16 0.5 12
8767148 171.5 16 1 12
8767149 171.5 16 1.5 12
8767150 171.5 16 2 12
8767151 171.5 16 2.5 12
8767152 171.5 16 3 12
8767153 171.5 16 3.5 12
8767154 171.5 16 4 12
8767155 171.5 16 4.5 12
8767156 171.5 16 5 12
8767157 171.5 16 5.5 12
8767158 171.5 16 6 12
8767159 171.5 16 6.5 12
8767160 171.5 16 7 12
8767161 171.5 16 7.5 12
8767162 171.5 16 8 12
8767193 171.5 16.5 0 12
8767194 171.5 16.5 0.5 12
8767195 171.5 16.5 1 12
8767196 171.5 16.5 1.5 12
8767197 171.5 16.5 2 12
8767198 171.5 16.5 2.5 12
8767199 171.5 16.5 3 12
8767200 171.5 16.5 3.5 12
8767201 171.5 16.5 4 12
8767202 171.5 16.5 4.5 12
8767203 171.5 16.5 5 12
8767204 171.5 16.5 5.5 12
8767205 171.5 16.5 6 12
8767206 171.5 16.5 6.5 12
8767207 171.5 16.5 7 12
8767208 171.5 16.5 7.5 12
8767209 171.5 16.5 8 12
8767240 171.5 17 0 12
8767241 171.5 17 0.5 12
8767242 171.5 17 1 12
8767243 171.5 17 1.5 12
8767244 171.5 17 2 12
8767245 171.5 17 2.5 12
8767246 171.5 17 3 12
8767247 171.5 17 3.5 12
8767248 171.5 17 4 12
8767249 171.5 17 4.5 12
8767250 171.5 17 5 12
8767251 171.5 17 5.5 12
8767252 171.5 17 6 12
8767253 171.5 17 6.5 12
8767254 171.5 17 7 12
8767255 171.5 17 7.5 12
8767256 171.5 17 8 12
8767287 171.5 17.5 0 12
8767288 171.5 17.5 0.5 12
8767289 171.5 17.5 1 12
8767290 171.5 17.5 1.5 12
8767291 171.5 17.5 2 12
8767292 171.5 17.5 2.5 12
8767293 171.5 17.5 3 12
8767294 171.5 17.5 3.5 12
8767295 171.5 17.5 4 12
8767296 171.5 17.5 4.5 12
8767297 171.5 17.5 5 12
8767298 171.5 17.5 5.5 12
8767299 171.5 17.5 6 12
8767300 171.5 17.5 6.5 12
8767301 171.5 17.5 7 12
8767302 171.5 17.5 7.5 12
8767303 171.5 17.5 8 12
8767334 171.5 18 0 12
8767335 171.5 18 0.5 12
8767336 171.5 18 1 12
8767337 171.5 18 1.5 12
8767338 171.5 18 2 12
8767339 171.5 18 2.5 12
8767340 171.5 18 3 12
8767341 171.5 18 3.5 12
8767342 171.5 18 4 12
8767343 171.5 18 4.5 12
8767344 171.5 18 5 12
8767345 171.5 18 5.5 12
8767346 171.5 18 6 12
8767347 171.5 18 6.5 12
8767348 171.5 18 7 12
8767349 171.5 18 7.5 12
8767350 171.5 18 8 12
8782656 172 15.5 0 12
8782657 172 15.5 0.5 12
8782658 172 15.5 1 12
8782659 172 15.5 1.5 12
8782660 172 15.5 2 12
8782661 172 15.5 2.5 12
8782662 172 15.5 3 12
8782663 172 15.5 3.5 12
8782664 172 15.5 4 12
8782665 172 15.5 4.5 12
8782666 172 15.5 5 12
8782667 172 15.5 5.5 12
8782668 172 15.5 6 12
8782669 172 15.5 6.5 12
8782670 172 15.5 7 12
8782671 172 15.5 7.5 12
8782672 172 15.5 8 12
8782703 172 16 0 12
8782704 172 16 0.5 12
8782705 172 16 1 12
8782706 172 16 1.5 12
8782707 172 16 2 12
8782708 172 16 2.5 12
8782709 172 16 3 12
8782710 172 16 3.5 12
8782711 172 16 4 12
8782712 172 16 4.5 12
8782713 172 16 5 12
8782714 172 16 5.5 12
8782715 172 16 6 12
8782716 172 16 6.5 12
8782717 172 16 7 12
8782718 172 16 7.5 12
8782719 172 16 8 12
8782750 172 16.5 0 12
8782751 172 16.5 0.5 12
8782752 172 16.5 1 12
8782753 172 16.5 1.5 12
8782754 172 16.5 2 12
8782755 172 16.5 2.5 12
8782756 172 16.5 3 12
8782757 172 16.5 3.5 12
8782758 172 16.5 4 12
8782759 172 16.5 4.5 12
8782760 172 16.5 5 12
8782761 172 16.5 5.5 12
8782762 172 16.5 6 12
8782763 172 16.5 6.5 12
8782764 172 16.5 7 12
8782765 172 16.5 7.5 12
8782766 172 16.5 8 12
8782797 172 17 0 12
8782798 172 17 0.5 12
8782799 172 17 1 12
8782800 172 17 1.5 12
8782801 172 17 2 12
8782802 172 17 2.5 12
8782803 172 17 3 12
8782804 172 17 3.5 12
8782805 172 17 4 12
8782806 172 17 4.5 12
8782807 172 17 5 12
8782808 172 17 5.5 12
8782809 172 17 6 12
8782810 172 17 6.5 12
8782811 172 17 7 12
8782812 172 17 7.5 12
8782813 172 17 8 12
8782844 172 17.5 0 12
8782845 172 17.5 0.5 12
8782846 172 17.5 1 12
8782847 172 17.5 1.5 12
8782848 172 17.5 2 12
8782849 172 17.5 2.5 12
8782850 172 17.5 3 12
8782851 172 17.5 3.5 12
8782852 172 17.5 4 12
8782853 172 17.5 4.5 12
8782854 172 17.5 5 12
8782855 172 17.5 5.5 12
8782856 172 17.5 6 12
8782857 172 17.5 6.5 12
8782858 172 17.5 7 12
8782859 172 17.5 7.5 12
8782860 172 17.5 8 12
8782891 172 18 0 12
8782892 172 18 0.5 12
8782893 172 18 1 12
8782894 172 18 1.5 12
8782895 172 18 2 12
8782896 172 18 2.5 12
8782897 172 18 3 12
8782898 172 18 3.5 12
8782899 172 18 4 12
8782900 172 18 4.5 12
8782901 172 18 5 12
8782902 172 18 5.5 12
8782903 172 18 6 12
8782904 172 18 6.5 12
8782905 172 18 7 12
8782906 172 18 7.5 12
8782907 172 18 8 12
8798213 172.5 15.5 0 12
8798214 172.5 15.5 0.5 12
8798215 172.5 15.5 1 12
8798216 172.5 15.5 1.5 12
8798217 172.5 15.5 2 12
8798218 172.5 15.5 2.5 12
8798219 172.5 15.5 3 12
8798220 172.5 15.5 3.5 12
8798221 172.5 15.5 4 12
8798222 172.5 15.5 4.5 12
8798223 172.5 15.5 5 12
8798224 172.5 15.5 5.5 12
8798225 172.5 15.5 6 12
8798226 172.5 15.5 6.5 12
8798227 172.5 15.5 7 12
8798228 172.5 15.5 7.5 12
8798229 172.5 15.5 8 12
8798260 172.5 16 0 12
8798261 172.5 16 0.5 12
8798262 172.5 16 1 12
8798263 172.5 16 1.5 12
8798264 172.5 16 2 12
8798265 172.5 16 2.5 12
8798266 172.5 16 3 12
8798267 172.5 16 3.5 12
8798268 172.5 16 4 12
8798269 172.5 16 4.5 12
8798270 172.5 16 5 12
8798271 172.5 16 5.5 12
8798272 172.5 16 6 12
8798273 172.5 16 6.5 12
8798274 172.5 16 7 12
8798275 172.5 16 7.5 12
8798276 172.5 16 8 12
8798307 172.5 16.5 0 12
8798308 172.5 16.5 0.5 12
8798309 172.5 16.5 1 12
8798310 172.5 16.5 1.5 12
8798311 172.5 16.5 2 12
8798312 172.5 16.5 2.5 12
8798313 172.5 16.5 3 12
8798314 172.5 16.5 3.5 12
8798315 172.5 16.5 4 12
8798316 172.5 16.5 4.5 12
8798317 172.5 16.5 5 12
8798318 172.5 16.5 5.5 12
8798319 172.5 16.5 6 12
8798320 172.5 16.5 6.5 12
8798321 172.5 16.5 7 12
8798322 172.5 16.5 7.5 12
8798323 172.5 16.5 8 12
8798354 172.5 17 0 12
8798355 172.5 17 0.5 12
8798356 172.5 17 1 12
8798357 172.5 17 1.5 12
8798358 172.5 17 2 12
8798359 172.5 17 2.5 12
8798360 172.5 17 3 12
8798361 172.5 17 3.5 12
8798362 172.5 17 4 12
8798363 172.5 17 4.5 12
8798364 172.5 17 5 12
8798365 172.5 17 5.5 12
8798366 172.5 17 6 12
8798367 172.5 17 6.5 12
8798368 172.5 17 7 12
8798369 172.5 17 7.5 12
8798370 172.5 17 8 12
8798401 172.5 17.5 0 12
8798402 172.5 17.5 0.5 12
8798403 172.5 17.5 1 12
8798404 172.5 17.5 1.5 12
8798405 172.5 17.5 2 12
8798406 172.5 17.5 2.5 12
8798407 172.5 17.5 3 12
8798408 172.5 17.5 3.5 12
8798409 172.5 17.5 4 12
8798410 172.5 17.5 4.5 12
8798411 172.5 17.5 5 12
8798412 172.5 17.5 5.5 12
8798413 172.5 17.5 6 12
8798414 172.5 17.5 6.5 12
8798415 172.5 17.5 7 12
8798416 172.5 17.5 7.5 12
8798417 172.5 17.5 8 12
8798448 172.5 18 0 12
8798449 172.5 18 0.5 12
8798450 172.5 18 1 12
8798451 172.5 18 1.5 12
8798452 172.5 18 2 12
8798453 172.5 18 2.5 12
8798454 172.5 18 3 12
8798455 172.5 18 3.5 12
8798456 172.5 18 4 12
8798457 172.5 18 4.5 12
8798458 172.5 18 5 12
8798459 172.5 18 5.5 12
8798460 172.5 18 6 12
8798461 172.5 18 6.5 12
8798462 172.5 18 7 12
8798463 172.5 18 7.5 12
8798464 172.5 18 8 12
8813817 173 16 0 12
8813818 173 16 0.5 12
8813819 173 16 1 12
8813820 173 16 1.5 12
8813821 173 16 2 12
8813822 173 16 2.5 12
8813823 173 16 3 12
8813824 173 16 3.5 12
8813825 173 16 4 12
8813826 173 16 4.5 12
8813827 173 16 5 12
8813828 173 16 5.5 12
8813829 173 16 6 12
8813830 173 16 6.5 12
8813831 173 16 7 12
8813832 173 16 7.5 12
8813833 173 16 8 12
8813864 173 16.5 0 12
8813865 173 16.5 0.5 12
8813866 173 16.5 1 12
8813867 173 16.5 1.5 12
8813868 173 16.5 2 12
8813869 173 16.5 2.5 12
8813870 173 16.5 3 12
8813871 173 16.5 3.5 12
8813872 173 16.5 4 12
8813873 173 16.5 4.5 12
8813874 173 16.5 5 12
8813875 173 16.5 5.5 12
8813876 173 16.5 6 12
8813877 173 16.5 6.5 12
8813878 173 16.5 7 12
8813879 173 16.5 7.5 12
8813880 173 16.5 8 12
8813911 173 17 0 12
8813912 173 17 0.5 12
8813913 173 17 1 12
8813914 173 17 1.5 12
8813915 173 17 2 12
8813916 173 17 2.5 12
8813917 173 17 3 12
8813918 173 17 3.5 12
8813919 173 17 4 12
8813920 173 17 4.5 12
8813921 173 17 5 12
8813922 173 17 5.5 12
8813923 173 17 6 12
8813924 173 17 6.5 12
8813925 173 17 7 12
8813926 173 17 7.5 12
8813927 173 17 8 12
8813958 173 17.5 0 12
8813959 173 17.5 0.5 12
8813960 173 17.5 1 12
8813961 173 17.5 1.5 12
8813962 173 17.5 2 12
8813963 173 17.5 2.5 12
8813964 173 17.5 3 12
8813965 173 17.5 3.5 12
8813966 173 17.5 4 12
8813967 173 17.5 4.5 12
8813968 173 17.5 5 12
8813969 173 17.5 5.5 12
8813970 173 17.5 6 12
8813971 173 17.5 6.5 12
8813972 173 17.5 7 12
8813973 173 17.5 7.5 12
8813974 173 17.5 8 12
