4705171 41 -1 0 12
4705172 41 -1 0.5 12
4705173 41 -1 1 12
4705174 41 -1 1.5 12
4705175 41 -1 2 12
4705176 41 -1 2.5 12
4705177 41 -1 3 12
4705178 41 -1 3.5 12
4705179 41 -1 4 12
4705180 41 -1 4.5 12
4705181 41 -1 5 12
4705182 41 -1 5.5 12
4705183 41 -1 6 12
4705184 41 -1 6.5 12
4705185 41 -1 7 12
4705186 41 -1 7.5 12
4705187 41 -1 8 12
4705218 41 -0.5 0 12
4705219 41 -0.5 0.5 12
4705220 41 -0.5 1 12
4705221 41 -0.5 1.5 12
4705222 41 -0.5 2 12
4705223 41 -0.5 2.5 12
4705224 41 -0.5 3 12
4705225 41 -0.5 3.5 12
4705226 41 -0.5 4 12
4705227 41 -0.5 4.5 12
4705228 41 -0.5 5 12
4705229 41 -0.5 5.5 12
4705230 41 -0.5 6 12
4705231 41 -0.5 6.5 12
4705232 41 -0.5 7 12
4705233 41 -0.5 7.5 12
4705234 41 -0.5 8 12
4705265 41 0 0 12
4705266 41 0 0.5 12
4705267 41 0 1 12
4705268 41 0 1.5 12
4705269 41 0 2 12
4705270 41 0 2.5 12
4705271 41 0 3 12
4705272 41 0 3.5 12
4705273 41 0 4 12
4705274 41 0 4.5 12
4705275 41 0 5 12
4705276 41 0 5.5 12
4705277 41 0 6 12
4705278 41 0 6.5 12
4705279 41 0 7 12
4705280 41 0 7.5 12
4705281 41 0 8 12
4705312 41 0.5 0 12
4705313 41 0.5 0.5 12
4705314 41 0.5 1 12
4705315 41 0.5 1.5 12
4705316 41 0.5 2 12
4705317 41 0.5 2.5 12
4705318 41 0.5 3 12
4705319 41 0.5 3.5 12
4705320 41 0.5 4 12
4705321 41 0.5 4.5 12
4705322 41 0.5 5 12
4705323 41 0.5 5.5 12
4705324 41 0.5 6 12
4705325 41 0.5 6.5 12
4705326 41 0.5 7 12
4705327 41 0.5 7.5 12
4705328 41 0.5 8 12
4705359 41 1 0 12
4705360 41 1 0.5 12
4705361 41 1 1 12
4705362 41 1 1.5 12
4705363 41 1 2 12
4705364 41 1 2.5 12
4705365 41 1 3 12
4705366 41 1 3.5 12
4705367 41 1 4 12
4705368 41 1 4.5 12
4705369 41 1 5 12
4705370 41 1 5.5 12
4705371 41 1 6 12
4705372 41 1 6.5 12
4705373 41 1 7 12
4705374 41 1 7.5 12
4705375 41 1 8 12
4720728 41.5 -1 0 12
4720729 41.5 -1 0.5 12
4720730 41.5 -1 1 12
4720731 41.5 -1 1.5 12
4720732 41.5 -1 2 12
4720733 41.5 -1 2.5 12
4720734 41.5 -1 3 12
4720735 41.5 -1 3.5 12
4720736 41.5 -1 4 12
4720737 41.5 -1 4.5 12
4720738 41.5 -1 5 12
4720739 41.5 -1 5.5 12
4720740 41.5 -1 6 12
4720741 41.5 -1 6.5 12
4720742 41.5 -1 7 12
4720743 41.5 -1 7.5 12
4720744 41.5 -1 8 12
4720775 41.5 -0.5 0 12
4720776 41.5 -0.5 0.5 12
4720777 41.5 -0.5 1 12
4720778 41.5 -0.5 1.5 12
4720779 41.5 -0.5 2 12
4720780 41.5 -0.5 2.5 12
4720781 41.5 -0.5 3 12
4720782 41.5 -0.5 3.5 12
4720783 41.5 -0.5 4 12
4720784 41.5 -0.5 4.5 12
4720785 41.5 -0.5 5 12
4720786 41.5 -0.5 5.5 12
4720787 41.5 -0.5 6 12
4720788 41.5 -0.5 6.5 12
4720789 41.5 -0.5 7 12
4720790 41.5 -0.5 7.5 12
4720791 41.5 -0.5 8 12
4720822 41.5 0 0 12
4720823 41.5 0 0.5 12
4720824 41.5 0 1 12
4720825 41.5 0 1.5 12
4720826 41.5 0 2 12
4720827 41.5 0 2.5 12
4720828 41.5 0 3 12
4720829 41.5 0 3.5 12
4720830 41.5 0 4 12
4720831 41.5 0 4.5 12
4720832 41.5 0 5 12
4720833 41.5 0 5.5 12
4720834 41.5 0 6 12
4720835 41.5 0 6.5 12
4720836 41.5 0 7 12
4720837 41.5 0 7.5 12
4720838 41.5 0 8 12
4720869 41.5 0.5 0 12
4720870 41.5 0.5 0.5 12
4720871 41.5 0.5 1 12
4720872 41.5 0.5 1.5 12
4720873 41.5 0.5 2 12
4720874 41.5 0.5 2.5 12
4720875 41.5 0.5 3 12
4720876 41.5 0.5 3.5 12
4720877 41.5 0.5 4 12
4720878 41.5 0.5 4.5 12
4720879 41.5 0.5 5 12
4720880 41.5 0.5 5.5 12
4720881 41.5 0.5 6 12
4720882 41.5 0.5 6.5 12
4720883 41.5 0.5 7 12
4720884 41.5 0.5 7.5 12
4720885 41.5 0.5 8 12
4720916 41.5 1 0 12
4720917 41.5 1 0.5 12
4720918 41.5 1 1 12
4720919 41.5 1 1.5 12
4720920 41.5 1 2 12
4720921 41.5 1 2.5 12
4720922 41.5 1 3 12
4720923 41.5 1 3.5 12
4720924 41.5 1 4 12
4720925 41.5 1 4.5 12
4720926 41.5 1 5 12
4720927 41.5 1 5.5 12
4720928 41.5 1 6 12
4720929 41.5 1 6.5 12
4720930 41.5 1 7 12
4720931 41.5 1 7.5 12
4720932 41.5 1 8 12
4736285 42 -1 0 12
4736286 42 -1 0.5 12
4736287 42 -1 1 12
4736288 42 -1 1.5 12
4736289 42 -1 2 12
4736290 42 -1 2.5 12
4736291 42 -1 3 12
4736292 42 -1 3.5 12
4736293 42 -1 4 12
4736294 42 -1 4.5 12
4736295 42 -1 5 12
4736296 42 -1 5.5 12
4736297 42 -1 6 12
4736298 42 -1 6.5 12
4736299 42 -1 7 12
4736300 42 -1 7.5 12
4736301 42 -1 8 12
4736332 42 -0.5 0 12
4736333 42 -0.5 0.5 12
4736334 42 -0.5 1 12
4736335 42 -0.5 1.5 12
4736336 42 -0.5 2 12
4736337 42 -0.5 2.5 12
4736338 42 -0.5 3 12
4736339 42 -0.5 3.5 12
4736340 42 -0.5 4 12
4736341 42 -0.5 4.5 12
4736342 42 -0.5 5 12
4736343 42 -0.5 5.5 12
4736344 42 -0.5 6 12
4736345 42 -0.5 6.5 12
4736346 42 -0.5 7 12
4736347 42 -0.5 7.5 12
4736348 42 -0.5 8 12
4736379 42 0 0 12
4736380 42 0 0.5 12
4736381 42 0 1 12
4736382 42 0 1.5 12
4736383 42 0 2 12
4736384 42 0 2.5 12
4736385 42 0 3 12
4736386 42 0 3.5 12
4736387 42 0 4 12
4736388 42 0 4.5 12
4736389 42 0 5 12
4736390 42 0 5.5 12
4736391 42 0 6 12
4736392 42 0 6.5 12
4736393 42 0 7 12
4736394 42 0 7.5 12
4736395 42 0 8 12
4736426 42 0.5 0 12
4736427 42 0.5 0.5 12
4736428 42 0.5 1 12
4736429 42 0.5 1.5 12
4736430 42 0.5 2 12
4736431 42 0.5 2.5 12
4736432 42 0.5 3 12
4736433 42 0.5 3.5 12
4736434 42 0.5 4 12
4736435 42 0.5 4.5 12
4736436 42 0.5 5 12
4736437 42 0.5 5.5 12
4736438 42 0.5 6 12
4736439 42 0.5 6.5 12
4736440 42 0.5 7 12
4736441 42 0.5 7.5 12
4736442 42 0.5 8 12
4736473 42 1 0 12
4736474 42 1 0.5 12
4736475 42 1 1 12
4736476 42 1 1.5 12
4736477 42 1 2 12
4736478 42 1 2.5 12
4736479 42 1 3 12
4736480 42 1 3.5 12
4736481 42 1 4 12
4736482 42 1 4.5 12
4736483 42 1 5 12
4736484 42 1 5.5 12
4736485 42 1 6 12
4736486 42 1 6.5 12
4736487 42 1 7 12
4736488 42 1 7.5 12
4736489 42 1 8 12
4751842 42.5 -1 0 12
4751843 42.5 -1 0.5 12
4751844 42.5 -1 1 12
4751845 42.5 -1 1.5 12
4751846 42.5 -1 2 12
4751847 42.5 -1 2.5 12
4751848 42.5 -1 3 12
4751849 42.5 -1 3.5 12
4751850 42.5 -1 4 12
4751851 42.5 -1 4.5 12
4751852 42.5 -1 5 12
4751853 42.5 -1 5.5 12
4751854 42.5 -1 6 12
4751855 42.5 -1 6.5 12
4751856 42.5 -1 7 12
4751857 42.5 -1 7.5 12
4751858 42.5 -1 8 12
4751889 42.5 -0.5 0 12
4751890 42.5 -0.5 0.5 12
4751891 42.5 -0.5 1 12
4751892 42.5 -0.5 1.5 12
4751893 42.5 -0.5 2 12
4751894 42.5 -0.5 2.5 12
4751895 42.5 -0.5 3 12
4751896 42.5 -0.5 3.5 12
4751897 42.5 -0.5 4 12
4751898 42.5 -0.5 4.5 12
4751899 42.5 -0.5 5 12
4751900 42.5 -0.5 5.5 12
4751901 42.5 -0.5 6 12
4751902 42.5 -0.5 6.5 12
4751903 42.5 -0.5 7 12
4751904 42.5 -0.5 7.5 12
4751905 42.5 -0.5 8 12
4751936 42.5 0 0 12
4751937 42.5 0 0.5 12
4751938 42.5 0 1 12
4751939 42.5 0 1.5 12
4751940 42.5 0 2 12
4751941 42.5 0 2.5 12
4751942 42.5 0 3 12
4751943 42.5 0 3.5 12
4751944 42.5 0 4 12
4751945 42.5 0 4.5 12
4751946 42.5 0 5 12
4751947 42.5 0 5.5 12
4751948 42.5 0 6 12
4751949 42.5 0 6.5 12
4751950 42.5 0 7 12
4751951 42.5 0 7.5 12
4751952 42.5 0 8 12
4751983 42.5 0.5 0 12
4751984 42.5 0.5 0.5 12
4751985 42.5 0.5 1 12
4751986 42.5 0.5 1.5 12
4751987 42.5 0.5 2 12
4751988 42.5 0.5 2.5 12
4751989 42.5 0.5 3 12
4751990 42.5 0.5 3.5 12
4751991 42.5 0.5 4 12
4751992 42.5 0.5 4.5 12
4751993 42.5 0.5 5 12
4751994 42.5 0.5 5.5 12
4751995 42.5 0.5 6 12
4751996 42.5 0.5 6.5 12
4751997 42.5 0.5 7 12
4751998 42.5 0.5 7.5 12
4751999 42.5 0.5 8 12
4752030 42.5 1 0 12
4752031 42.5 1 0.5 12
4752032 42.5 1 1 12
4752033 42.5 1 1.5 12
4752034 42.5 1 2 12
4752035 42.5 1 2.5 12
4752036 42.5 1 3 12
4752037 42.5 1 3.5 12
4752038 42.5 1 4 12
4752039 42.5 1 4.5 12
4752040 42.5 1 5 12
4752041 42.5 1 5.5 12
4752042 42.5 1 6 12
4752043 42.5 1 6.5 12
4752044 42.5 1 7 12
4752045 42.5 1 7.5 12
4752046 42.5 1 8 12
4767399 43 -1 0 12
4767400 43 -1 0.5 12
4767401 43 -1 1 12
4767402 43 -1 1.5 12
4767403 43 -1 2 12
4767404 43 -1 2.5 12
4767405 43 -1 3 12
4767406 43 -1 3.5 12
4767407 43 -1 4 12
4767408 43 -1 4.5 12
4767409 43 -1 5 12
4767410 43 -1 5.5 12
4767411 43 -1 6 12
4767412 43 -1 6.5 12
4767413 43 -1 7 12
4767414 43 -1 7.5 12
4767415 43 -1 8 12
4767446 43 -0.5 0 12
4767447 43 -0.5 0.5 12
4767448 43 -0.5 1 12
4767449 43 -0.5 1.5 12
4767450 43 -0.5 2 12
4767451 43 -0.5 2.5 12
4767452 43 -0.5 3 12
4767453 43 -0.5 3.5 12
4767454 43 -0.5 4 12
4767455 43 -0.5 4.5 12
4767456 43 -0.5 5 12
4767457 43 -0.5 5.5 12
4767458 43 -0.5 6 12
4767459 43 -0.5 6.5 12
4767460 43 -0.5 7 12
4767461 43 -0.5 7.5 12
4767462 43 -0.5 8 12
4767493 43 0 0 12
4767494 43 0 0.5 12
4767495 43 0 1 12
4767496 43 0 1.5 12
4767497 43 0 2 12
4767498 43 0 2.5 12
4767499 43 0 3 12
4767500 43 0 3.5 12
4767501 43 0 4 12
4767502 43 0 4.5 12
4767503 43 0 5 12
4767504 43 0 5.5 12
4767505 43 0 6 12
4767506 43 0 6.5 12
4767507 43 0 7 12
4767508 43 0 7.5 12
4767509 43 0 8 12
4767540 43 0.5 0 12
4767541 43 0.5 0.5 12
4767542 43 0.5 1 12
4767543 43 0.5 1.5 12
4767544 43 0.5 2 12
4767545 43 0.5 2.5 12
4767546 43 0.5 3 12
4767547 43 0.5 3.5 12
4767548 43 0.5 4 12
4767549 43 0.5 4.5 12
4767550 43 0.5 5 12
4767551 43 0.5 5.5 12
4767552 43 0.5 6 12
4767553 43 0.5 6.5 12
4767554 43 0.5 7 12
4767555 43 0.5 7.5 12
4767556 43 0.5 8 12
4767587 43 1 0 12
4767588 43 1 0.5 12
4767589 43 1 1 12
4767590 43 1 1.5 12
4767591 43 1 2 12
4767592 43 1 2.5 12
4767593 43 1 3 12
4767594 43 1 3.5 12
4767595 43 1 4 12
4767596 43 1 4.5 12
4767597 43 1 5 12
4767598 43 1 5.5 12
4767599 43 1 6 12
4767600 43 1 6.5 12
4767601 43 1 7 12
4767602 43 1 7.5 12
4767603 43 1 8 12
4783050 43.5 0 0 12
4783051 43.5 0 0.5 12
4783052 43.5 0 1 12
4783053 43.5 0 1.5 12
4783054 43.5 0 2 12
4783055 43.5 0 2.5 12
4783056 43.5 0 3 12
4783057 43.5 0 3.5 12
4783058 43.5 0 4 12
4783059 43.5 0 4.5 12
4783060 43.5 0 5 12
4783061 43.5 0 5.5 12
4783062 43.5 0 6 12
4783063 43.5 0 6.5 12
4783064 43.5 0 7 12
4783065 43.5 0 7.5 12
4783066 43.5 0 8 12
