4039369 19.5 32.5 0 12
4039370 19.5 32.5 0.5 12
4039371 19.5 32.5 1 12
4039372 19.5 32.5 1.5 12
4039373 19.5 32.5 2 12
4039374 19.5 32.5 2.5 12
4039375 19.5 32.5 3 12
4039376 19.5 32.5 3.5 12
4039377 19.5 32.5 4 12
4039378 19.5 32.5 4.5 12
4039379 19.5 32.5 5 12
4039380 19.5 32.5 5.5 12
4039381 19.5 32.5 6 12
4039382 19.5 32.5 6.5 12
4039383 19.5 32.5 7 12
4039384 19.5 32.5 7.5 12
4039385 19.5 32.5 8 12
4039416 19.5 33 0 12
4039417 19.5 33 0.5 12
4039418 19.5 33 1 12
4039419 19.5 33 1.5 12
4039420 19.5 33 2 12
4039421 19.5 33 2.5 12
4039422 19.5 33 3 12
4039423 19.5 33 3.5 12
4039424 19.5 33 4 12
4039425 19.5 33 4.5 12
4039426 19.5 33 5 12
4039427 19.5 33 5.5 12
4039428 19.5 33 6 12
4039429 19.5 33 6.5 12
4039430 19.5 33 7 12
4039431 19.5 33 7.5 12
4039432 19.5 33 8 12
4039463 19.5 33.5 0 12
4039464 19.5 33.5 0.5 12
4039465 19.5 33.5 1 12
4039466 19.5 33.5 1.5 12
4039467 19.5 33.5 2 12
4039468 19.5 33.5 2.5 12
4039469 19.5 33.5 3 12
4039470 19.5 33.5 3.5 12
4039471 19.5 33.5 4 12
4039472 19.5 33.5 4.5 12
4039473 19.5 33.5 5 12
4039474 19.5 33.5 5.5 12
4039475 19.5 33.5 6 12
4039476 19.5 33.5 6.5 12
4039477 19.5 33.5 7 12
4039478 19.5 33.5 7.5 12
4039479 19.5 33.5 8 12
4039510 19.5 34 0 12
4039511 19.5 34 0.5 12
4039512 19.5 34 1 12
4039513 19.5 34 1.5 12
4039514 19.5 34 2 12
4039515 19.5 34 2.5 12
4039516 19.5 34 3 12
4039517 19.5 34 3.5 12
4039518 19.5 34 4 12
4039519 19.5 34 4.5 12
4039520 19.5 34 5 12
4039521 19.5 34 5.5 12
4039522 19.5 34 6 12
4039523 19.5 34 6.5 12
4039524 19.5 34 7 12
4039525 19.5 34 7.5 12
4039526 19.5 34 8 12
4054879 20 32 0 12
4054880 20 32 0.5 12
4054881 20 32 1 12
4054882 20 32 1.5 12
4054883 20 32 2 12
4054884 20 32 2.5 12
4054885 20 32 3 12
4054886 20 32 3.5 12
4054887 20 32 4 12
4054888 20 32 4.5 12
4054889 20 32 5 12
4054890 20 32 5.5 12
4054891 20 32 6 12
4054892 20 32 6.5 12
4054893 20 32 7 12
4054894 20 32 7.5 12
4054895 20 32 8 12
4054926 20 32.5 0 12
4054927 20 32.5 0.5 12
4054928 20 32.5 1 12
4054929 20 32.5 1.5 12
4054930 20 32.5 2 12
4054931 20 32.5 2.5 12
4054932 20 32.5 3 12
4054933 20 32.5 3.5 12
4054934 20 32.5 4 12
4054935 20 32.5 4.5 12
4054936 20 32.5 5 12
4054937 20 32.5 5.5 12
4054938 20 32.5 6 12
4054939 20 32.5 6.5 12
4054940 20 32.5 7 12
4054941 20 32.5 7.5 12
4054942 20 32.5 8 12
4054973 20 33 0 12
4054974 20 33 0.5 12
4054975 20 33 1 12
4054976 20 33 1.5 12
4054977 20 33 2 12
4054978 20 33 2.5 12
4054979 20 33 3 12
4054980 20 33 3.5 12
4054981 20 33 4 12
4054982 20 33 4.5 12
4054983 20 33 5 12
4054984 20 33 5.5 12
4054985 20 33 6 12
4054986 20 33 6.5 12
4054987 20 33 7 12
4054988 20 33 7.5 12
4054989 20 33 8 12
4055020 20 33.5 0 12
4055021 20 33.5 0.5 12
4055022 20 33.5 1 12
4055023 20 33.5 1.5 12
4055024 20 33.5 2 12
4055025 20 33.5 2.5 12
4055026 20 33.5 3 12
4055027 20 33.5 3.5 12
4055028 20 33.5 4 12
4055029 20 33.5 4.5 12
4055030 20 33.5 5 12
4055031 20 33.5 5.5 12
4055032 20 33.5 6 12
4055033 20 33.5 6.5 12
4055034 20 33.5 7 12
4055035 20 33.5 7.5 12
4055036 20 33.5 8 12
4055067 20 34 0 12
4055068 20 34 0.5 12
4055069 20 34 1 12
4055070 20 34 1.5 12
4055071 20 34 2 12
4055072 20 34 2.5 12
4055073 20 34 3 12
4055074 20 34 3.5 12
4055075 20 34 4 12
4055076 20 34 4.5 12
4055077 20 34 5 12
4055078 20 34 5.5 12
4055079 20 34 6 12
4055080 20 34 6.5 12
4055081 20 34 7 12
4055082 20 34 7.5 12
4055083 20 34 8 12
4055114 20 34.5 0 12
4055115 20 34.5 0.5 12
4055116 20 34.5 1 12
4055117 20 34.5 1.5 12
4055118 20 34.5 2 12
4055119 20 34.5 2.5 12
4055120 20 34.5 3 12
4055121 20 34.5 3.5 12
4055122 20 34.5 4 12
4055123 20 34.5 4.5 12
4055124 20 34.5 5 12
4055125 20 34.5 5.5 12
4055126 20 34.5 6 12
4055127 20 34.5 6.5 12
4055128 20 34.5 7 12
4055129 20 34.5 7.5 12
4055130 20 34.5 8 12
4070436 20.5 32 0 12
4070437 20.5 32 0.5 12
4070438 20.5 32 1 12
4070439 20.5 32 1.5 12
4070440 20.5 32 2 12
4070441 20.5 32 2.5 12
4070442 20.5 32 3 12
4070443 20.5 32 3.5 12
4070444 20.5 32 4 12
4070445 20.5 32 4.5 12
4070446 20.5 32 5 12
4070447 20.5 32 5.5 12
4070448 20.5 32 6 12
4070449 20.5 32 6.5 12
4070450 20.5 32 7 12
4070451 20.5 32 7.5 12
4070452 20.5 32 8 12
4070483 20.5 32.5 0 12
4070484 20.5 32.5 0.5 12
4070485 20.5 32.5 1 12
4070486 20.5 32.5 1.5 12
4070487 20.5 32.5 2 12
4070488 20.5 32.5 2.5 12
4070489 20.5 32.5 3 12
4070490 20.5 32.5 3.5 12
4070491 20.5 32.5 4 12
4070492 20.5 32.5 4.5 12
4070493 20.5 32.5 5 12
4070494 20.5 32.5 5.5 12
4070495 20.5 32.5 6 12
4070496 20.5 32.5 6.5 12
4070497 20.5 32.5 7 12
4070498 20.5 32.5 7.5 12
4070499 20.5 32.5 8 12
4070530 20.5 33 0 12
4070531 20.5 33 0.5 12
4070532 20.5 33 1 12
4070533 20.5 33 1.5 12
4070534 20.5 33 2 12
4070535 20.5 33 2.5 12
4070536 20.5 33 3 12
4070537 20.5 33 3.5 12
4070538 20.5 33 4 12
4070539 20.5 33 4.5 12
4070540 20.5 33 5 12
4070541 20.5 33 5.5 12
4070542 20.5 33 6 12
4070543 20.5 33 6.5 12
4070544 20.5 33 7 12
4070545 20.5 33 7.5 12
4070546 20.5 33 8 12
4070577 20.5 33.5 0 12
4070578 20.5 33.5 0.5 12
4070579 20.5 33.5 1 12
4070580 20.5 33.5 1.5 12
4070581 20.5 33.5 2 12
4070582 20.5 33.5 2.5 12
4070583 20.5 33.5 3 12
4070584 20.5 33.5 3.5 12
4070585 20.5 33.5 4 12
4070586 20.5 33.5 4.5 12
4070587 20.5 33.5 5 12
4070588 20.5 33.5 5.5 12
4070589 20.5 33.5 6 12
4070590 20.5 33.5 6.5 12
4070591 20.5 33.5 7 12
4070592 20.5 33.5 7.5 12
4070593 20.5 33.5 8 12
4070624 20.5 34 0 12
4070625 20.5 34 0.5 12
4070626 20.5 34 1 12
4070627 20.5 34 1.5 12
4070628 20.5 34 2 12
4070629 20.5 34 2.5 12
4070630 20.5 34 3 12
4070631 20.5 34 3.5 12
4070632 20.5 34 4 12
4070633 20.5 34 4.5 12
4070634 20.5 34 5 12
4070635 20.5 34 5.5 12
4070636 20.5 34 6 12
4070637 20.5 34 6.5 12
4070638 20.5 34 7 12
4070639 20.5 34 7.5 12
4070640 20.5 34 8 12
4070671 20.5 34.5 0 12
4070672 20.5 34.5 0.5 12
4070673 20.5 34.5 1 12
4070674 20.5 34.5 1.5 12
4070675 20.5 34.5 2 12
4070676 20.5 34.5 2.5 12
4070677 20.5 34.5 3 12
4070678 20.5 34.5 3.5 12
4070679 20.5 34.5 4 12
4070680 20.5 34.5 4.5 12
4070681 20.5 34.5 5 12
4070682 20.5 34.5 5.5 12
4070683 20.5 34.5 6 12
4070684 20.5 34.5 6.5 12
4070685 20.5 34.5 7 12
4070686 20.5 34.5 7.5 12
4070687 20.5 34.5 8 12
4085993 21 32 0 12
4085994 21 32 0.5 12
4085995 21 32 1 12
4085996 21 32 1.5 12
4085997 21 32 2 12
4085998 21 32 2.5 12
4085999 21 32 3 12
4086000 21 32 3.5 12
4086001 21 32 4 12
4086002 21 32 4.5 12
4086003 21 32 5 12
4086004 21 32 5.5 12
4086005 21 32 6 12
4086006 21 32 6.5 12
4086007 21 32 7 12
4086008 21 32 7.5 12
4086009 21 32 8 12
4086040 21 32.5 0 12
4086041 21 32.5 0.5 12
4086042 21 32.5 1 12
4086043 21 32.5 1.5 12
4086044 21 32.5 2 12
4086045 21 32.5 2.5 12
4086046 21 32.5 3 12
4086047 21 32.5 3.5 12
4086048 21 32.5 4 12
4086049 21 32.5 4.5 12
4086050 21 32.5 5 12
4086051 21 32.5 5.5 12
4086052 21 32.5 6 12
4086053 21 32.5 6.5 12
4086054 21 32.5 7 12
4086055 21 32.5 7.5 12
4086056 21 32.5 8 12
4086087 21 33 0 12
4086088 21 33 0.5 12
4086089 21 33 1 12
4086090 21 33 1.5 12
4086091 21 33 2 12
4086092 21 33 2.5 12
4086093 21 33 3 12
4086094 21 33 3.5 12
4086095 21 33 4 12
4086096 21 33 4.5 12
4086097 21 33 5 12
4086098 21 33 5.5 12
4086099 21 33 6 12
4086100 21 33 6.5 12
4086101 21 33 7 12
4086102 21 33 7.5 12
4086103 21 33 8 12
4086134 21 33.5 0 12
4086135 21 33.5 0.5 12
4086136 21 33.5 1 12
4086137 21 33.5 1.5 12
4086138 21 33.5 2 12
4086139 21 33.5 2.5 12
4086140 21 33.5 3 12
4086141 21 33.5 3.5 12
4086142 21 33.5 4 12
4086143 21 33.5 4.5 12
4086144 21 33.5 5 12
4086145 21 33.5 5.5 12
4086146 21 33.5 6 12
4086147 21 33.5 6.5 12
4086148 21 33.5 7 12
4086149 21 33.5 7.5 12
4086150 21 33.5 8 12
4086181 21 34 0 12
4086182 21 34 0.5 12
4086183 21 34 1 12
4086184 21 34 1.5 12
4086185 21 34 2 12
4086186 21 34 2.5 12
4086187 21 34 3 12
4086188 21 34 3.5 12
4086189 21 34 4 12
4086190 21 34 4.5 12
4086191 21 34 5 12
4086192 21 34 5.5 12
4086193 21 34 6 12
4086194 21 34 6.5 12
4086195 21 34 7 12
4086196 21 34 7.5 12
4086197 21 34 8 12
4086228 21 34.5 0 12
4086229 21 34.5 0.5 12
4086230 21 34.5 1 12
4086231 21 34.5 1.5 12
4086232 21 34.5 2 12
4086233 21 34.5 2.5 12
4086234 21 34.5 3 12
4086235 21 34.5 3.5 12
4086236 21 34.5 4 12
4086237 21 34.5 4.5 12
4086238 21 34.5 5 12
4086239 21 34.5 5.5 12
4086240 21 34.5 6 12
4086241 21 34.5 6.5 12
4086242 21 34.5 7 12
4086243 21 34.5 7.5 12
4086244 21 34.5 8 12
4101597 21.5 32.5 0 12
4101598 21.5 32.5 0.5 12
4101599 21.5 32.5 1 12
4101600 21.5 32.5 1.5 12
4101601 21.5 32.5 2 12
4101602 21.5 32.5 2.5 12
4101603 21.5 32.5 3 12
4101604 21.5 32.5 3.5 12
4101605 21.5 32.5 4 12
4101606 21.5 32.5 4.5 12
4101607 21.5 32.5 5 12
4101608 21.5 32.5 5.5 12
4101609 21.5 32.5 6 12
4101610 21.5 32.5 6.5 12
4101611 21.5 32.5 7 12
4101612 21.5 32.5 7.5 12
4101613 21.5 32.5 8 12
4101644 21.5 33 0 12
4101645 21.5 33 0.5 12
4101646 21.5 33 1 12
4101647 21.5 33 1.5 12
4101648 21.5 33 2 12
4101649 21.5 33 2.5 12
4101650 21.5 33 3 12
4101651 21.5 33 3.5 12
4101652 21.5 33 4 12
4101653 21.5 33 4.5 12
4101654 21.5 33 5 12
4101655 21.5 33 5.5 12
4101656 21.5 33 6 12
4101657 21.5 33 6.5 12
4101658 21.5 33 7 12
4101659 21.5 33 7.5 12
4101660 21.5 33 8 12
4101691 21.5 33.5 0 12
4101692 21.5 33.5 0.5 12
4101693 21.5 33.5 1 12
4101694 21.5 33.5 1.5 12
4101695 21.5 33.5 2 12
4101696 21.5 33.5 2.5 12
4101697 21.5 33.5 3 12
4101698 21.5 33.5 3.5 12
4101699 21.5 33.5 4 12
4101700 21.5 33.5 4.5 12
4101701 21.5 33.5 5 12
4101702 21.5 33.5 5.5 12
4101703 21.5 33.5 6 12
4101704 21.5 33.5 6.5 12
4101705 21.5 33.5 7 12
4101706 21.5 33.5 7.5 12
4101707 21.5 33.5 8 12
4101738 21.5 34 0 12
4101739 21.5 34 0.5 12
4101740 21.5 34 1 12
4101741 21.5 34 1.5 12
4101742 21.5 34 2 12
4101743 21.5 34 2.5 12
4101744 21.5 34 3 12
4101745 21.5 34 3.5 12
4101746 21.5 34 4 12
4101747 21.5 34 4.5 12
4101748 21.5 34 5 12
4101749 21.5 34 5.5 12
4101750 21.5 34 6 12
4101751 21.5 34 6.5 12
4101752 21.5 34 7 12
4101753 21.5 34 7.5 12
4101754 21.5 34 8 12
4117201 22 33 0 12
4117202 22 33 0.5 12
4117203 22 33 1 12
4117204 22 33 1.5 12
4117205 22 33 2 12
4117206 22 33 2.5 12
4117207 22 33 3 12
4117208 22 33 3.5 12
4117209 22 33 4 12
4117210 22 33 4.5 12
4117211 22 33 5 12
4117212 22 33 5.5 12
4117213 22 33 6 12
4117214 22 33 6.5 12
4117215 22 33 7 12
4117216 22 33 7.5 12
4117217 22 33 8 12
4117248 22 33.5 0 12
4117249 22 33.5 0.5 12
4117250 22 33.5 1 12
4117251 22 33.5 1.5 12
4117252 22 33.5 2 12
4117253 22 33.5 2.5 12
4117254 22 33.5 3 12
4117255 22 33.5 3.5 12
4117256 22 33.5 4 12
4117257 22 33.5 4.5 12
4117258 22 33.5 5 12
4117259 22 33.5 5.5 12
4117260 22 33.5 6 12
4117261 22 33.5 6.5 12
4117262 22 33.5 7 12
4117263 22 33.5 7.5 12
4117264 22 33.5 8 12
