8410886 160 32.5 0 12
8410887 160 32.5 0.5 12
8410888 160 32.5 1 12
8410889 160 32.5 1.5 12
8410890 160 32.5 2 12
8410891 160 32.5 2.5 12
8410892 160 32.5 3 12
8410893 160 32.5 3.5 12
8410894 160 32.5 4 12
8410895 160 32.5 4.5 12
8410896 160 32.5 5 12
8410897 160 32.5 5.5 12
8410898 160 32.5 6 12
8410899 160 32.5 6.5 12
8410900 160 32.5 7 12
8410901 160 32.5 7.5 12
8410902 160 32.5 8 12
8410933 160 33 0 12
8410934 160 33 0.5 12
8410935 160 33 1 12
8410936 160 33 1.5 12
8410937 160 33 2 12
8410938 160 33 2.5 12
8410939 160 33 3 12
8410940 160 33 3.5 12
8410941 160 33 4 12
8410942 160 33 4.5 12
8410943 160 33 5 12
8410944 160 33 5.5 12
8410945 160 33 6 12
8410946 160 33 6.5 12
8410947 160 33 7 12
8410948 160 33 7.5 12
8410949 160 33 8 12
8410980 160 33.5 0 12
8410981 160 33.5 0.5 12
8410982 160 33.5 1 12
8410983 160 33.5 1.5 12
8410984 160 33.5 2 12
8410985 160 33.5 2.5 12
8410986 160 33.5 3 12
8410987 160 33.5 3.5 12
8410988 160 33.5 4 12
8410989 160 33.5 4.5 12
8410990 160 33.5 5 12
8410991 160 33.5 5.5 12
8410992 160 33.5 6 12
8410993 160 33.5 6.5 12
8410994 160 33.5 7 12
8410995 160 33.5 7.5 12
8410996 160 33.5 8 12
8411027 160 34 0 12
8411028 160 34 0.5 12
8411029 160 34 1 12
8411030 160 34 1.5 12
8411031 160 34 2 12
8411032 160 34 2.5 12
8411033 160 34 3 12
8411034 160 34 3.5 12
8411035 160 34 4 12
8411036 160 34 4.5 12
8411037 160 34 5 12
8411038 160 34 5.5 12
8411039 160 34 6 12
8411040 160 34 6.5 12
8411041 160 34 7 12
8411042 160 34 7.5 12
8411043 160 34 8 12
8426396 160.5 32 0 12
8426397 160.5 32 0.5 12
8426398 160.5 32 1 12
8426399 160.5 32 1.5 12
8426400 160.5 32 2 12
8426401 160.5 32 2.5 12
8426402 160.5 32 3 12
8426403 160.5 32 3.5 12
8426404 160.5 32 4 12
8426405 160.5 32 4.5 12
8426406 160.5 32 5 12
8426407 160.5 32 5.5 12
8426408 160.5 32 6 12
8426409 160.5 32 6.5 12
8426410 160.5 32 7 12
8426411 160.5 32 7.5 12
8426412 160.5 32 8 12
8426443 160.5 32.5 0 12
8426444 160.5 32.5 0.5 12
8426445 160.5 32.5 1 12
8426446 160.5 32.5 1.5 12
8426447 160.5 32.5 2 12
8426448 160.5 32.5 2.5 12
8426449 160.5 32.5 3 12
8426450 160.5 32.5 3.5 12
8426451 160.5 32.5 4 12
8426452 160.5 32.5 4.5 12
8426453 160.5 32.5 5 12
8426454 160.5 32.5 5.5 12
8426455 160.5 32.5 6 12
8426456 160.5 32.5 6.5 12
8426457 160.5 32.5 7 12
8426458 160.5 32.5 7.5 12
8426459 160.5 32.5 8 12
8426490 160.5 33 0 12
8426491 160.5 33 0.5 12
8426492 160.5 33 1 12
8426493 160.5 33 1.5 12
8426494 160.5 33 2 12
8426495 160.5 33 2.5 12
8426496 160.5 33 3 12
8426497 160.5 33 3.5 12
8426498 160.5 33 4 12
8426499 160.5 33 4.5 12
8426500 160.5 33 5 12
8426501 160.5 33 5.5 12
8426502 160.5 33 6 12
8426503 160.5 33 6.5 12
8426504 160.5 33 7 12
8426505 160.5 33 7.5 12
8426506 160.5 33 8 12
8426537 160.5 33.5 0 12
8426538 160.5 33.5 0.5 12
8426539 160.5 33.5 1 12
8426540 160.5 33.5 1.5 12
8426541 160.5 33.5 2 12
8426542 160.5 33.5 2.5 12
8426543 160.5 33.5 3 12
8426544 160.5 33.5 3.5 12
8426545 160.5 33.5 4 12
8426546 160.5 33.5 4.5 12
8426547 160.5 33.5 5 12
8426548 160.5 33.5 5.5 12
8426549 160.5 33.5 6 12
8426550 160.5 33.5 6.5 12
8426551 160.5 33.5 7 12
8426552 160.5 33.5 7.5 12
8426553 160.5 33.5 8 12
8426584 160.5 34 0 12
8426585 160.5 34 0.5 12
8426586 160.5 34 1 12
8426587 160.5 34 1.5 12
8426588 160.5 34 2 12
8426589 160.5 34 2.5 12
8426590 160.5 34 3 12
8426591 160.5 34 3.5 12
8426592 160.5 34 4 12
8426593 160.5 34 4.5 12
8426594 160.5 34 5 12
8426595 160.5 34 5.5 12
8426596 160.5 34 6 12
8426597 160.5 34 6.5 12
8426598 160.5 34 7 12
8426599 160.5 34 7.5 12
8426600 160.5 34 8 12
8426631 160.5 34.5 0 12
8426632 160.5 34.5 0.5 12
8426633 160.5 34.5 1 12
8426634 160.5 34.5 1.5 12
8426635 160.5 34.5 2 12
8426636 160.5 34.5 2.5 12
8426637 160.5 34.5 3 12
8426638 160.5 34.5 3.5 12
8426639 160.5 34.5 4 12
8426640 160.5 34.5 4.5 12
8426641 160.5 34.5 5 12
8426642 160.5 34.5 5.5 12
8426643 160.5 34.5 6 12
8426644 160.5 34.5 6.5 12
8426645 160.5 34.5 7 12
8426646 160.5 34.5 7.5 12
8426647 160.5 34.5 8 12
8441953 161 32 0 12
8441954 161 32 0.5 12
8441955 161 32 1 12
8441956 161 32 1.5 12
8441957 161 32 2 12
8441958 161 32 2.5 12
8441959 161 32 3 12
8441960 161 32 3.5 12
8441961 161 32 4 12
8441962 161 32 4.5 12
8441963 161 32 5 12
8441964 161 32 5.5 12
8441965 161 32 6 12
8441966 161 32 6.5 12
8441967 161 32 7 12
8441968 161 32 7.5 12
8441969 161 32 8 12
8442000 161 32.5 0 12
8442001 161 32.5 0.5 12
8442002 161 32.5 1 12
8442003 161 32.5 1.5 12
8442004 161 32.5 2 12
8442005 161 32.5 2.5 12
8442006 161 32.5 3 12
8442007 161 32.5 3.5 12
8442008 161 32.5 4 12
8442009 161 32.5 4.5 12
8442010 161 32.5 5 12
8442011 161 32.5 5.5 12
8442012 161 32.5 6 12
8442013 161 32.5 6.5 12
8442014 161 32.5 7 12
8442015 161 32.5 7.5 12
8442016 161 32.5 8 12
8442047 161 33 0 12
8442048 161 33 0.5 12
8442049 161 33 1 12
8442050 161 33 1.5 12
8442051 161 33 2 12
8442052 161 33 2.5 12
8442053 161 33 3 12
8442054 161 33 3.5 12
8442055 161 33 4 12
8442056 161 33 4.5 12
8442057 161 33 5 12
8442058 161 33 5.5 12
8442059 161 33 6 12
8442060 161 33 6.5 12
8442061 161 33 7 12
8442062 161 33 7.5 12
8442063 161 33 8 12
8442094 161 33.5 0 12
8442095 161 33.5 0.5 12
8442096 161 33.5 1 12
8442097 161 33.5 1.5 12
8442098 161 33.5 2 12
8442099 161 33.5 2.5 12
8442100 161 33.5 3 12
8442101 161 33.5 3.5 12
8442102 161 33.5 4 12
8442103 161 33.5 4.5 12
8442104 161 33.5 5 12
8442105 161 33.5 5.5 12
8442106 161 33.5 6 12
8442107 161 33.5 6.5 12
8442108 161 33.5 7 12
8442109 161 33.5 7.5 12
8442110 161 33.5 8 12
8442141 161 34 0 12
8442142 161 34 0.5 12
8442143 161 34 1 12
8442144 161 34 1.5 12
8442145 161 34 2 12
8442146 161 34 2.5 12
8442147 161 34 3 12
8442148 161 34 3.5 12
8442149 161 34 4 12
8442150 161 34 4.5 12
8442151 161 34 5 12
8442152 161 34 5.5 12
8442153 161 34 6 12
8442154 161 34 6.5 12
8442155 161 34 7 12
8442156 161 34 7.5 12
8442157 161 34 8 12
8442188 161 34.5 0 12
8442189 161 34.5 0.5 12
8442190 161 34.5 1 12
8442191 161 34.5 1.5 12
8442192 161 34.5 2 12
8442193 161 34.5 2.5 12
8442194 161 34.5 3 12
8442195 161 34.5 3.5 12
8442196 161 34.5 4 12
8442197 161 34.5 4.5 12
8442198 161 34.5 5 12
8442199 161 34.5 5.5 12
8442200 161 34.5 6 12
8442201 161 34.5 6.5 12
8442202 161 34.5 7 12
8442203 161 34.5 7.5 12
8442204 161 34.5 8 12
8457510 161.5 32 0 12
8457511 161.5 32 0.5 12
8457512 161.5 32 1 12
8457513 161.5 32 1.5 12
8457514 161.5 32 2 12
8457515 161.5 32 2.5 12
8457516 161.5 32 3 12
8457517 161.5 32 3.5 12
8457518 161.5 32 4 12
8457519 161.5 32 4.5 12
8457520 161.5 32 5 12
8457521 161.5 32 5.5 12
8457522 161.5 32 6 12
8457523 161.5 32 6.5 12
8457524 161.5 32 7 12
8457525 161.5 32 7.5 12
8457526 161.5 32 8 12
8457557 161.5 32.5 0 12
8457558 161.5 32.5 0.5 12
8457559 161.5 32.5 1 12
8457560 161.5 32.5 1.5 12
8457561 161.5 32.5 2 12
8457562 161.5 32.5 2.5 12
8457563 161.5 32.5 3 12
8457564 161.5 32.5 3.5 12
8457565 161.5 32.5 4 12
8457566 161.5 32.5 4.5 12
8457567 161.5 32.5 5 12
8457568 161.5 32.5 5.5 12
8457569 161.5 32.5 6 12
8457570 161.5 32.5 6.5 12
8457571 161.5 32.5 7 12
8457572 161.5 32.5 7.5 12
8457573 161.5 32.5 8 12
8457604 161.5 33 0 12
8457605 161.5 33 0.5 12
8457606 161.5 33 1 12
8457607 161.5 33 1.5 12
8457608 161.5 33 2 12
8457609 161.5 33 2.5 12
8457610 161.5 33 3 12
8457611 161.5 33 3.5 12
8457612 161.5 33 4 12
8457613 161.5 33 4.5 12
8457614 161.5 33 5 12
8457615 161.5 33 5.5 12
8457616 161.5 33 6 12
8457617 161.5 33 6.5 12
8457618 161.5 33 7 12
8457619 161.5 33 7.5 12
8457620 161.5 33 8 12
8457651 161.5 33.5 0 12
8457652 161.5 33.5 0.5 12
8457653 161.5 33.5 1 12
8457654 161.5 33.5 1.5 12
8457655 161.5 33.5 2 12
8457656 161.5 33.5 2.5 12
8457657 161.5 33.5 3 12
8457658 161.5 33.5 3.5 12
8457659 161.5 33.5 4 12
8457660 161.5 33.5 4.5 12
8457661 161.5 33.5 5 12
8457662 161.5 33.5 5.5 12
8457663 161.5 33.5 6 12
8457664 161.5 33.5 6.5 12
8457665 161.5 33.5 7 12
8457666 161.5 33.5 7.5 12
8457667 161.5 33.5 8 12
8457698 161.5 34 0 12
8457699 161.5 34 0.5 12
8457700 161.5 34 1 12
8457701 161.5 34 1.5 12
8457702 161.5 34 2 12
8457703 161.5 34 2.5 12
8457704 161.5 34 3 12
8457705 161.5 34 3.5 12
8457706 161.5 34 4 12
8457707 161.5 34 4.5 12
8457708 161.5 34 5 12
8457709 161.5 34 5.5 12
8457710 161.5 34 6 12
8457711 161.5 34 6.5 12
8457712 161.5 34 7 12
8457713 161.5 34 7.5 12
8457714 161.5 34 8 12
8457745 161.5 34.5 0 12
8457746 161.5 34.5 0.5 12
8457747 161.5 34.5 1 12
8457748 161.5 34.5 1.5 12
8457749 161.5 34.5 2 12
8457750 161.5 34.5 2.5 12
8457751 161.5 34.5 3 12
8457752 161.5 34.5 3.5 12
8457753 161.5 34.5 4 12
8457754 161.5 34.5 4.5 12
8457755 161.5 34.5 5 12
8457756 161.5 34.5 5.5 12
8457757 161.5 34.5 6 12
8457758 161.5 34.5 6.5 12
8457759 161.5 34.5 7 12
8457760 161.5 34.5 7.5 12
8457761 161.5 34.5 8 12
8473067 162 32 0 12
8473068 162 32 0.5 12
8473069 162 32 1 12
8473070 162 32 1.5 12
8473071 162 32 2 12
8473072 162 32 2.5 12
8473073 162 32 3 12
8473074 162 32 3.5 12
8473075 162 32 4 12
8473076 162 32 4.5 12
8473077 162 32 5 12
8473078 162 32 5.5 12
8473079 162 32 6 12
8473080 162 32 6.5 12
8473081 162 32 7 12
8473082 162 32 7.5 12
8473083 162 32 8 12
8473114 162 32.5 0 12
8473115 162 32.5 0.5 12
8473116 162 32.5 1 12
8473117 162 32.5 1.5 12
8473118 162 32.5 2 12
8473119 162 32.5 2.5 12
8473120 162 32.5 3 12
8473121 162 32.5 3.5 12
8473122 162 32.5 4 12
8473123 162 32.5 4.5 12
8473124 162 32.5 5 12
8473125 162 32.5 5.5 12
8473126 162 32.5 6 12
8473127 162 32.5 6.5 12
8473128 162 32.5 7 12
8473129 162 32.5 7.5 12
8473130 162 32.5 8 12
8473161 162 33 0 12
8473162 162 33 0.5 12
8473163 162 33 1 12
8473164 162 33 1.5 12
8473165 162 33 2 12
8473166 162 33 2.5 12
8473167 162 33 3 12
8473168 162 33 3.5 12
8473169 162 33 4 12
8473170 162 33 4.5 12
8473171 162 33 5 12
8473172 162 33 5.5 12
8473173 162 33 6 12
8473174 162 33 6.5 12
8473175 162 33 7 12
8473176 162 33 7.5 12
8473177 162 33 8 12
8473208 162 33.5 0 12
8473209 162 33.5 0.5 12
8473210 162 33.5 1 12
8473211 162 33.5 1.5 12
8473212 162 33.5 2 12
8473213 162 33.5 2.5 12
8473214 162 33.5 3 12
8473215 162 33.5 3.5 12
8473216 162 33.5 4 12
8473217 162 33.5 4.5 12
8473218 162 33.5 5 12
8473219 162 33.5 5.5 12
8473220 162 33.5 6 12
8473221 162 33.5 6.5 12
8473222 162 33.5 7 12
8473223 162 33.5 7.5 12
8473224 162 33.5 8 12
8473255 162 34 0 12
8473256 162 34 0.5 12
8473257 162 34 1 12
8473258 162 34 1.5 12
8473259 162 34 2 12
8473260 162 34 2.5 12
8473261 162 34 3 12
8473262 162 34 3.5 12
8473263 162 34 4 12
8473264 162 34 4.5 12
8473265 162 34 5 12
8473266 162 34 5.5 12
8473267 162 34 6 12
8473268 162 34 6.5 12
8473269 162 34 7 12
8473270 162 34 7.5 12
8473271 162 34 8 12
8488671 162.5 32.5 0 12
8488672 162.5 32.5 0.5 12
8488673 162.5 32.5 1 12
8488674 162.5 32.5 1.5 12
8488675 162.5 32.5 2 12
8488676 162.5 32.5 2.5 12
8488677 162.5 32.5 3 12
8488678 162.5 32.5 3.5 12
8488679 162.5 32.5 4 12
8488680 162.5 32.5 4.5 12
8488681 162.5 32.5 5 12
8488682 162.5 32.5 5.5 12
8488683 162.5 32.5 6 12
8488684 162.5 32.5 6.5 12
8488685 162.5 32.5 7 12
8488686 162.5 32.5 7.5 12
8488687 162.5 32.5 8 12
8488718 162.5 33 0 12
8488719 162.5 33 0.5 12
8488720 162.5 33 1 12
8488721 162.5 33 1.5 12
8488722 162.5 33 2 12
8488723 162.5 33 2.5 12
8488724 162.5 33 3 12
8488725 162.5 33 3.5 12
8488726 162.5 33 4 12
8488727 162.5 33 4.5 12
8488728 162.5 33 5 12
8488729 162.5 33 5.5 12
8488730 162.5 33 6 12
8488731 162.5 33 6.5 12
8488732 162.5 33 7 12
8488733 162.5 33 7.5 12
8488734 162.5 33 8 12
8488765 162.5 33.5 0 12
8488766 162.5 33.5 0.5 12
8488767 162.5 33.5 1 12
8488768 162.5 33.5 1.5 12
8488769 162.5 33.5 2 12
8488770 162.5 33.5 2.5 12
8488771 162.5 33.5 3 12
8488772 162.5 33.5 3.5 12
8488773 162.5 33.5 4 12
8488774 162.5 33.5 4.5 12
8488775 162.5 33.5 5 12
8488776 162.5 33.5 5.5 12
8488777 162.5 33.5 6 12
8488778 162.5 33.5 6.5 12
8488779 162.5 33.5 7 12
8488780 162.5 33.5 7.5 12
8488781 162.5 33.5 8 12
