9401928 192 -16.5 0 12
9401929 192 -16.5 0.5 12
9401930 192 -16.5 1 12
9401931 192 -16.5 1.5 12
9401932 192 -16.5 2 12
9401933 192 -16.5 2.5 12
9401934 192 -16.5 3 12
9401935 192 -16.5 3.5 12
9401936 192 -16.5 4 12
9401937 192 -16.5 4.5 12
9401938 192 -16.5 5 12
9401939 192 -16.5 5.5 12
9401940 192 -16.5 6 12
9401941 192 -16.5 6.5 12
9401942 192 -16.5 7 12
9401943 192 -16.5 7.5 12
9401944 192 -16.5 8 12
9417391 192.5 -17.5 0 12
9417392 192.5 -17.5 0.5 12
9417393 192.5 -17.5 1 12
9417394 192.5 -17.5 1.5 12
9417395 192.5 -17.5 2 12
9417396 192.5 -17.5 2.5 12
9417397 192.5 -17.5 3 12
9417398 192.5 -17.5 3.5 12
9417399 192.5 -17.5 4 12
9417400 192.5 -17.5 4.5 12
9417401 192.5 -17.5 5 12
9417402 192.5 -17.5 5.5 12
9417403 192.5 -17.5 6 12
9417404 192.5 -17.5 6.5 12
9417405 192.5 -17.5 7 12
9417406 192.5 -17.5 7.5 12
9417407 192.5 -17.5 8 12
9417438 192.5 -17 0 12
9417439 192.5 -17 0.5 12
9417440 192.5 -17 1 12
9417441 192.5 -17 1.5 12
9417442 192.5 -17 2 12
9417443 192.5 -17 2.5 12
9417444 192.5 -17 3 12
9417445 192.5 -17 3.5 12
9417446 192.5 -17 4 12
9417447 192.5 -17 4.5 12
9417448 192.5 -17 5 12
9417449 192.5 -17 5.5 12
9417450 192.5 -17 6 12
9417451 192.5 -17 6.5 12
9417452 192.5 -17 7 12
9417453 192.5 -17 7.5 12
9417454 192.5 -17 8 12
9417485 192.5 -16.5 0 12
9417486 192.5 -16.5 0.5 12
9417487 192.5 -16.5 1 12
9417488 192.5 -16.5 1.5 12
9417489 192.5 -16.5 2 12
9417490 192.5 -16.5 2.5 12
9417491 192.5 -16.5 3 12
9417492 192.5 -16.5 3.5 12
9417493 192.5 -16.5 4 12
9417494 192.5 -16.5 4.5 12
9417495 192.5 -16.5 5 12
9417496 192.5 -16.5 5.5 12
9417497 192.5 -16.5 6 12
9417498 192.5 -16.5 6.5 12
9417499 192.5 -16.5 7 12
9417500 192.5 -16.5 7.5 12
9417501 192.5 -16.5 8 12
9417532 192.5 -16 0 12
9417533 192.5 -16 0.5 12
9417534 192.5 -16 1 12
9417535 192.5 -16 1.5 12
9417536 192.5 -16 2 12
9417537 192.5 -16 2.5 12
9417538 192.5 -16 3 12
9417539 192.5 -16 3.5 12
9417540 192.5 -16 4 12
9417541 192.5 -16 4.5 12
9417542 192.5 -16 5 12
9417543 192.5 -16 5.5 12
9417544 192.5 -16 6 12
9417545 192.5 -16 6.5 12
9417546 192.5 -16 7 12
9417547 192.5 -16 7.5 12
9417548 192.5 -16 8 12
9432901 193 -18 0 12
9432902 193 -18 0.5 12
9432903 193 -18 1 12
9432904 193 -18 1.5 12
9432905 193 -18 2 12
9432906 193 -18 2.5 12
9432907 193 -18 3 12
9432908 193 -18 3.5 12
9432909 193 -18 4 12
9432910 193 -18 4.5 12
9432911 193 -18 5 12
9432912 193 -18 5.5 12
9432913 193 -18 6 12
9432914 193 -18 6.5 12
9432915 193 -18 7 12
9432916 193 -18 7.5 12
9432917 193 -18 8 12
9432948 193 -17.5 0 12
9432949 193 -17.5 0.5 12
9432950 193 -17.5 1 12
9432951 193 -17.5 1.5 12
9432952 193 -17.5 2 12
9432953 193 -17.5 2.5 12
9432954 193 -17.5 3 12
9432955 193 -17.5 3.5 12
9432956 193 -17.5 4 12
9432957 193 -17.5 4.5 12
9432958 193 -17.5 5 12
9432959 193 -17.5 5.5 12
9432960 193 -17.5 6 12
9432961 193 -17.5 6.5 12
9432962 193 -17.5 7 12
9432963 193 -17.5 7.5 12
9432964 193 -17.5 8 12
9432995 193 -17 0 12
9432996 193 -17 0.5 12
9432997 193 -17 1 12
9432998 193 -17 1.5 12
9432999 193 -17 2 12
9433000 193 -17 2.5 12
9433001 193 -17 3 12
9433002 193 -17 3.5 12
9433003 193 -17 4 12
9433004 193 -17 4.5 12
9433005 193 -17 5 12
9433006 193 -17 5.5 12
9433007 193 -17 6 12
9433008 193 -17 6.5 12
9433009 193 -17 7 12
9433010 193 -17 7.5 12
9433011 193 -17 8 12
9433042 193 -16.5 0 12
9433043 193 -16.5 0.5 12
9433044 193 -16.5 1 12
9433045 193 -16.5 1.5 12
9433046 193 -16.5 2 12
9433047 193 -16.5 2.5 12
9433048 193 -16.5 3 12
9433049 193 -16.5 3.5 12
9433050 193 -16.5 4 12
9433051 193 -16.5 4.5 12
9433052 193 -16.5 5 12
9433053 193 -16.5 5.5 12
9433054 193 -16.5 6 12
9433055 193 -16.5 6.5 12
9433056 193 -16.5 7 12
9433057 193 -16.5 7.5 12
9433058 193 -16.5 8 12
9433089 193 -16 0 12
9433090 193 -16 0.5 12
9433091 193 -16 1 12
9433092 193 -16 1.5 12
9433093 193 -16 2 12
9433094 193 -16 2.5 12
9433095 193 -16 3 12
9433096 193 -16 3.5 12
9433097 193 -16 4 12
9433098 193 -16 4.5 12
9433099 193 -16 5 12
9433100 193 -16 5.5 12
9433101 193 -16 6 12
9433102 193 -16 6.5 12
9433103 193 -16 7 12
9433104 193 -16 7.5 12
9433105 193 -16 8 12
9433136 193 -15.5 0 12
9433137 193 -15.5 0.5 12
9433138 193 -15.5 1 12
9433139 193 -15.5 1.5 12
9433140 193 -15.5 2 12
9433141 193 -15.5 2.5 12
9433142 193 -15.5 3 12
9433143 193 -15.5 3.5 12
9433144 193 -15.5 4 12
9433145 193 -15.5 4.5 12
9433146 193 -15.5 5 12
9433147 193 -15.5 5.5 12
9433148 193 -15.5 6 12
9433149 193 -15.5 6.5 12
9433150 193 -15.5 7 12
9433151 193 -15.5 7.5 12
9433152 193 -15.5 8 12
9448458 193.5 -18 0 12
9448459 193.5 -18 0.5 12
9448460 193.5 -18 1 12
9448461 193.5 -18 1.5 12
9448462 193.5 -18 2 12
9448463 193.5 -18 2.5 12
9448464 193.5 -18 3 12
9448465 193.5 -18 3.5 12
9448466 193.5 -18 4 12
9448467 193.5 -18 4.5 12
9448468 193.5 -18 5 12
9448469 193.5 -18 5.5 12
9448470 193.5 -18 6 12
9448471 193.5 -18 6.5 12
9448472 193.5 -18 7 12
9448473 193.5 -18 7.5 12
9448474 193.5 -18 8 12
9448505 193.5 -17.5 0 12
9448506 193.5 -17.5 0.5 12
9448507 193.5 -17.5 1 12
9448508 193.5 -17.5 1.5 12
9448509 193.5 -17.5 2 12
9448510 193.5 -17.5 2.5 12
9448511 193.5 -17.5 3 12
9448512 193.5 -17.5 3.5 12
9448513 193.5 -17.5 4 12
9448514 193.5 -17.5 4.5 12
9448515 193.5 -17.5 5 12
9448516 193.5 -17.5 5.5 12
9448517 193.5 -17.5 6 12
9448518 193.5 -17.5 6.5 12
9448519 193.5 -17.5 7 12
9448520 193.5 -17.5 7.5 12
9448521 193.5 -17.5 8 12
9448552 193.5 -17 0 12
9448553 193.5 -17 0.5 12
9448554 193.5 -17 1 12
9448555 193.5 -17 1.5 12
9448556 193.5 -17 2 12
9448557 193.5 -17 2.5 12
9448558 193.5 -17 3 12
9448559 193.5 -17 3.5 12
9448560 193.5 -17 4 12
9448561 193.5 -17 4.5 12
9448562 193.5 -17 5 12
9448563 193.5 -17 5.5 12
9448564 193.5 -17 6 12
9448565 193.5 -17 6.5 12
9448566 193.5 -17 7 12
9448567 193.5 -17 7.5 12
9448568 193.5 -17 8 12
9448599 193.5 -16.5 0 12
9448600 193.5 -16.5 0.5 12
9448601 193.5 -16.5 1 12
9448602 193.5 -16.5 1.5 12
9448603 193.5 -16.5 2 12
9448604 193.5 -16.5 2.5 12
9448605 193.5 -16.5 3 12
9448606 193.5 -16.5 3.5 12
9448607 193.5 -16.5 4 12
9448608 193.5 -16.5 4.5 12
9448609 193.5 -16.5 5 12
9448610 193.5 -16.5 5.5 12
9448611 193.5 -16.5 6 12
9448612 193.5 -16.5 6.5 12
9448613 193.5 -16.5 7 12
9448614 193.5 -16.5 7.5 12
9448615 193.5 -16.5 8 12
9448646 193.5 -16 0 12
9448647 193.5 -16 0.5 12
9448648 193.5 -16 1 12
9448649 193.5 -16 1.5 12
9448650 193.5 -16 2 12
9448651 193.5 -16 2.5 12
9448652 193.5 -16 3 12
9448653 193.5 -16 3.5 12
9448654 193.5 -16 4 12
9448655 193.5 -16 4.5 12
9448656 193.5 -16 5 12
9448657 193.5 -16 5.5 12
9448658 193.5 -16 6 12
9448659 193.5 -16 6.5 12
9448660 193.5 -16 7 12
9448661 193.5 -16 7.5 12
9448662 193.5 -16 8 12
9448693 193.5 -15.5 0 12
9448694 193.5 -15.5 0.5 12
9448695 193.5 -15.5 1 12
9448696 193.5 -15.5 1.5 12
9448697 193.5 -15.5 2 12
9448698 193.5 -15.5 2.5 12
9448699 193.5 -15.5 3 12
9448700 193.5 -15.5 3.5 12
9448701 193.5 -15.5 4 12
9448702 193.5 -15.5 4.5 12
9448703 193.5 -15.5 5 12
9448704 193.5 -15.5 5.5 12
9448705 193.5 -15.5 6 12
9448706 193.5 -15.5 6.5 12
9448707 193.5 -15.5 7 12
9448708 193.5 -15.5 7.5 12
9448709 193.5 -15.5 8 12
9464015 194 -18 0 12
9464016 194 -18 0.5 12
9464017 194 -18 1 12
9464018 194 -18 1.5 12
9464019 194 -18 2 12
9464020 194 -18 2.5 12
9464021 194 -18 3 12
9464022 194 -18 3.5 12
9464023 194 -18 4 12
9464024 194 -18 4.5 12
9464025 194 -18 5 12
9464026 194 -18 5.5 12
9464027 194 -18 6 12
9464028 194 -18 6.5 12
9464029 194 -18 7 12
9464030 194 -18 7.5 12
9464031 194 -18 8 12
9464062 194 -17.5 0 12
9464063 194 -17.5 0.5 12
9464064 194 -17.5 1 12
9464065 194 -17.5 1.5 12
9464066 194 -17.5 2 12
9464067 194 -17.5 2.5 12
9464068 194 -17.5 3 12
9464069 194 -17.5 3.5 12
9464070 194 -17.5 4 12
9464071 194 -17.5 4.5 12
9464072 194 -17.5 5 12
9464073 194 -17.5 5.5 12
9464074 194 -17.5 6 12
9464075 194 -17.5 6.5 12
9464076 194 -17.5 7 12
9464077 194 -17.5 7.5 12
9464078 194 -17.5 8 12
9464109 194 -17 0 12
9464110 194 -17 0.5 12
9464111 194 -17 1 12
9464112 194 -17 1.5 12
9464113 194 -17 2 12
9464114 194 -17 2.5 12
9464115 194 -17 3 12
9464116 194 -17 3.5 12
9464117 194 -17 4 12
9464118 194 -17 4.5 12
9464119 194 -17 5 12
9464120 194 -17 5.5 12
9464121 194 -17 6 12
9464122 194 -17 6.5 12
9464123 194 -17 7 12
9464124 194 -17 7.5 12
9464125 194 -17 8 12
9464156 194 -16.5 0 12
9464157 194 -16.5 0.5 12
9464158 194 -16.5 1 12
9464159 194 -16.5 1.5 12
9464160 194 -16.5 2 12
9464161 194 -16.5 2.5 12
9464162 194 -16.5 3 12
9464163 194 -16.5 3.5 12
9464164 194 -16.5 4 12
9464165 194 -16.5 4.5 12
9464166 194 -16.5 5 12
9464167 194 -16.5 5.5 12
9464168 194 -16.5 6 12
9464169 194 -16.5 6.5 12
9464170 194 -16.5 7 12
9464171 194 -16.5 7.5 12
9464172 194 -16.5 8 12
9464203 194 -16 0 12
9464204 194 -16 0.5 12
9464205 194 -16 1 12
9464206 194 -16 1.5 12
9464207 194 -16 2 12
9464208 194 -16 2.5 12
9464209 194 -16 3 12
9464210 194 -16 3.5 12
9464211 194 -16 4 12
9464212 194 -16 4.5 12
9464213 194 -16 5 12
9464214 194 -16 5.5 12
9464215 194 -16 6 12
9464216 194 -16 6.5 12
9464217 194 -16 7 12
9464218 194 -16 7.5 12
9464219 194 -16 8 12
9464250 194 -15.5 0 12
9464251 194 -15.5 0.5 12
9464252 194 -15.5 1 12
9464253 194 -15.5 1.5 12
9464254 194 -15.5 2 12
9464255 194 -15.5 2.5 12
9464256 194 -15.5 3 12
9464257 194 -15.5 3.5 12
9464258 194 -15.5 4 12
9464259 194 -15.5 4.5 12
9464260 194 -15.5 5 12
9464261 194 -15.5 5.5 12
9464262 194 -15.5 6 12
9464263 194 -15.5 6.5 12
9464264 194 -15.5 7 12
9464265 194 -15.5 7.5 12
9464266 194 -15.5 8 12
9479619 194.5 -17.5 0 12
9479620 194.5 -17.5 0.5 12
9479621 194.5 -17.5 1 12
9479622 194.5 -17.5 1.5 12
9479623 194.5 -17.5 2 12
9479624 194.5 -17.5 2.5 12
9479625 194.5 -17.5 3 12
9479626 194.5 -17.5 3.5 12
9479627 194.5 -17.5 4 12
9479628 194.5 -17.5 4.5 12
9479629 194.5 -17.5 5 12
9479630 194.5 -17.5 5.5 12
9479631 194.5 -17.5 6 12
9479632 194.5 -17.5 6.5 12
9479633 194.5 -17.5 7 12
9479634 194.5 -17.5 7.5 12
9479635 194.5 -17.5 8 12
9479666 194.5 -17 0 12
9479667 194.5 -17 0.5 12
9479668 194.5 -17 1 12
9479669 194.5 -17 1.5 12
9479670 194.5 -17 2 12
9479671 194.5 -17 2.5 12
9479672 194.5 -17 3 12
9479673 194.5 -17 3.5 12
9479674 194.5 -17 4 12
9479675 194.5 -17 4.5 12
9479676 194.5 -17 5 12
9479677 194.5 -17 5.5 12
9479678 194.5 -17 6 12
9479679 194.5 -17 6.5 12
9479680 194.5 -17 7 12
9479681 194.5 -17 7.5 12
9479682 194.5 -17 8 12
9479713 194.5 -16.5 0 12
9479714 194.5 -16.5 0.5 12
9479715 194.5 -16.5 1 12
9479716 194.5 -16.5 1.5 12
9479717 194.5 -16.5 2 12
9479718 194.5 -16.5 2.5 12
9479719 194.5 -16.5 3 12
9479720 194.5 -16.5 3.5 12
9479721 194.5 -16.5 4 12
9479722 194.5 -16.5 4.5 12
9479723 194.5 -16.5 5 12
9479724 194.5 -16.5 5.5 12
9479725 194.5 -16.5 6 12
9479726 194.5 -16.5 6.5 12
9479727 194.5 -16.5 7 12
9479728 194.5 -16.5 7.5 12
9479729 194.5 -16.5 8 12
9479760 194.5 -16 0 12
9479761 194.5 -16 0.5 12
9479762 194.5 -16 1 12
9479763 194.5 -16 1.5 12
9479764 194.5 -16 2 12
9479765 194.5 -16 2.5 12
9479766 194.5 -16 3 12
9479767 194.5 -16 3.5 12
9479768 194.5 -16 4 12
9479769 194.5 -16 4.5 12
9479770 194.5 -16 5 12
9479771 194.5 -16 5.5 12
9479772 194.5 -16 6 12
9479773 194.5 -16 6.5 12
9479774 194.5 -16 7 12
9479775 194.5 -16 7.5 12
9479776 194.5 -16 8 12
