4364515 30 16 0 12
4364516 30 16 0.5 12
4364517 30 16 1 12
4364518 30 16 1.5 12
4364519 30 16 2 12
4364520 30 16 2.5 12
4364521 30 16 3 12
4364522 30 16 3.5 12
4364523 30 16 4 12
4364524 30 16 4.5 12
4364525 30 16 5 12
4364526 30 16 5.5 12
4364527 30 16 6 12
4364528 30 16 6.5 12
4364529 30 16 7 12
4364530 30 16 7.5 12
4364531 30 16 8 12
4364562 30 16.5 0 12
4364563 30 16.5 0.5 12
4364564 30 16.5 1 12
4364565 30 16.5 1.5 12
4364566 30 16.5 2 12
4364567 30 16.5 2.5 12
4364568 30 16.5 3 12
4364569 30 16.5 3.5 12
4364570 30 16.5 4 12
4364571 30 16.5 4.5 12
4364572 30 16.5 5 12
4364573 30 16.5 5.5 12
4364574 30 16.5 6 12
4364575 30 16.5 6.5 12
4364576 30 16.5 7 12
4364577 30 16.5 7.5 12
4364578 30 16.5 8 12
4364609 30 17 0 12
4364610 30 17 0.5 12
4364611 30 17 1 12
4364612 30 17 1.5 12
4364613 30 17 2 12
4364614 30 17 2.5 12
4364615 30 17 3 12
4364616 30 17 3.5 12
4364617 30 17 4 12
4364618 30 17 4.5 12
4364619 30 17 5 12
4364620 30 17 5.5 12
4364621 30 17 6 12
4364622 30 17 6.5 12
4364623 30 17 7 12
4364624 30 17 7.5 12
4364625 30 17 8 12
4364656 30 17.5 0 12
4364657 30 17.5 0.5 12
4364658 30 17.5 1 12
4364659 30 17.5 1.5 12
4364660 30 17.5 2 12
4364661 30 17.5 2.5 12
4364662 30 17.5 3 12
4364663 30 17.5 3.5 12
4364664 30 17.5 4 12
4364665 30 17.5 4.5 12
4364666 30 17.5 5 12
4364667 30 17.5 5.5 12
4364668 30 17.5 6 12
4364669 30 17.5 6.5 12
4364670 30 17.5 7 12
4364671 30 17.5 7.5 12
4364672 30 17.5 8 12
4380025 30.5 15.5 0 12
4380026 30.5 15.5 0.5 12
4380027 30.5 15.5 1 12
4380028 30.5 15.5 1.5 12
4380029 30.5 15.5 2 12
4380030 30.5 15.5 2.5 12
4380031 30.5 15.5 3 12
4380032 30.5 15.5 3.5 12
4380033 30.5 15.5 4 12
4380034 30.5 15.5 4.5 12
4380035 30.5 15.5 5 12
4380036 30.5 15.5 5.5 12
4380037 30.5 15.5 6 12
4380038 30.5 15.5 6.5 12
4380039 30.5 15.5 7 12
4380040 30.5 15.5 7.5 12
4380041 30.5 15.5 8 12
4380072 30.5 16 0 12
4380073 30.5 16 0.5 12
4380074 30.5 16 1 12
4380075 30.5 16 1.5 12
4380076 30.5 16 2 12
4380077 30.5 16 2.5 12
4380078 30.5 16 3 12
4380079 30.5 16 3.5 12
4380080 30.5 16 4 12
4380081 30.5 16 4.5 12
4380082 30.5 16 5 12
4380083 30.5 16 5.5 12
4380084 30.5 16 6 12
4380085 30.5 16 6.5 12
4380086 30.5 16 7 12
4380087 30.5 16 7.5 12
4380088 30.5 16 8 12
4380119 30.5 16.5 0 12
4380120 30.5 16.5 0.5 12
4380121 30.5 16.5 1 12
4380122 30.5 16.5 1.5 12
4380123 30.5 16.5 2 12
4380124 30.5 16.5 2.5 12
4380125 30.5 16.5 3 12
4380126 30.5 16.5 3.5 12
4380127 30.5 16.5 4 12
4380128 30.5 16.5 4.5 12
4380129 30.5 16.5 5 12
4380130 30.5 16.5 5.5 12
4380131 30.5 16.5 6 12
4380132 30.5 16.5 6.5 12
4380133 30.5 16.5 7 12
4380134 30.5 16.5 7.5 12
4380135 30.5 16.5 8 12
4380166 30.5 17 0 12
4380167 30.5 17 0.5 12
4380168 30.5 17 1 12
4380169 30.5 17 1.5 12
4380170 30.5 17 2 12
4380171 30.5 17 2.5 12
4380172 30.5 17 3 12
4380173 30.5 17 3.5 12
4380174 30.5 17 4 12
4380175 30.5 17 4.5 12
4380176 30.5 17 5 12
4380177 30.5 17 5.5 12
4380178 30.5 17 6 12
4380179 30.5 17 6.5 12
4380180 30.5 17 7 12
4380181 30.5 17 7.5 12
4380182 30.5 17 8 12
4380213 30.5 17.5 0 12
4380214 30.5 17.5 0.5 12
4380215 30.5 17.5 1 12
4380216 30.5 17.5 1.5 12
4380217 30.5 17.5 2 12
4380218 30.5 17.5 2.5 12
4380219 30.5 17.5 3 12
4380220 30.5 17.5 3.5 12
4380221 30.5 17.5 4 12
4380222 30.5 17.5 4.5 12
4380223 30.5 17.5 5 12
4380224 30.5 17.5 5.5 12
4380225 30.5 17.5 6 12
4380226 30.5 17.5 6.5 12
4380227 30.5 17.5 7 12
4380228 30.5 17.5 7.5 12
4380229 30.5 17.5 8 12
4395582 31 15.5 0 12
4395583 31 15.5 0.5 12
4395584 31 15.5 1 12
4395585 31 15.5 1.5 12
4395586 31 15.5 2 12
4395587 31 15.5 2.5 12
4395588 31 15.5 3 12
4395589 31 15.5 3.5 12
4395590 31 15.5 4 12
4395591 31 15.5 4.5 12
4395592 31 15.5 5 12
4395593 31 15.5 5.5 12
4395594 31 15.5 6 12
4395595 31 15.5 6.5 12
4395596 31 15.5 7 12
4395597 31 15.5 7.5 12
4395598 31 15.5 8 12
4395629 31 16 0 12
4395630 31 16 0.5 12
4395631 31 16 1 12
4395632 31 16 1.5 12
4395633 31 16 2 12
4395634 31 16 2.5 12
4395635 31 16 3 12
4395636 31 16 3.5 12
4395637 31 16 4 12
4395638 31 16 4.5 12
4395639 31 16 5 12
4395640 31 16 5.5 12
4395641 31 16 6 12
4395642 31 16 6.5 12
4395643 31 16 7 12
4395644 31 16 7.5 12
4395645 31 16 8 12
4395676 31 16.5 0 12
4395677 31 16.5 0.5 12
4395678 31 16.5 1 12
4395679 31 16.5 1.5 12
4395680 31 16.5 2 12
4395681 31 16.5 2.5 12
4395682 31 16.5 3 12
4395683 31 16.5 3.5 12
4395684 31 16.5 4 12
4395685 31 16.5 4.5 12
4395686 31 16.5 5 12
4395687 31 16.5 5.5 12
4395688 31 16.5 6 12
4395689 31 16.5 6.5 12
4395690 31 16.5 7 12
4395691 31 16.5 7.5 12
4395692 31 16.5 8 12
4395723 31 17 0 12
4395724 31 17 0.5 12
4395725 31 17 1 12
4395726 31 17 1.5 12
4395727 31 17 2 12
4395728 31 17 2.5 12
4395729 31 17 3 12
4395730 31 17 3.5 12
4395731 31 17 4 12
4395732 31 17 4.5 12
4395733 31 17 5 12
4395734 31 17 5.5 12
4395735 31 17 6 12
4395736 31 17 6.5 12
4395737 31 17 7 12
4395738 31 17 7.5 12
4395739 31 17 8 12
4395770 31 17.5 0 12
4395771 31 17.5 0.5 12
4395772 31 17.5 1 12
4395773 31 17.5 1.5 12
4395774 31 17.5 2 12
4395775 31 17.5 2.5 12
4395776 31 17.5 3 12
4395777 31 17.5 3.5 12
4395778 31 17.5 4 12
4395779 31 17.5 4.5 12
4395780 31 17.5 5 12
4395781 31 17.5 5.5 12
4395782 31 17.5 6 12
4395783 31 17.5 6.5 12
4395784 31 17.5 7 12
4395785 31 17.5 7.5 12
4395786 31 17.5 8 12
4395817 31 18 0 12
4395818 31 18 0.5 12
4395819 31 18 1 12
4395820 31 18 1.5 12
4395821 31 18 2 12
4395822 31 18 2.5 12
4395823 31 18 3 12
4395824 31 18 3.5 12
4395825 31 18 4 12
4395826 31 18 4.5 12
4395827 31 18 5 12
4395828 31 18 5.5 12
4395829 31 18 6 12
4395830 31 18 6.5 12
4395831 31 18 7 12
4395832 31 18 7.5 12
4395833 31 18 8 12
4411139 31.5 15.5 0 12
4411140 31.5 15.5 0.5 12
4411141 31.5 15.5 1 12
4411142 31.5 15.5 1.5 12
4411143 31.5 15.5 2 12
4411144 31.5 15.5 2.5 12
4411145 31.5 15.5 3 12
4411146 31.5 15.5 3.5 12
4411147 31.5 15.5 4 12
4411148 31.5 15.5 4.5 12
4411149 31.5 15.5 5 12
4411150 31.5 15.5 5.5 12
4411151 31.5 15.5 6 12
4411152 31.5 15.5 6.5 12
4411153 31.5 15.5 7 12
4411154 31.5 15.5 7.5 12
4411155 31.5 15.5 8 12
4411186 31.5 16 0 12
4411187 31.5 16 0.5 12
4411188 31.5 16 1 12
4411189 31.5 16 1.5 12
4411190 31.5 16 2 12
4411191 31.5 16 2.5 12
4411192 31.5 16 3 12
4411193 31.5 16 3.5 12
4411194 31.5 16 4 12
4411195 31.5 16 4.5 12
4411196 31.5 16 5 12
4411197 31.5 16 5.5 12
4411198 31.5 16 6 12
4411199 31.5 16 6.5 12
4411200 31.5 16 7 12
4411201 31.5 16 7.5 12
4411202 31.5 16 8 12
4411233 31.5 16.5 0 12
4411234 31.5 16.5 0.5 12
4411235 31.5 16.5 1 12
4411236 31.5 16.5 1.5 12
4411237 31.5 16.5 2 12
4411238 31.5 16.5 2.5 12
4411239 31.5 16.5 3 12
4411240 31.5 16.5 3.5 12
4411241 31.5 16.5 4 12
4411242 31.5 16.5 4.5 12
4411243 31.5 16.5 5 12
4411244 31.5 16.5 5.5 12
4411245 31.5 16.5 6 12
4411246 31.5 16.5 6.5 12
4411247 31.5 16.5 7 12
4411248 31.5 16.5 7.5 12
4411249 31.5 16.5 8 12
4411280 31.5 17 0 12
4411281 31.5 17 0.5 12
4411282 31.5 17 1 12
4411283 31.5 17 1.5 12
4411284 31.5 17 2 12
4411285 31.5 17 2.5 12
4411286 31.5 17 3 12
4411287 31.5 17 3.5 12
4411288 31.5 17 4 12
4411289 31.5 17 4.5 12
4411290 31.5 17 5 12
4411291 31.5 17 5.5 12
4411292 31.5 17 6 12
4411293 31.5 17 6.5 12
4411294 31.5 17 7 12
4411295 31.5 17 7.5 12
4411296 31.5 17 8 12
4411327 31.5 17.5 0 12
4411328 31.5 17.5 0.5 12
4411329 31.5 17.5 1 12
4411330 31.5 17.5 1.5 12
4411331 31.5 17.5 2 12
4411332 31.5 17.5 2.5 12
4411333 31.5 17.5 3 12
4411334 31.5 17.5 3.5 12
4411335 31.5 17.5 4 12
4411336 31.5 17.5 4.5 12
4411337 31.5 17.5 5 12
4411338 31.5 17.5 5.5 12
4411339 31.5 17.5 6 12
4411340 31.5 17.5 6.5 12
4411341 31.5 17.5 7 12
4411342 31.5 17.5 7.5 12
4411343 31.5 17.5 8 12
4411374 31.5 18 0 12
4411375 31.5 18 0.5 12
4411376 31.5 18 1 12
4411377 31.5 18 1.5 12
4411378 31.5 18 2 12
4411379 31.5 18 2.5 12
4411380 31.5 18 3 12
4411381 31.5 18 3.5 12
4411382 31.5 18 4 12
4411383 31.5 18 4.5 12
4411384 31.5 18 5 12
4411385 31.5 18 5.5 12
4411386 31.5 18 6 12
4411387 31.5 18 6.5 12
4411388 31.5 18 7 12
4411389 31.5 18 7.5 12
4411390 31.5 18 8 12
4426696 32 15.5 0 12
4426697 32 15.5 0.5 12
4426698 32 15.5 1 12
4426699 32 15.5 1.5 12
4426700 32 15.5 2 12
4426701 32 15.5 2.5 12
4426702 32 15.5 3 12
4426703 32 15.5 3.5 12
4426704 32 15.5 4 12
4426705 32 15.5 4.5 12
4426706 32 15.5 5 12
4426707 32 15.5 5.5 12
4426708 32 15.5 6 12
4426709 32 15.5 6.5 12
4426710 32 15.5 7 12
4426711 32 15.5 7.5 12
4426712 32 15.5 8 12
4426743 32 16 0 12
4426744 32 16 0.5 12
4426745 32 16 1 12
4426746 32 16 1.5 12
4426747 32 16 2 12
4426748 32 16 2.5 12
4426749 32 16 3 12
4426750 32 16 3.5 12
4426751 32 16 4 12
4426752 32 16 4.5 12
4426753 32 16 5 12
4426754 32 16 5.5 12
4426755 32 16 6 12
4426756 32 16 6.5 12
4426757 32 16 7 12
4426758 32 16 7.5 12
4426759 32 16 8 12
4426790 32 16.5 0 12
4426791 32 16.5 0.5 12
4426792 32 16.5 1 12
4426793 32 16.5 1.5 12
4426794 32 16.5 2 12
4426795 32 16.5 2.5 12
4426796 32 16.5 3 12
4426797 32 16.5 3.5 12
4426798 32 16.5 4 12
4426799 32 16.5 4.5 12
4426800 32 16.5 5 12
4426801 32 16.5 5.5 12
4426802 32 16.5 6 12
4426803 32 16.5 6.5 12
4426804 32 16.5 7 12
4426805 32 16.5 7.5 12
4426806 32 16.5 8 12
4426837 32 17 0 12
4426838 32 17 0.5 12
4426839 32 17 1 12
4426840 32 17 1.5 12
4426841 32 17 2 12
4426842 32 17 2.5 12
4426843 32 17 3 12
4426844 32 17 3.5 12
4426845 32 17 4 12
4426846 32 17 4.5 12
4426847 32 17 5 12
4426848 32 17 5.5 12
4426849 32 17 6 12
4426850 32 17 6.5 12
4426851 32 17 7 12
4426852 32 17 7.5 12
4426853 32 17 8 12
4426884 32 17.5 0 12
4426885 32 17.5 0.5 12
4426886 32 17.5 1 12
4426887 32 17.5 1.5 12
4426888 32 17.5 2 12
4426889 32 17.5 2.5 12
4426890 32 17.5 3 12
4426891 32 17.5 3.5 12
4426892 32 17.5 4 12
4426893 32 17.5 4.5 12
4426894 32 17.5 5 12
4426895 32 17.5 5.5 12
4426896 32 17.5 6 12
4426897 32 17.5 6.5 12
4426898 32 17.5 7 12
4426899 32 17.5 7.5 12
4426900 32 17.5 8 12
4442300 32.5 16 0 12
4442301 32.5 16 0.5 12
4442302 32.5 16 1 12
4442303 32.5 16 1.5 12
4442304 32.5 16 2 12
4442305 32.5 16 2.5 12
4442306 32.5 16 3 12
4442307 32.5 16 3.5 12
4442308 32.5 16 4 12
4442309 32.5 16 4.5 12
4442310 32.5 16 5 12
4442311 32.5 16 5.5 12
4442312 32.5 16 6 12
4442313 32.5 16 6.5 12
4442314 32.5 16 7 12
4442315 32.5 16 7.5 12
4442316 32.5 16 8 12
4442347 32.5 16.5 0 12
4442348 32.5 16.5 0.5 12
4442349 32.5 16.5 1 12
4442350 32.5 16.5 1.5 12
4442351 32.5 16.5 2 12
4442352 32.5 16.5 2.5 12
4442353 32.5 16.5 3 12
4442354 32.5 16.5 3.5 12
4442355 32.5 16.5 4 12
4442356 32.5 16.5 4.5 12
4442357 32.5 16.5 5 12
4442358 32.5 16.5 5.5 12
4442359 32.5 16.5 6 12
4442360 32.5 16.5 6.5 12
4442361 32.5 16.5 7 12
4442362 32.5 16.5 7.5 12
4442363 32.5 16.5 8 12
4442394 32.5 17 0 12
4442395 32.5 17 0.5 12
4442396 32.5 17 1 12
4442397 32.5 17 1.5 12
4442398 32.5 17 2 12
4442399 32.5 17 2.5 12
4442400 32.5 17 3 12
4442401 32.5 17 3.5 12
4442402 32.5 17 4 12
4442403 32.5 17 4.5 12
4442404 32.5 17 5 12
4442405 32.5 17 5.5 12
4442406 32.5 17 6 12
4442407 32.5 17 6.5 12
4442408 32.5 17 7 12
4442409 32.5 17 7.5 12
4442410 32.5 17 8 12
