46 48 1.0
45 48 1.0
44 48 1.0
43 48 1.0
42 10 0.19230769230769232
40 48 1.0
39 48 1.0
38 48 1.0
37 52 1.0
36 48 1.0
35 8 0.16666666666666666
33 48 1.0
32 1343 1.0
31 2684 1.0
30 1341 1.0
29 894 1.0
28 894 0.6666666666666666
26 2686 1.0
62 255 1.0
61 110 0.40441176470588236
60 249 0.9154411764705882
59 289 1.0
58 306 1.0
57 112 0.4117647058823529
56 218 0.9159663865546218
55 238 1.0
54 4100 0.7735849056603774
53 4100 0.7735849056603774
52 11393 0.5332802845909006
51 15594 0.7293050229164718
50 11399 0.532812938206974
49 15604 0.7293292825426502
48 2779 0.7738791423001949
47 4756 0.7735849056603774
