2201 -4.53 7.0 -4.9  ;
2256 -4.53 6.5 -4.9  ;
2366 0.81 -1.25 -4.9  ;
3368 -4.53 7.0 -3.39  ;
3427 -4.53 7.0 -4.48  ;
8688 -4.53 7.25 -4.9  ;
8847 -4.53 6.75 -4.9  ;
9113 0.81 -1.5 -4.9  ;
12911 -4.53 7.0 -2.08  ;
13058 -4.53 7.0 -3.935  ;
13129 -4.53 7.0 -4.69  ;
13438 0.81 -1.25 -3.935  ;
13509 0.81 -1.25 -4.69  ;
15357 -4.53 6.5 -0.77  ;
15358 -4.53 6.5 -0.56  ;
15406 -4.53 7.25 -3.39  ;
15453 -4.53 6.5 -3.39  ;
15454 -4.53 6.5 -2.08  ;
15455 -4.53 6.75 -3.39  ;
15502 -4.53 7.25 -4.48  ;
15549 -4.53 6.5 -4.48  ;
15550 -4.53 6.5 -3.935  ;
15551 -4.53 6.75 -4.48  ;
15613 -4.53 6.5 -4.69  ;
15775 0.81 -1.5 -3.39  ;
15869 0.81 -1.75 -4.48  ;
15870 0.81 -1.75 -3.935  ;
15871 0.81 -1.5 -4.48  ;
15933 0.81 -1.75 -4.69  ;
2421 0.81 -1.75 -4.9  ;
3596 0.81 -1.25 -4.48  ;
15773 0.81 -1.75 -3.39  ;
