46 48 1.0
44 8 0.16666666666666666
43 48 1.0
42 52 1.0
41 48 1.0
40 48 1.0
39 48 1.0
37 10 0.19230769230769232
36 48 1.0
35 48 1.0
34 48 1.0
33 48 1.0
32 1343 1.0
29 894 1.0
28 1341 1.0
27 895 1.0
26 2686 1.0
62 110 0.43137254901960786
61 272 1.0
60 272 1.0
59 245 0.8477508650519031
58 134 0.43790849673202614
57 272 1.0
56 238 1.0
55 201 0.8445378151260504
54 4666 0.8803773584905661
53 4666 0.8803773584905661
52 18390 0.8607938588279348
51 5187 0.24258722289776447
50 18405 0.8602879311956624
49 5191 0.24262678195840148
48 2778 0.7736006683375104
47 4756 0.7735849056603774
