496 -20.53 32.25 -0.35  ;
551 -20.53 31.75 -0.35  ;
606 -20.53 31.25 -0.35  ;
1706 -20.53 31.75 -4.9  ;
1761 -20.53 31.25 -4.9  ;
2806 -20.53 31.75 -0.77  ;
2861 -20.53 31.75 -3.39  ;
2920 -20.53 31.75 -4.48  ;
6982 -20.785 32.145 0.0  ;
7890 -20.53 32.0 -4.9  ;
9777 -20.53 32.0 -0.35  ;
9936 -20.53 31.5 -0.35  ;
11664 -20.53 31.75 -0.56  ;
11771 -20.53 31.75 -2.08  ;
11918 -20.53 31.75 -3.935  ;
11989 -20.53 31.75 -4.69  ;
14359 -20.53 32.25 -0.77  ;
14360 -20.53 32.0 -0.77  ;
14361 -20.53 32.25 -0.56  ;
14389 -20.53 31.25 -0.77  ;
14391 -20.53 31.5 -0.77  ;
14452 -20.53 32.25 -3.39  ;
14454 -20.53 32.25 -2.08  ;
14482 -20.53 31.25 -3.39  ;
14483 -20.53 31.25 -2.08  ;
14484 -20.53 31.5 -3.39  ;
14545 -20.53 32.25 -4.48  ;
14546 -20.53 32.0 -4.48  ;
14547 -20.53 32.25 -3.935  ;
14575 -20.53 31.25 -4.48  ;
14576 -20.53 31.25 -3.935  ;
14577 -20.53 31.5 -4.48  ;
14638 -20.53 32.25 -4.69  ;
14648 -20.53 31.25 -4.69  ;
1 -21.04 32.54 0.0  ;
2 -20.53 31.75 0.0  ;
1651 -20.53 32.25 -4.9  ;
4114 -22.0 32.54 1.0  ;
8049 -20.53 31.5 -4.9  ;
14390 -20.53 31.25 -0.56  ;
14453 -20.53 32.0 -3.39  ;
