39 48 1.0
38 48 1.0
37 49 0.9423076923076923
35 48 1.0
34 48 1.0
33 48 1.0
32 459 0.34177215189873417
31 994 0.37034277198211624
30 577 0.43027591349739003
29 439 0.49105145413870244
28 740 0.551826994780015
27 548 0.6122905027932961
26 1814 0.6753536857781087
59 287 0.9930795847750865
58 242 0.7908496732026143
57 189 0.6948529411764706
56 238 1.0
55 238 1.0
54 416 0.07849056603773585
53 4271 0.8058490566037736
51 9488 0.4437377233186793
50 17662 0.825558567822754
49 159 0.007431642907221313
47 5017 0.8160377358490566
