13 -4.0 15.25 0.0  ;
22 1.87 15.25 0.0  ;
30 2.4 23.5 0.0  ;
664 2.4 24.0 -0.35  ;
719 2.4 23.5 -0.35  ;
774 2.4 23.0 -0.35  ;
827 -4.0 15.75 -0.35  ;
828 1.87 15.75 -0.35  ;
882 -4.0 15.25 -0.35  ;
883 1.87 15.25 -0.35  ;
938 1.87 14.75 -0.35  ;
1819 2.4 24.0 -4.9  ;
1874 2.4 23.5 -4.9  ;
1982 -4.0 15.75 -4.9  ;
1983 1.87 15.75 -4.9  ;
2037 -4.0 15.25 -4.9  ;
2038 1.87 15.25 -4.9  ;
2092 -4.0 14.75 -4.9  ;
2978 2.4 23.5 -0.77  ;
3033 2.4 23.5 -3.39  ;
3092 2.4 23.5 -4.48  ;
3145 -4.0 15.25 -0.77  ;
3146 1.87 15.25 -0.77  ;
3200 -4.0 15.25 -3.39  ;
3201 1.87 15.25 -3.39  ;
3259 -4.0 15.25 -4.48  ;
3260 1.87 15.25 -4.48  ;
4115 7.73 22.5 -4.48  ;
4150 2.4 24.5 -4.48  ;
4151 7.73 16.25 -4.48  ;
4186 2.4 29.5 -4.48  ;
4187 2.4 28.25 -4.48  ;
4188 2.4 27.0 -4.48  ;
4189 2.4 25.75 -4.48  ;
4191 7.73 20.0 -4.48  ;
4192 7.73 18.75 -4.48  ;
4193 7.73 17.5 -4.48  ;
4331 7.73 22.5 -4.03  ;
4366 2.4 28.13 -2.85  ;
4368 7.73 19.88 -2.85  ;
4369 7.73 19.38 -2.63  ;
4438 2.4 27.13 -2.41  ;
4439 7.73 18.88 -2.41  ;
4475 7.73 16.25 -1.22  ;
4546 2.4 28.13 -2.41  ;
4547 7.73 19.88 -2.41  ;
4582 2.4 27.13 -2.85  ;
4583 7.73 18.88 -2.85  ;
4618 2.4 24.5 -4.03  ;
4656 2.4 29.178 -3.322  ;
4658 7.73 21.976 -3.794  ;
4659 7.73 21.452 -3.558  ;
4660 7.73 20.928 -3.322  ;
4661 7.73 20.404 -3.086  ;
4798 2.4 26.604 -2.172  ;
4799 2.4 26.078 -1.934  ;
4800 2.4 25.552 -1.696  ;
4803 7.73 17.828 -1.934  ;
4804 7.73 17.302 -1.696  ;
4805 7.73 16.776 -1.458  ;
4944 2.4 29.178 -1.934  ;
4945 2.4 28.654 -2.172  ;
4947 7.73 21.452 -1.696  ;
4949 7.73 20.404 -2.172  ;
5086 2.4 26.604 -3.086  ;
5088 2.4 25.552 -3.558  ;
5089 2.4 25.026 -3.794  ;
5090 7.73 18.354 -3.086  ;
5091 7.73 17.828 -3.322  ;
5092 7.73 17.302 -3.558  ;
6992 -7.195 11.125 0.0  ;
7012 -1.065 15.25 0.0  ;
7015 4.535 11.125 0.0  ;
7027 -0.53 23.5 0.0  ;
7029 4.8 15.25 0.0  ;
7030 5.065 19.375 0.0  ;
7044 5.065 23.5 0.0  ;
8163 -0.53 23.5 -4.9  ;
8164 2.4 23.75 -4.9  ;
8165 -0.53 24.0 -4.9  ;
8166 5.065 23.5 -4.9  ;
8168 5.065 24.0 -4.9  ;
8321 2.4 23.25 -4.9  ;
8322 5.065 23.0 -4.9  ;
8424 -4.0 15.5 -4.9  ;
8426 -1.065 15.25 -4.9  ;
8427 1.87 15.5 -4.9  ;
8429 4.8 15.25 -4.9  ;
8431 4.8 15.75 -4.9  ;
8583 -4.0 15.0 -4.9  ;
8584 -1.065 14.75 -4.9  ;
8585 1.87 15.0 -4.9  ;
10050 -0.53 23.5 -0.35  ;
10052 -0.53 24.0 -0.35  ;
10053 5.065 23.5 -0.35  ;
10055 5.065 24.0 -0.35  ;
10207 -0.53 23.0 -0.35  ;
10208 2.4 23.25 -0.35  ;
10311 -4.0 15.5 -0.35  ;
10313 -1.065 15.25 -0.35  ;
10314 1.87 15.5 -0.35  ;
10315 -1.065 15.75 -0.35  ;
10318 4.8 15.75 -0.35  ;
10470 -4.0 15.0 -0.35  ;
10471 -1.065 14.75 -0.35  ;
10472 1.87 15.0 -0.35  ;
10473 4.8 14.75 -0.35  ;
12049 -0.53 23.5 -0.77  ;
12050 2.4 23.5 -0.56  ;
12051 5.065 23.5 -0.77  ;
12156 -0.53 23.5 -3.39  ;
12157 2.4 23.5 -2.08  ;
12158 5.065 23.5 -3.39  ;
12303 2.4 23.5 -3.935  ;
12304 -0.53 23.5 -4.48  ;
12372 2.4 23.5 -4.69  ;
12427 -1.065 15.25 -0.77  ;
12428 1.87 15.25 -0.56  ;
12429 4.8 15.25 -0.77  ;
12534 -1.065 15.25 -3.39  ;
12535 1.87 15.25 -2.08  ;
12536 4.8 15.25 -3.39  ;
12679 -4.0 15.25 -3.935  ;
12681 1.87 15.25 -3.935  ;
12682 -1.065 15.25 -4.48  ;
12684 4.8 15.25 -4.48  ;
12750 -4.0 15.25 -4.69  ;
12751 1.87 15.25 -4.69  ;
14672 2.4 24.0 -0.77  ;
14673 2.4 23.75 -0.77  ;
14768 2.4 24.0 -3.39  ;
14770 2.4 24.0 -2.08  ;
14865 2.4 23.75 -4.48  ;
14866 2.4 24.0 -3.935  ;
937 -4.0 14.75 -0.35  ;
1929 2.4 23.0 -4.9  ;
2093 1.87 14.75 -4.9  ;
4190 7.73 21.25 -4.48  ;
4367 2.4 27.63 -2.63  ;
4474 2.4 24.5 -1.22  ;
4619 7.73 16.25 -4.03  ;
4657 2.4 28.654 -3.086  ;
4801 2.4 25.026 -1.458  ;
4802 7.73 18.354 -2.172  ;
4948 7.73 20.928 -1.934  ;
5087 2.4 26.078 -3.322  ;
5093 7.73 16.776 -3.794  ;
6994 -1.335 11.125 0.0  ;
7013 -0.795 19.375 0.0  ;
8320 -0.53 23.0 -4.9  ;
8428 -1.065 15.75 -4.9  ;
8586 4.8 14.75 -4.9  ;
10051 2.4 23.75 -0.35  ;
10209 5.065 23.0 -0.35  ;
10316 4.8 15.25 -0.35  ;
12306 5.065 23.5 -4.48  ;
12426 -4.0 15.25 -0.56  ;
12533 -4.0 15.25 -2.08  ;
14674 2.4 24.0 -0.56  ;
14769 2.4 23.75 -3.39  ;
14864 2.4 24.0 -4.48  ;
14958 2.4 24.0 -4.69  ;
