5 -4.53 7.0 0.0  ;
13 -4.0 15.25 0.0  ;
14 1.33 7.0 0.0  ;
22 1.87 15.25 0.0  ;
30 2.4 23.5 0.0  ;
31 7.73 15.25 0.0  ;
664 2.4 24.0 -0.35  ;
719 2.4 23.5 -0.35  ;
774 2.4 23.0 -0.35  ;
827 -4.0 15.75 -0.35  ;
828 1.87 15.75 -0.35  ;
829 7.73 15.75 -0.35  ;
882 -4.0 15.25 -0.35  ;
883 1.87 15.25 -0.35  ;
884 7.73 15.25 -0.35  ;
938 1.87 14.75 -0.35  ;
939 7.73 14.75 -0.35  ;
991 -4.53 7.5 -0.35  ;
992 1.33 7.5 -0.35  ;
1046 -4.53 7.0 -0.35  ;
1047 1.33 7.0 -0.35  ;
1102 1.33 6.5 -0.35  ;
1819 2.4 24.0 -4.9  ;
1874 2.4 23.5 -4.9  ;
1982 -4.0 15.75 -4.9  ;
1983 1.87 15.75 -4.9  ;
1984 7.73 15.75 -4.9  ;
2037 -4.0 15.25 -4.9  ;
2038 1.87 15.25 -4.9  ;
2039 7.73 15.25 -4.9  ;
2092 -4.0 14.75 -4.9  ;
2094 7.73 14.75 -4.9  ;
2146 -4.53 7.5 -4.9  ;
2147 1.33 7.5 -4.9  ;
2201 -4.53 7.0 -4.9  ;
2202 1.33 7.0 -4.9  ;
2256 -4.53 6.5 -4.9  ;
2978 2.4 23.5 -0.77  ;
3033 2.4 23.5 -3.39  ;
3092 2.4 23.5 -4.48  ;
3145 -4.0 15.25 -0.77  ;
3146 1.87 15.25 -0.77  ;
3147 7.73 15.25 -0.77  ;
3200 -4.0 15.25 -3.39  ;
3201 1.87 15.25 -3.39  ;
3202 7.73 15.25 -3.39  ;
3259 -4.0 15.25 -4.48  ;
3260 1.87 15.25 -4.48  ;
3313 -4.53 7.0 -0.77  ;
3314 1.33 7.0 -0.77  ;
3368 -4.53 7.0 -3.39  ;
3427 -4.53 7.0 -4.48  ;
3428 1.33 7.0 -4.48  ;
4150 2.4 24.5 -4.48  ;
4151 7.73 16.25 -4.48  ;
4188 2.4 27.0 -4.48  ;
4189 2.4 25.75 -4.48  ;
4193 7.73 17.5 -4.48  ;
4475 7.73 16.25 -1.22  ;
4618 2.4 24.5 -4.03  ;
4798 2.4 26.604 -2.172  ;
4799 2.4 26.078 -1.934  ;
4800 2.4 25.552 -1.696  ;
4804 7.73 17.302 -1.696  ;
4805 7.73 16.776 -1.458  ;
5086 2.4 26.604 -3.086  ;
5088 2.4 25.552 -3.558  ;
5089 2.4 25.026 -3.794  ;
5091 7.73 17.828 -3.322  ;
5092 7.73 17.302 -3.558  ;
6993 -1.6 7.0 0.0  ;
7012 -1.065 15.25 0.0  ;
7015 4.535 11.125 0.0  ;
7029 4.8 15.25 0.0  ;
7030 5.065 19.375 0.0  ;
8164 2.4 23.75 -4.9  ;
8321 2.4 23.25 -4.9  ;
8424 -4.0 15.5 -4.9  ;
8426 -1.065 15.25 -4.9  ;
8427 1.87 15.5 -4.9  ;
8429 4.8 15.25 -4.9  ;
8430 7.73 15.5 -4.9  ;
8431 4.8 15.75 -4.9  ;
8583 -4.0 15.0 -4.9  ;
8584 -1.065 14.75 -4.9  ;
8585 1.87 15.0 -4.9  ;
8587 7.73 15.0 -4.9  ;
8688 -4.53 7.25 -4.9  ;
8689 -1.6 7.0 -4.9  ;
8690 1.33 7.25 -4.9  ;
8691 -1.6 7.5 -4.9  ;
8847 -4.53 6.75 -4.9  ;
8848 -1.6 6.5 -4.9  ;
8849 1.33 6.75 -4.9  ;
10208 2.4 23.25 -0.35  ;
10311 -4.0 15.5 -0.35  ;
10313 -1.065 15.25 -0.35  ;
10314 1.87 15.5 -0.35  ;
10315 -1.065 15.75 -0.35  ;
10317 7.73 15.5 -0.35  ;
10318 4.8 15.75 -0.35  ;
10470 -4.0 15.0 -0.35  ;
10471 -1.065 14.75 -0.35  ;
10472 1.87 15.0 -0.35  ;
10473 4.8 14.75 -0.35  ;
10576 -1.6 7.0 -0.35  ;
10577 1.33 7.25 -0.35  ;
10578 -1.6 7.5 -0.35  ;
10734 -4.53 6.75 -0.35  ;
10735 -1.6 6.5 -0.35  ;
10736 1.33 6.75 -0.35  ;
12050 2.4 23.5 -0.56  ;
12157 2.4 23.5 -2.08  ;
12303 2.4 23.5 -3.935  ;
12372 2.4 23.5 -4.69  ;
12427 -1.065 15.25 -0.77  ;
12428 1.87 15.25 -0.56  ;
12429 4.8 15.25 -0.77  ;
12430 7.73 15.25 -0.56  ;
12534 -1.065 15.25 -3.39  ;
12535 1.87 15.25 -2.08  ;
12536 4.8 15.25 -3.39  ;
12537 7.73 15.25 -2.08  ;
12679 -4.0 15.25 -3.935  ;
12681 1.87 15.25 -3.935  ;
12682 -1.065 15.25 -4.48  ;
12683 7.73 15.25 -3.935  ;
12684 4.8 15.25 -4.48  ;
12750 -4.0 15.25 -4.69  ;
12751 1.87 15.25 -4.69  ;
12752 7.73 15.25 -4.69  ;
12804 -4.53 7.0 -0.56  ;
12806 1.33 7.0 -0.56  ;
12911 -4.53 7.0 -2.08  ;
12913 1.33 7.0 -2.08  ;
13058 -4.53 7.0 -3.935  ;
13059 1.33 7.0 -3.935  ;
13060 -1.6 7.0 -4.48  ;
13129 -4.53 7.0 -4.69  ;
13130 1.33 7.0 -4.69  ;
14672 2.4 24.0 -0.77  ;
14673 2.4 23.75 -0.77  ;
14768 2.4 24.0 -3.39  ;
14770 2.4 24.0 -2.08  ;
14865 2.4 23.75 -4.48  ;
14866 2.4 24.0 -3.935  ;
14992 7.73 15.75 -0.77  ;
14993 7.73 15.5 -0.77  ;
14994 7.73 15.75 -0.56  ;
15088 7.73 15.75 -3.39  ;
15089 7.73 15.5 -3.39  ;
15090 7.73 15.75 -2.08  ;
15184 7.73 15.75 -4.48  ;
15185 7.73 15.5 -4.48  ;
15278 7.73 15.75 -4.69  ;
15309 -4.53 7.5 -0.77  ;
15310 -4.53 7.25 -0.77  ;
15311 -4.53 7.5 -0.56  ;
15357 -4.53 6.5 -0.77  ;
15358 -4.53 6.5 -0.56  ;
15359 -4.53 6.75 -0.77  ;
15405 -4.53 7.5 -3.39  ;
15406 -4.53 7.25 -3.39  ;
15453 -4.53 6.5 -3.39  ;
15454 -4.53 6.5 -2.08  ;
15455 -4.53 6.75 -3.39  ;
15502 -4.53 7.25 -4.48  ;
15503 -4.53 7.5 -3.935  ;
15549 -4.53 6.5 -4.48  ;
15550 -4.53 6.5 -3.935  ;
15551 -4.53 6.75 -4.48  ;
15597 -4.53 7.5 -4.69  ;
15613 -4.53 6.5 -4.69  ;
937 -4.0 14.75 -0.35  ;
1101 -4.53 6.5 -0.35  ;
1929 2.4 23.0 -4.9  ;
2093 1.87 14.75 -4.9  ;
2257 1.33 6.5 -4.9  ;
3261 7.73 15.25 -4.48  ;
3369 1.33 7.0 -3.39  ;
4474 2.4 24.5 -1.22  ;
4619 7.73 16.25 -4.03  ;
4801 2.4 25.026 -1.458  ;
5087 2.4 26.078 -3.322  ;
5093 7.73 16.776 -3.794  ;
6994 -1.335 11.125 0.0  ;
7013 -0.795 19.375 0.0  ;
8428 -1.065 15.75 -4.9  ;
8586 4.8 14.75 -4.9  ;
10051 2.4 23.75 -0.35  ;
10316 4.8 15.25 -0.35  ;
10474 7.73 15.0 -0.35  ;
10575 -4.53 7.25 -0.35  ;
12426 -4.0 15.25 -0.56  ;
12533 -4.0 15.25 -2.08  ;
12805 -1.6 7.0 -0.77  ;
12912 -1.6 7.0 -3.39  ;
14674 2.4 24.0 -0.56  ;
14769 2.4 23.75 -3.39  ;
14864 2.4 24.0 -4.48  ;
14958 2.4 24.0 -4.69  ;
15186 7.73 15.75 -3.935  ;
15407 -4.53 7.5 -2.08  ;
15501 -4.53 7.5 -4.48  ;
