5 -4.53 7.0 0.0  ;
14 1.33 7.0 0.0  ;
22 1.87 15.25 0.0  ;
774 2.4 23.0 -0.35  ;
828 1.87 15.75 -0.35  ;
883 1.87 15.25 -0.35  ;
938 1.87 14.75 -0.35  ;
991 -4.53 7.5 -0.35  ;
992 1.33 7.5 -0.35  ;
1046 -4.53 7.0 -0.35  ;
1047 1.33 7.0 -0.35  ;
1102 1.33 6.5 -0.35  ;
1819 2.4 24.0 -4.9  ;
1874 2.4 23.5 -4.9  ;
1983 1.87 15.75 -4.9  ;
1984 7.73 15.75 -4.9  ;
2038 1.87 15.25 -4.9  ;
2039 7.73 15.25 -4.9  ;
2094 7.73 14.75 -4.9  ;
2146 -4.53 7.5 -4.9  ;
2147 1.33 7.5 -4.9  ;
2201 -4.53 7.0 -4.9  ;
2202 1.33 7.0 -4.9  ;
2256 -4.53 6.5 -4.9  ;
2978 2.4 23.5 -0.77  ;
3033 2.4 23.5 -3.39  ;
3092 2.4 23.5 -4.48  ;
3146 1.87 15.25 -0.77  ;
3201 1.87 15.25 -3.39  ;
3202 7.73 15.25 -3.39  ;
3260 1.87 15.25 -4.48  ;
3313 -4.53 7.0 -0.77  ;
3314 1.33 7.0 -0.77  ;
3368 -4.53 7.0 -3.39  ;
3427 -4.53 7.0 -4.48  ;
3428 1.33 7.0 -4.48  ;
6993 -1.6 7.0 0.0  ;
6995 -1.86 2.875 0.0  ;
7012 -1.065 15.25 0.0  ;
7014 4.265 7.0 0.0  ;
7015 4.535 11.125 0.0  ;
7029 4.8 15.25 0.0  ;
8164 2.4 23.75 -4.9  ;
8321 2.4 23.25 -4.9  ;
8426 -1.065 15.25 -4.9  ;
8427 1.87 15.5 -4.9  ;
8429 4.8 15.25 -4.9  ;
8430 7.73 15.5 -4.9  ;
8431 4.8 15.75 -4.9  ;
8584 -1.065 14.75 -4.9  ;
8585 1.87 15.0 -4.9  ;
8587 7.73 15.0 -4.9  ;
8688 -4.53 7.25 -4.9  ;
8689 -1.6 7.0 -4.9  ;
8690 1.33 7.25 -4.9  ;
8691 -1.6 7.5 -4.9  ;
8692 4.265 7.0 -4.9  ;
8694 4.265 7.5 -4.9  ;
8847 -4.53 6.75 -4.9  ;
8848 -1.6 6.5 -4.9  ;
8849 1.33 6.75 -4.9  ;
8850 4.265 6.5 -4.9  ;
10208 2.4 23.25 -0.35  ;
10313 -1.065 15.25 -0.35  ;
10314 1.87 15.5 -0.35  ;
10315 -1.065 15.75 -0.35  ;
10318 4.8 15.75 -0.35  ;
10471 -1.065 14.75 -0.35  ;
10472 1.87 15.0 -0.35  ;
10473 4.8 14.75 -0.35  ;
10576 -1.6 7.0 -0.35  ;
10577 1.33 7.25 -0.35  ;
10578 -1.6 7.5 -0.35  ;
10579 4.265 7.0 -0.35  ;
10734 -4.53 6.75 -0.35  ;
10735 -1.6 6.5 -0.35  ;
10736 1.33 6.75 -0.35  ;
10737 4.265 6.5 -0.35  ;
12157 2.4 23.5 -2.08  ;
12303 2.4 23.5 -3.935  ;
12372 2.4 23.5 -4.69  ;
12427 -1.065 15.25 -0.77  ;
12428 1.87 15.25 -0.56  ;
12429 4.8 15.25 -0.77  ;
12534 -1.065 15.25 -3.39  ;
12535 1.87 15.25 -2.08  ;
12536 4.8 15.25 -3.39  ;
12681 1.87 15.25 -3.935  ;
12682 -1.065 15.25 -4.48  ;
12683 7.73 15.25 -3.935  ;
12684 4.8 15.25 -4.48  ;
12751 1.87 15.25 -4.69  ;
12752 7.73 15.25 -4.69  ;
12804 -4.53 7.0 -0.56  ;
12806 1.33 7.0 -0.56  ;
12807 4.265 7.0 -0.77  ;
12911 -4.53 7.0 -2.08  ;
12913 1.33 7.0 -2.08  ;
12914 4.265 7.0 -3.39  ;
13058 -4.53 7.0 -3.935  ;
13059 1.33 7.0 -3.935  ;
13060 -1.6 7.0 -4.48  ;
13062 4.265 7.0 -4.48  ;
13129 -4.53 7.0 -4.69  ;
13130 1.33 7.0 -4.69  ;
14768 2.4 24.0 -3.39  ;
14770 2.4 24.0 -2.08  ;
14865 2.4 23.75 -4.48  ;
14866 2.4 24.0 -3.935  ;
15089 7.73 15.5 -3.39  ;
15184 7.73 15.75 -4.48  ;
15185 7.73 15.5 -4.48  ;
15278 7.73 15.75 -4.69  ;
15309 -4.53 7.5 -0.77  ;
15310 -4.53 7.25 -0.77  ;
15311 -4.53 7.5 -0.56  ;
15357 -4.53 6.5 -0.77  ;
15358 -4.53 6.5 -0.56  ;
15359 -4.53 6.75 -0.77  ;
15405 -4.53 7.5 -3.39  ;
15406 -4.53 7.25 -3.39  ;
15453 -4.53 6.5 -3.39  ;
15454 -4.53 6.5 -2.08  ;
15455 -4.53 6.75 -3.39  ;
15502 -4.53 7.25 -4.48  ;
15503 -4.53 7.5 -3.935  ;
15549 -4.53 6.5 -4.48  ;
15550 -4.53 6.5 -3.935  ;
15551 -4.53 6.75 -4.48  ;
15597 -4.53 7.5 -4.69  ;
15613 -4.53 6.5 -4.69  ;
1101 -4.53 6.5 -0.35  ;
1929 2.4 23.0 -4.9  ;
2093 1.87 14.75 -4.9  ;
2257 1.33 6.5 -4.9  ;
3261 7.73 15.25 -4.48  ;
3369 1.33 7.0 -3.39  ;
6994 -1.335 11.125 0.0  ;
8428 -1.065 15.75 -4.9  ;
8586 4.8 14.75 -4.9  ;
10316 4.8 15.25 -0.35  ;
10575 -4.53 7.25 -0.35  ;
10581 4.265 7.5 -0.35  ;
12805 -1.6 7.0 -0.77  ;
12912 -1.6 7.0 -3.39  ;
14769 2.4 23.75 -3.39  ;
14864 2.4 24.0 -4.48  ;
14958 2.4 24.0 -4.69  ;
15186 7.73 15.75 -3.935  ;
15407 -4.53 7.5 -2.08  ;
15501 -4.53 7.5 -4.48  ;
