2256 -4.53 6.5 -4.9  ;
2366 0.81 -1.25 -4.9  ;
3537 0.81 -1.25 -3.39  ;
8954 0.81 -1.0 -4.9  ;
9113 0.81 -1.5 -4.9  ;
13438 0.81 -1.25 -3.935  ;
13509 0.81 -1.25 -4.69  ;
15357 -4.53 6.5 -0.77  ;
15358 -4.53 6.5 -0.56  ;
15453 -4.53 6.5 -3.39  ;
15454 -4.53 6.5 -2.08  ;
15549 -4.53 6.5 -4.48  ;
15550 -4.53 6.5 -3.935  ;
15613 -4.53 6.5 -4.69  ;
15774 0.81 -1.75 -2.08  ;
15775 0.81 -1.5 -3.39  ;
15822 0.81 -1.0 -4.48  ;
15869 0.81 -1.75 -4.48  ;
15870 0.81 -1.75 -3.935  ;
15871 0.81 -1.5 -4.48  ;
15933 0.81 -1.75 -4.69  ;
1101 -4.53 6.5 -0.35  ;
2421 0.81 -1.75 -4.9  ;
3596 0.81 -1.25 -4.48  ;
15773 0.81 -1.75 -3.39  ;
