10 -15.18 32.54 0.0  ;
19 -9.31 32.54 0.0  ;
37 1.89 32.54 0.0  ;
496 -20.53 32.25 -0.35  ;
497 -14.67 32.25 -0.35  ;
498 -8.8 32.25 -0.35  ;
1652 -14.67 32.25 -4.9  ;
1653 -8.8 32.25 -4.9  ;
6860 25.98 35.0 -0.77  ;
6865 31.32 35.0 -0.77  ;
6870 36.65 35.0 -0.77  ;
6875 41.98 35.0 -0.77  ;
6885 52.65 35.0 -0.77  ;
6890 57.99 35.0 -0.77  ;
6982 -20.785 32.145 0.0  ;
6984 -14.925 32.145 0.0  ;
6985 -18.11 32.54 0.0  ;
7009 -12.245 32.54 0.0  ;
7043 -0.78 32.54 0.0  ;
7890 -20.53 32.0 -4.9  ;
7893 -17.6 32.25 -4.9  ;
7896 -11.735 32.25 -4.9  ;
9777 -20.53 32.0 -0.35  ;
9780 -17.6 32.25 -0.35  ;
9783 -11.735 32.25 -0.35  ;
14359 -20.53 32.25 -0.77  ;
14360 -20.53 32.0 -0.77  ;
14361 -20.53 32.25 -0.56  ;
14452 -20.53 32.25 -3.39  ;
14454 -20.53 32.25 -2.08  ;
14545 -20.53 32.25 -4.48  ;
14546 -20.53 32.0 -4.48  ;
14547 -20.53 32.25 -3.935  ;
14638 -20.53 32.25 -4.69  ;
1 -21.04 32.54 0.0  ;
28 -3.45 32.54 0.0  ;
1651 -20.53 32.25 -4.9  ;
4114 -22.0 32.54 1.0  ;
6880 47.32 35.0 -0.77  ;
7026 -6.38 32.54 0.0  ;
9779 -14.67 32.0 -0.35  ;
14453 -20.53 32.0 -3.39  ;
