45 41 0.8541666666666666
44 48 1.0
43 48 1.0
42 52 1.0
41 48 1.0
40 48 1.0
39 48 1.0
38 48 1.0
37 52 1.0
36 27 0.5625
32 912 0.6790766939687267
31 1830 0.6818181818181818
30 915 0.6823266219239373
29 610 0.6823266219239373
28 915 0.6823266219239373
27 561 0.6268156424581005
26 1514 0.5636634400595681
62 255 1.0
61 272 1.0
60 261 0.9595588235294118
59 153 0.5294117647058824
58 306 1.0
57 11 0.04044117647058824
54 4241 0.800188679245283
53 981 0.18509433962264152
52 424 0.01984647069837109
51 17124 0.8008605369001964
50 16400 0.7665700663737497
48 1856 0.5168476747424116
47 877 0.1426480156148341
