46 48 1.0
45 48 1.0
43 2 0.041666666666666664
42 52 1.0
41 48 1.0
40 48 1.0
39 48 1.0
38 48 1.0
37 1 0.019230769230769232
36 2 0.041666666666666664
35 48 1.0
34 48 1.0
33 48 1.0
32 1343 1.0
31 2684 1.0
28 1341 1.0
27 895 1.0
26 2686 1.0
62 90 0.35294117647058826
61 260 0.9558823529411765
60 272 1.0
59 289 1.0
58 106 0.3464052287581699
57 258 0.9485294117647058
56 238 1.0
55 238 1.0
54 4250 0.8018867924528302
53 4250 0.8018867924528302
52 17502 0.8192286088747426
51 8626 0.4034234402768684
50 17511 0.8185005141628494
49 8631 0.40341201215237205
48 2778 0.7736006683375104
47 4756 0.7735849056603774
