46 48 1.0
44 16 0.3333333333333333
43 48 1.0
42 52 1.0
41 48 1.0
40 48 1.0
39 48 1.0
37 17 0.3269230769230769
36 48 1.0
35 48 1.0
34 48 1.0
33 48 1.0
32 1343 1.0
30 1341 1.0
29 894 1.0
28 1341 1.0
27 895 1.0
26 2686 1.0
62 255 1.0
61 238 0.875
60 121 0.44485294117647056
59 289 1.0
58 306 1.0
57 240 0.8823529411764706
56 106 0.44537815126050423
55 238 1.0
54 4100 0.7735849056603774
53 4100 0.7735849056603774
52 15843 0.7415746114959746
51 11094 0.5188476288466934
50 15870 0.7417967654482566
49 11101 0.5188595466230428
48 2778 0.7736006683375104
47 4756 0.7735849056603774
