10 -15.18 32.54 0.0  ;
11 -14.67 31.75 0.0  ;
19 -9.31 32.54 0.0  ;
37 1.89 32.54 0.0  ;
46 7.75 32.54 0.0  ;
55 13.61 32.54 0.0  ;
64 19.47 32.54 0.0  ;
73 21.72 32.54 0.0  ;
82 23.97 32.54 0.0  ;
100 25.47 32.54 0.0  ;
109 26.05 32.54 0.0  ;
118 26.3 32.54 0.0  ;
127 26.97 32.54 0.0  ;
136 33.65 32.54 0.0  ;
496 -20.53 32.25 -0.35  ;
497 -14.67 32.25 -0.35  ;
498 -8.8 32.25 -0.35  ;
499 -2.94 32.25 -0.35  ;
500 2.4 32.25 -0.35  ;
502 14.12 32.25 -0.35  ;
503 19.98 32.25 -0.35  ;
504 22.23 32.25 -0.35  ;
509 26.81 32.54 -0.35  ;
510 26.97 32.54 -0.35  ;
511 34.16 32.54 -0.35  ;
551 -20.53 31.75 -0.35  ;
1652 -14.67 32.25 -4.9  ;
1653 -8.8 32.25 -4.9  ;
1654 -2.94 32.25 -4.9  ;
1655 2.4 32.25 -4.9  ;
1656 8.26 32.25 -4.9  ;
1658 19.98 32.25 -4.9  ;
1659 22.23 32.25 -4.9  ;
1660 24.16 32.25 -4.9  ;
1662 25.4 32.54 -4.9  ;
1663 25.98 32.54 -4.9  ;
1665 26.97 32.54 -4.9  ;
1666 34.16 32.54 -4.9  ;
1667 40.83 32.54 -4.9  ;
1706 -20.53 31.75 -4.9  ;
1707 -14.67 31.75 -4.9  ;
2806 -20.53 31.75 -0.77  ;
2808 -8.8 31.75 -0.77  ;
2861 -20.53 31.75 -3.39  ;
2862 -14.67 31.75 -3.39  ;
2863 -8.8 31.75 -3.39  ;
2920 -20.53 31.75 -4.48  ;
2921 -14.67 31.75 -4.48  ;
2922 -8.8 31.75 -4.48  ;
4034 26.05 32.38 0.0  ;
5435 20.82 32.49 -3.54  ;
6095 25.27 32.46 -3.62  ;
6860 25.98 35.0 -0.77  ;
6865 31.32 35.0 -0.77  ;
6870 36.65 35.0 -0.77  ;
6875 41.98 35.0 -0.77  ;
6885 52.65 35.0 -0.77  ;
6890 57.99 35.0 -0.77  ;
6982 -20.785 32.145 0.0  ;
6983 -17.6 31.75 0.0  ;
6984 -14.925 32.145 0.0  ;
6985 -18.11 32.54 0.0  ;
7008 -9.055 32.145 0.0  ;
7009 -12.245 32.54 0.0  ;
7025 -3.195 32.145 0.0  ;
7042 2.145 32.145 0.0  ;
7043 -0.78 32.54 0.0  ;
7059 8.005 32.145 0.0  ;
7060 4.82 32.54 0.0  ;
7077 10.68 32.54 0.0  ;
7094 16.54 32.54 0.0  ;
7111 20.595 32.54 0.0  ;
7128 22.845 32.54 0.0  ;
7145 24.305 32.54 0.0  ;
7162 25.055 32.54 0.0  ;
7179 25.76 32.54 0.0  ;
7197 26.635 32.54 0.0  ;
7238 36.985 32.54 0.0  ;
7890 -20.53 32.0 -4.9  ;
7892 -14.67 32.0 -4.9  ;
7893 -17.6 32.25 -4.9  ;
7894 -11.735 31.75 -4.9  ;
7895 -8.8 32.0 -4.9  ;
7896 -11.735 32.25 -4.9  ;
7898 -2.94 32.0 -4.9  ;
7899 -5.87 32.25 -4.9  ;
7901 2.4 32.0 -4.9  ;
7902 -0.27 32.25 -4.9  ;
7905 5.33 32.25 -4.9  ;
7908 11.19 32.25 -4.9  ;
7911 17.05 32.25 -4.9  ;
7914 21.105 32.25 -4.9  ;
7917 23.195 32.25 -4.9  ;
7920 24.655 32.25 -4.9  ;
7924 25.69 32.54 -4.9  ;
7927 26.395 32.54 -4.9  ;
7930 26.89 32.54 -4.9  ;
7933 30.565 32.54 -4.9  ;
7936 37.495 32.54 -4.9  ;
7939 42.835 32.54 -4.9  ;
9777 -20.53 32.0 -0.35  ;
9778 -17.6 31.75 -0.35  ;
9780 -17.6 32.25 -0.35  ;
9781 -11.735 31.75 -0.35  ;
9782 -8.8 32.0 -0.35  ;
9783 -11.735 32.25 -0.35  ;
9785 -2.94 32.0 -0.35  ;
9788 2.4 32.0 -0.35  ;
9789 -0.27 32.25 -0.35  ;
9795 11.19 32.25 -0.35  ;
9801 21.105 32.25 -0.35  ;
9820 30.565 32.54 -0.35  ;
9823 37.495 32.54 -0.35  ;
11664 -20.53 31.75 -0.56  ;
11665 -17.6 31.75 -0.77  ;
11666 -14.67 31.75 -0.56  ;
11667 -11.735 31.75 -0.77  ;
11771 -20.53 31.75 -2.08  ;
11772 -17.6 31.75 -3.39  ;
11773 -14.67 31.75 -2.08  ;
11774 -11.735 31.75 -3.39  ;
11918 -20.53 31.75 -3.935  ;
11919 -14.67 31.75 -3.935  ;
11921 -8.8 31.75 -3.935  ;
11922 -11.735 31.75 -4.48  ;
11989 -20.53 31.75 -4.69  ;
11991 -8.8 31.75 -4.69  ;
14359 -20.53 32.25 -0.77  ;
14360 -20.53 32.0 -0.77  ;
14361 -20.53 32.25 -0.56  ;
14362 19.98 32.25 -0.77  ;
14364 19.98 32.25 -0.56  ;
14367 22.23 32.25 -0.56  ;
14373 26.97 32.54 -0.56  ;
14452 -20.53 32.25 -3.39  ;
14454 -20.53 32.25 -2.08  ;
14455 19.98 32.25 -3.39  ;
14457 19.98 32.25 -2.08  ;
14458 22.23 32.25 -3.39  ;
14460 22.23 32.25 -2.08  ;
14461 24.16 32.25 -3.39  ;
14463 24.16 32.25 -2.08  ;
14464 26.97 32.54 -1.87  ;
14545 -20.53 32.25 -4.48  ;
14546 -20.53 32.0 -4.48  ;
14547 -20.53 32.25 -3.935  ;
14550 19.98 32.25 -3.935  ;
14551 22.23 32.25 -4.48  ;
14553 22.23 32.25 -3.935  ;
14556 24.16 32.25 -3.935  ;
14557 26.97 32.54 -4.48  ;
14559 26.97 32.54 -3.175  ;
14638 -20.53 32.25 -4.69  ;
14639 19.98 32.25 -4.69  ;
14640 22.23 32.25 -4.69  ;
1 -21.04 32.54 0.0  ;
2 -20.53 31.75 0.0  ;
28 -3.45 32.54 0.0  ;
91 24.64 32.54 0.0  ;
501 8.26 32.25 -0.35  ;
552 -14.67 31.75 -0.35  ;
1651 -20.53 32.25 -4.9  ;
1657 14.12 32.25 -4.9  ;
1664 26.81 32.54 -4.9  ;
1708 -8.8 31.75 -4.9  ;
2807 -14.67 31.75 -0.77  ;
4114 -22.0 32.54 1.0  ;
6097 28.27 32.46 -3.62  ;
6880 47.32 35.0 -0.77  ;
7007 -11.735 31.75 0.0  ;
7026 -6.38 32.54 0.0  ;
7076 13.865 32.145 0.0  ;
7221 30.31 32.54 0.0  ;
7891 -17.6 31.75 -4.9  ;
7904 8.26 32.0 -4.9  ;
9779 -14.67 32.0 -0.35  ;
9786 -5.87 32.25 -0.35  ;
9792 5.33 32.25 -0.35  ;
9798 17.05 32.25 -0.35  ;
9817 26.89 32.54 -0.35  ;
11668 -8.8 31.75 -0.56  ;
11775 -8.8 31.75 -2.08  ;
11920 -17.6 31.75 -4.48  ;
11990 -14.67 31.75 -4.69  ;
14365 22.23 32.25 -0.77  ;
14371 26.97 32.54 -0.77  ;
14453 -20.53 32.0 -3.39  ;
14466 26.97 32.54 -1.32  ;
14548 19.98 32.25 -4.48  ;
14554 24.16 32.25 -4.48  ;
14641 24.16 32.25 -4.69  ;
14642 26.97 32.54 -4.69  ;
