3 -15.19 23.5 0.0  ;
10 -15.18 32.54 0.0  ;
11 -14.67 31.75 0.0  ;
12 -9.33 23.5 0.0  ;
19 -9.31 32.54 0.0  ;
20 -8.8 31.75 0.0  ;
29 -2.94 31.75 0.0  ;
30 2.4 23.5 0.0  ;
37 1.89 32.54 0.0  ;
38 2.4 31.75 0.0  ;
39 7.73 23.5 0.0  ;
46 7.75 32.54 0.0  ;
48 13.59 23.5 0.0  ;
55 13.61 32.54 0.0  ;
56 14.12 31.75 0.0  ;
64 19.47 32.54 0.0  ;
65 19.98 31.75 0.0  ;
73 21.72 32.54 0.0  ;
74 22.23 31.75 0.0  ;
82 23.97 32.54 0.0  ;
83 24.48 31.75 0.0  ;
92 25.15 31.75 0.0  ;
100 25.47 32.54 0.0  ;
101 25.98 31.75 0.0  ;
109 26.05 32.54 0.0  ;
118 26.3 32.54 0.0  ;
119 26.81 31.75 0.0  ;
127 26.97 32.54 0.0  ;
128 27.48 31.75 0.0  ;
136 33.65 32.54 0.0  ;
137 34.16 31.75 0.0  ;
145 40.32 32.54 0.0  ;
146 40.83 31.75 0.0  ;
155 44.84 31.75 0.0  ;
163 48.33 32.54 0.0  ;
164 48.84 31.75 0.0  ;
172 51.79 32.54 0.0  ;
181 53.67 32.54 0.0  ;
182 54.18 31.75 0.0  ;
190 59.76 32.54 0.0  ;
191 60.27 31.75 0.0  ;
199 65.85 32.54 0.0  ;
200 66.36 31.75 0.0  ;
208 69.86 32.54 0.0  ;
209 70.37 31.75 0.0  ;
218 74.37 31.75 0.0  ;
226 79.19 32.54 0.0  ;
496 -20.53 32.25 -0.35  ;
497 -14.67 32.25 -0.35  ;
498 -8.8 32.25 -0.35  ;
499 -2.94 32.25 -0.35  ;
500 2.4 32.25 -0.35  ;
502 14.12 32.25 -0.35  ;
503 19.98 32.25 -0.35  ;
504 22.23 32.25 -0.35  ;
505 24.16 32.25 -0.35  ;
506 25.15 32.25 -0.35  ;
507 25.98 32.25 -0.35  ;
509 26.81 32.54 -0.35  ;
510 26.97 32.54 -0.35  ;
511 34.16 32.54 -0.35  ;
512 40.83 32.54 -0.35  ;
513 44.84 32.54 -0.35  ;
515 52.3 32.54 -0.35  ;
516 54.18 32.54 -0.35  ;
517 60.27 32.54 -0.35  ;
518 66.36 32.54 -0.35  ;
519 70.37 32.54 -0.35  ;
521 79.7 32.54 -0.35  ;
551 -20.53 31.75 -0.35  ;
553 -8.8 31.75 -0.35  ;
554 -2.94 31.75 -0.35  ;
555 2.4 31.75 -0.35  ;
556 8.26 31.75 -0.35  ;
557 14.12 31.75 -0.35  ;
559 22.23 31.75 -0.35  ;
560 24.48 31.75 -0.35  ;
561 25.15 31.75 -0.35  ;
562 25.98 31.75 -0.35  ;
563 26.56 31.75 -0.35  ;
564 26.81 31.75 -0.35  ;
566 34.16 31.75 -0.35  ;
567 40.83 31.75 -0.35  ;
568 44.84 31.75 -0.35  ;
569 48.84 31.75 -0.35  ;
570 52.3 31.75 -0.35  ;
572 60.27 31.75 -0.35  ;
573 66.36 31.75 -0.35  ;
574 70.37 31.75 -0.35  ;
575 74.37 31.75 -0.35  ;
606 -20.53 31.25 -0.35  ;
607 -14.67 31.25 -0.35  ;
608 -8.8 31.25 -0.35  ;
610 2.4 31.25 -0.35  ;
611 8.26 31.25 -0.35  ;
612 14.12 31.25 -0.35  ;
613 19.98 31.25 -0.35  ;
614 22.23 31.25 -0.35  ;
616 25.15 31.25 -0.35  ;
617 25.98 31.25 -0.35  ;
618 26.56 31.25 -0.35  ;
619 26.81 30.96 -0.35  ;
620 27.99 30.96 -0.35  ;
622 40.83 30.96 -0.35  ;
623 44.84 30.96 -0.35  ;
624 48.84 30.96 -0.35  ;
625 52.3 30.96 -0.35  ;
626 54.18 30.96 -0.35  ;
627 60.27 30.96 -0.35  ;
629 70.37 30.96 -0.35  ;
630 74.37 30.96 -0.35  ;
661 -15.19 24.0 -0.35  ;
662 -9.33 24.0 -0.35  ;
663 -3.46 24.0 -0.35  ;
664 2.4 24.0 -0.35  ;
665 7.73 24.0 -0.35  ;
667 19.46 24.0 -0.35  ;
668 25.32 24.0 -0.35  ;
669 27.57 24.0 -0.35  ;
670 29.5 24.0 -0.35  ;
671 30.49 24.0 -0.35  ;
673 31.9 24.0 -0.35  ;
674 32.15 24.29 -0.35  ;
675 32.31 24.29 -0.35  ;
676 39.49 24.29 -0.35  ;
677 46.16 24.29 -0.35  ;
679 54.18 24.29 -0.35  ;
717 -9.33 23.5 -0.35  ;
718 -3.46 23.5 -0.35  ;
719 2.4 23.5 -0.35  ;
720 7.73 23.5 -0.35  ;
771 -15.19 23.0 -0.35  ;
1652 -14.67 32.25 -4.9  ;
1653 -8.8 32.25 -4.9  ;
1654 -2.94 32.25 -4.9  ;
1655 2.4 32.25 -4.9  ;
1656 8.26 32.25 -4.9  ;
1658 19.98 32.25 -4.9  ;
1659 22.23 32.25 -4.9  ;
1660 24.16 32.25 -4.9  ;
1661 25.15 32.25 -4.9  ;
1662 25.4 32.54 -4.9  ;
1663 25.98 32.54 -4.9  ;
1665 26.97 32.54 -4.9  ;
1666 34.16 32.54 -4.9  ;
1667 40.83 32.54 -4.9  ;
1668 44.84 32.54 -4.9  ;
1669 48.84 32.54 -4.9  ;
1671 54.18 32.54 -4.9  ;
1672 60.27 32.54 -4.9  ;
1673 66.36 32.54 -4.9  ;
1674 70.37 32.54 -4.9  ;
1675 74.37 32.54 -4.9  ;
1706 -20.53 31.75 -4.9  ;
1707 -14.67 31.75 -4.9  ;
1709 -2.94 31.75 -4.9  ;
1710 2.4 31.75 -4.9  ;
1711 8.26 31.75 -4.9  ;
1712 14.12 31.75 -4.9  ;
1713 19.98 31.75 -4.9  ;
1715 24.48 31.75 -4.9  ;
1716 25.15 31.75 -4.9  ;
1717 25.4 31.75 -4.9  ;
1718 25.98 31.75 -4.9  ;
1719 26.81 31.75 -4.9  ;
1721 34.16 31.75 -4.9  ;
1722 40.83 31.75 -4.9  ;
1723 44.84 31.75 -4.9  ;
1724 48.84 31.75 -4.9  ;
1725 52.3 31.75 -4.9  ;
1726 54.18 31.75 -4.9  ;
1728 66.36 31.75 -4.9  ;
1729 70.37 31.75 -4.9  ;
1730 74.37 31.75 -4.9  ;
1761 -20.53 31.25 -4.9  ;
1762 -14.67 31.25 -4.9  ;
1763 -8.8 31.25 -4.9  ;
1764 -2.94 31.25 -4.9  ;
1766 8.26 31.25 -4.9  ;
1767 14.12 31.25 -4.9  ;
1768 19.98 31.25 -4.9  ;
1769 22.23 31.25 -4.9  ;
1770 24.8 31.25 -4.9  ;
1772 25.4 30.96 -4.9  ;
1773 25.98 30.96 -4.9  ;
1774 26.81 30.96 -4.9  ;
1775 27.99 30.96 -4.9  ;
1776 34.16 30.96 -4.9  ;
1778 44.84 30.96 -4.9  ;
1779 48.84 30.96 -4.9  ;
1780 52.3 30.96 -4.9  ;
1781 54.18 30.96 -4.9  ;
1782 60.27 30.96 -4.9  ;
1783 66.36 30.96 -4.9  ;
1785 74.37 30.96 -4.9  ;
1816 -15.19 24.0 -4.9  ;
1817 -9.33 24.0 -4.9  ;
1818 -3.46 24.0 -4.9  ;
1819 2.4 24.0 -4.9  ;
1820 7.73 24.0 -4.9  ;
1822 19.46 24.0 -4.9  ;
1823 25.32 24.0 -4.9  ;
1824 27.57 24.0 -4.9  ;
1825 29.5 24.0 -4.9  ;
1826 30.49 24.0 -4.9  ;
1827 30.74 24.29 -4.9  ;
1829 32.15 24.29 -4.9  ;
1830 32.31 24.29 -4.9  ;
1831 39.49 24.29 -4.9  ;
1832 46.16 24.29 -4.9  ;
1833 50.17 24.29 -4.9  ;
1835 57.63 24.29 -4.9  ;
1871 -15.19 23.5 -4.9  ;
1873 -3.46 23.5 -4.9  ;
1874 2.4 23.5 -4.9  ;
1875 7.73 23.5 -4.9  ;
1876 13.59 23.5 -4.9  ;
1926 -15.19 23.0 -4.9  ;
1927 -9.33 23.0 -4.9  ;
2806 -20.53 31.75 -0.77  ;
2808 -8.8 31.75 -0.77  ;
2809 -2.94 31.75 -0.77  ;
2810 2.4 31.75 -0.77  ;
2811 8.26 31.75 -0.77  ;
2812 14.12 31.75 -0.77  ;
2814 22.23 31.75 -0.77  ;
2815 24.48 31.75 -0.77  ;
2816 25.15 31.75 -0.77  ;
2817 25.98 31.75 -0.77  ;
2818 26.56 31.75 -0.77  ;
2820 27.48 31.75 -0.77  ;
2821 34.16 31.75 -0.77  ;
2822 40.83 31.75 -0.77  ;
2823 44.84 31.75 -0.77  ;
2824 48.84 31.75 -0.77  ;
2825 52.3 31.75 -0.77  ;
2827 60.27 31.75 -0.77  ;
2828 66.36 31.75 -0.77  ;
2829 70.37 31.75 -0.77  ;
2830 74.37 31.75 -0.77  ;
2861 -20.53 31.75 -3.39  ;
2862 -14.67 31.75 -3.39  ;
2863 -8.8 31.75 -3.39  ;
2865 2.4 31.75 -3.39  ;
2866 8.26 31.75 -3.39  ;
2867 14.12 31.75 -3.39  ;
2868 19.98 31.75 -3.39  ;
2869 22.23 31.75 -3.39  ;
2871 25.15 31.75 -3.39  ;
2872 25.98 31.75 -2.5  ;
2873 26.56 31.75 -1.87  ;
2874 25.4 31.75 -3.39  ;
2875 25.98 31.75 -2.76  ;
2877 27.48 31.75 -1.87  ;
2878 34.16 31.75 -1.87  ;
2879 40.83 31.75 -1.87  ;
2880 44.84 31.75 -1.87  ;
2883 54.18 31.75 -1.87  ;
2884 60.27 31.75 -1.87  ;
2885 66.36 31.75 -1.87  ;
2886 70.37 31.75 -1.87  ;
2920 -20.53 31.75 -4.48  ;
2921 -14.67 31.75 -4.48  ;
2922 -8.8 31.75 -4.48  ;
2923 -2.94 31.75 -4.48  ;
2924 2.4 31.75 -4.48  ;
2925 8.26 31.75 -4.48  ;
2926 14.12 31.75 -4.48  ;
2927 19.98 31.75 -4.48  ;
2928 22.23 31.75 -4.48  ;
2929 24.48 31.75 -4.48  ;
2930 25.15 31.75 -4.48  ;
2931 25.4 31.75 -4.48  ;
2932 25.98 31.75 -4.48  ;
2933 26.81 31.75 -4.48  ;
2934 27.48 31.75 -4.48  ;
2935 34.16 31.75 -4.48  ;
2936 40.83 31.75 -4.48  ;
2937 44.84 31.75 -4.48  ;
2938 48.84 31.75 -4.48  ;
2940 54.18 31.75 -4.48  ;
2941 60.27 31.75 -4.48  ;
2942 66.36 31.75 -4.48  ;
2943 70.37 31.75 -4.48  ;
2944 74.37 31.75 -4.48  ;
2975 -15.19 23.5 -0.77  ;
2976 -9.33 23.5 -0.77  ;
2978 2.4 23.5 -0.77  ;
2979 7.73 23.5 -0.77  ;
2980 13.59 23.5 -0.77  ;
3030 -15.19 23.5 -3.39  ;
3031 -9.33 23.5 -3.39  ;
3032 -3.46 23.5 -3.39  ;
3033 2.4 23.5 -3.39  ;
3035 13.59 23.5 -3.39  ;
3089 -15.19 23.5 -4.48  ;
3090 -9.33 23.5 -4.48  ;
3092 2.4 23.5 -4.48  ;
3093 7.73 23.5 -4.48  ;
3094 13.59 23.5 -4.48  ;
4034 26.05 32.38 0.0  ;
4035 26.56 31.59 0.0  ;
4043 26.24 31.75 -2.76  ;
4058 25.98 31.901 -4.48  ;
4085 25.98 31.599 -0.77  ;
4086 25.98 31.599 -4.48  ;
4113 2.4 30.75 -4.48  ;
4150 2.4 24.5 -4.48  ;
4156 54.18 24.5 -4.48  ;
4186 2.4 29.5 -4.48  ;
4187 2.4 28.25 -4.48  ;
4188 2.4 27.0 -4.48  ;
4189 2.4 25.75 -4.48  ;
4210 54.18 29.5 -4.48  ;
4211 54.18 28.25 -4.48  ;
4212 54.18 27.0 -4.48  ;
4213 54.18 25.75 -4.48  ;
4330 2.4 30.75 -4.03  ;
4336 54.18 30.75 -4.03  ;
4366 2.4 28.13 -2.85  ;
4378 54.18 28.13 -2.85  ;
4438 2.4 27.13 -2.41  ;
4444 54.18 27.13 -2.41  ;
4510 2.4 30.75 -1.22  ;
4516 54.18 30.75 -1.22  ;
4546 2.4 28.13 -2.41  ;
4552 54.18 28.13 -2.41  ;
4582 2.4 27.13 -2.85  ;
4618 2.4 24.5 -4.03  ;
4624 54.18 24.5 -4.03  ;
4654 2.4 30.226 -3.794  ;
4655 2.4 29.702 -3.558  ;
4656 2.4 29.178 -3.322  ;
4678 54.18 30.226 -3.794  ;
4679 54.18 29.702 -3.558  ;
4680 54.18 29.178 -3.322  ;
4798 2.4 26.604 -2.172  ;
4799 2.4 26.078 -1.934  ;
4800 2.4 25.552 -1.696  ;
4822 54.18 26.604 -2.172  ;
4823 54.18 26.078 -1.934  ;
4824 54.18 25.552 -1.696  ;
4825 54.18 25.026 -1.458  ;
4942 2.4 30.226 -1.458  ;
4943 2.4 29.702 -1.696  ;
4944 2.4 29.178 -1.934  ;
4945 2.4 28.654 -2.172  ;
4966 54.18 30.226 -1.458  ;
4968 54.18 29.178 -1.934  ;
4969 54.18 28.654 -2.172  ;
5086 2.4 26.604 -3.086  ;
5088 2.4 25.552 -3.558  ;
5089 2.4 25.026 -3.794  ;
5110 54.18 26.604 -3.086  ;
5111 54.18 26.078 -3.322  ;
5113 54.18 25.026 -3.794  ;
5230 20.63 30.75 -0.77  ;
5231 19.98 31.75 1.0  ;
5242 24.67 24.5 -0.77  ;
5260 20.63 30.75 -4.48  ;
5272 24.67 24.5 -4.48  ;
5290 21.438 29.5 -0.77  ;
5291 22.246 28.25 -0.77  ;
5292 23.054 27.0 -0.77  ;
5293 23.862 25.75 -0.77  ;
5338 21.438 29.5 -4.48  ;
5340 23.054 27.0 -4.48  ;
5341 23.862 25.75 -4.48  ;
5386 20.63 30.75 -1.22  ;
5387 20.82 31.01 0.17  ;
5398 22.325 28.13 -2.41  ;
5399 22.65 27.63 -2.63  ;
5435 20.82 32.49 -3.54  ;
5437 26.16 24.24 -3.54  ;
5446 22.325 28.13 -2.85  ;
5470 22.975 27.13 -2.41  ;
5471 23.49 28.37 -1.69  ;
5482 24.67 24.5 -1.22  ;
5506 22.975 27.13 -2.85  ;
5507 23.49 26.89 -1.69  ;
5518 24.67 24.5 -4.03  ;
5542 20.969 30.226 -1.458  ;
5543 21.308 29.702 -1.696  ;
5544 21.647 29.178 -1.934  ;
5545 21.986 28.654 -2.172  ;
5590 20.969 30.226 -3.794  ;
5591 21.308 29.702 -3.558  ;
5593 21.986 28.654 -3.086  ;
5638 23.314 26.604 -2.172  ;
5639 23.653 26.078 -1.934  ;
5640 23.992 25.552 -1.696  ;
5686 23.314 26.604 -3.086  ;
5688 23.992 25.552 -3.558  ;
5689 24.331 25.026 -3.794  ;
5734 25.13 30.75 -0.77  ;
5735 24.48 31.75 1.0  ;
5736 28.13 30.75 -0.77  ;
5782 26.71 28.31 -0.77  ;
5783 27.15 27.63 -0.77  ;
5784 27.15 27.63 1.0  ;
5785 29.71 28.31 -0.77  ;
5786 30.15 27.63 -0.77  ;
5787 30.15 27.63 1.0  ;
5854 27.59 26.95 -0.77  ;
5855 30.59 26.95 -0.77  ;
5878 29.17 24.5 -0.77  ;
5879 32.17 24.5 -0.77  ;
5902 25.446 30.262 -0.77  ;
5903 25.762 29.774 -0.77  ;
5904 26.078 29.286 -0.77  ;
5905 26.394 28.798 -0.77  ;
5906 28.446 30.262 -0.77  ;
5907 28.762 29.774 -0.77  ;
5909 29.394 28.798 -0.77  ;
5998 27.906 26.46 -0.77  ;
5999 28.222 25.97 -0.77  ;
6000 28.538 25.48 -0.77  ;
6003 31.222 25.97 -0.77  ;
6004 31.538 25.48 -0.77  ;
6005 31.854 24.99 -0.77  ;
6094 25.13 30.75 -3.58  ;
6095 25.27 32.46 -3.62  ;
6096 28.13 30.75 -3.58  ;
6099 30.61 24.21 -3.62  ;
6101 33.61 24.21 -3.62  ;
6142 27.59 26.95 -1.38  ;
6143 27.94 26.92 0.09  ;
6144 30.59 26.95 -1.38  ;
6145 30.94 26.92 0.09  ;
6190 25.13 30.75 -4.48  ;
6191 28.13 30.75 -4.48  ;
6214 26.71 28.31 -1.38  ;
6215 29.71 28.31 -1.38  ;
6238 29.17 24.5 -3.58  ;
6239 32.17 24.5 -3.58  ;
6262 29.17 24.5 -4.48  ;
6263 32.17 24.5 -4.48  ;
6286 25.446 30.262 -3.14  ;
6288 26.078 29.286 -2.26  ;
6289 26.394 28.798 -1.82  ;
6290 28.446 30.262 -3.14  ;
6291 28.762 29.774 -2.7  ;
6292 29.078 29.286 -2.26  ;
6382 27.906 26.46 -1.82  ;
6383 28.222 25.97 -2.26  ;
6384 28.538 25.48 -2.7  ;
6385 28.854 24.99 -3.14  ;
6386 30.906 26.46 -1.82  ;
6387 31.222 25.97 -2.26  ;
6389 31.854 24.99 -3.14  ;
6478 25.938 29.5 -4.48  ;
6479 26.746 28.25 -4.48  ;
6480 27.554 27.0 -4.48  ;
6483 29.746 28.25 -4.48  ;
6484 30.554 27.0 -4.48  ;
6485 31.362 25.75 -4.48  ;
6574 33.79 24.5 -4.48  ;
6592 39.86 30.75 -4.48  ;
6593 40.054 30.95 -4.48  ;
6594 40.248 31.15 -4.48  ;
6595 40.442 31.35 -4.48  ;
6612 35.004 25.75 -4.48  ;
6613 36.218 27.0 -4.48  ;
6614 37.432 28.25 -4.48  ;
6629 40.83 31.75 1.0  ;
6630 55.66 24.5 -4.48  ;
6632 67.98 30.75 -4.48  ;
6633 66.36 31.75 1.0  ;
6712 52.56 24.5 -4.48  ;
6713 52.884 24.3 -4.48  ;
6717 64.88 30.75 -4.48  ;
6718 65.176 30.95 -4.48  ;
6719 65.472 31.15 -4.48  ;
6720 65.768 31.35 -4.48  ;
6793 46.494 28.25 -4.48  ;
6794 48.516 27.0 -4.48  ;
6795 50.538 25.75 -4.48  ;
6796 57.504 25.75 -4.48  ;
6797 59.348 27.0 -4.48  ;
6799 63.036 29.5 -4.48  ;
6800 70.0 29.5 -4.48  ;
6801 72.02 28.25 -4.48  ;
6802 74.04 27.0 -4.48  ;
6856 25.98 31.901 -1.512  ;
6857 25.98 31.901 -2.254  ;
6858 25.98 31.901 -2.996  ;
6859 25.98 31.901 -3.738  ;
6860 25.98 35.0 -0.77  ;
6865 31.32 35.0 -0.77  ;
6870 36.65 35.0 -0.77  ;
6875 41.98 35.0 -0.77  ;
6885 52.65 35.0 -0.77  ;
6890 57.99 35.0 -0.77  ;
6926 25.98 31.599 -1.512  ;
6927 25.98 31.599 -2.254  ;
6928 25.98 31.599 -2.996  ;
6929 25.98 31.599 -3.738  ;
6982 -20.785 32.145 0.0  ;
6983 -17.6 31.75 0.0  ;
6984 -14.925 32.145 0.0  ;
6985 -18.11 32.54 0.0  ;
6986 -17.86 27.625 0.0  ;
6987 -12.26 23.5 0.0  ;
7008 -9.055 32.145 0.0  ;
7009 -12.245 32.54 0.0  ;
7010 -6.395 23.5 0.0  ;
7011 -6.13 27.625 0.0  ;
7024 -5.87 31.75 0.0  ;
7025 -3.195 32.145 0.0  ;
7027 -0.53 23.5 0.0  ;
7028 -0.27 27.625 0.0  ;
7041 -0.27 31.75 0.0  ;
7042 2.145 32.145 0.0  ;
7043 -0.78 32.54 0.0  ;
7044 5.065 23.5 0.0  ;
7058 5.33 31.75 0.0  ;
7059 8.005 32.145 0.0  ;
7060 4.82 32.54 0.0  ;
7061 10.66 23.5 0.0  ;
7062 10.925 27.625 0.0  ;
7075 11.19 31.75 0.0  ;
7077 10.68 32.54 0.0  ;
7079 16.79 27.625 0.0  ;
7092 17.05 31.75 0.0  ;
7093 19.725 32.145 0.0  ;
7094 16.54 32.54 0.0  ;
7096 22.65 27.625 0.0  ;
7109 21.105 31.75 0.0  ;
7110 21.975 32.145 0.0  ;
7111 20.595 32.54 0.0  ;
7113 24.9 27.625 0.0  ;
7126 23.355 31.75 0.0  ;
7128 22.845 32.54 0.0  ;
7130 27.15 27.625 0.0  ;
7143 24.815 31.75 0.0  ;
7144 24.895 32.145 0.0  ;
7145 24.305 32.54 0.0  ;
7147 27.82 27.625 0.0  ;
7160 25.565 31.75 0.0  ;
7161 25.725 32.145 0.0  ;
7162 25.055 32.54 0.0  ;
7164 28.65 27.625 0.0  ;
7178 26.305 32.145 0.0  ;
7179 25.76 32.54 0.0  ;
7181 29.23 27.625 0.0  ;
7194 26.555 32.145 0.0  ;
7195 27.145 31.75 0.0  ;
7197 26.635 32.54 0.0  ;
7198 29.48 27.625 0.0  ;
7200 30.15 27.625 0.0  ;
7219 30.82 31.75 0.0  ;
7220 33.905 32.145 0.0  ;
7223 36.825 27.625 0.0  ;
7236 37.495 31.75 0.0  ;
7237 40.575 32.145 0.0  ;
7238 36.985 32.54 0.0  ;
7254 44.585 32.145 0.0  ;
7255 42.325 32.54 0.0  ;
7257 47.505 27.625 0.0  ;
7270 46.84 31.75 0.0  ;
7271 48.585 32.145 0.0  ;
7274 51.51 27.625 0.0  ;
7287 50.57 31.75 0.0  ;
7288 52.045 32.145 0.0  ;
7289 50.06 32.54 0.0  ;
7305 53.925 32.145 0.0  ;
7306 52.73 32.54 0.0  ;
7308 56.845 27.625 0.0  ;
7323 56.715 32.54 0.0  ;
7325 62.935 27.625 0.0  ;
7338 63.315 31.75 0.0  ;
7339 66.105 32.145 0.0  ;
7340 62.805 32.54 0.0  ;
7342 69.025 27.625 0.0  ;
7355 68.365 31.75 0.0  ;
7356 70.115 32.145 0.0  ;
7357 67.855 32.54 0.0  ;
7359 73.035 27.625 0.0  ;
7372 72.37 31.75 0.0  ;
7374 71.86 32.54 0.0  ;
7389 77.035 31.75 0.0  ;
7390 79.445 32.145 0.0  ;
7391 76.525 32.54 0.0  ;
7890 -20.53 32.0 -4.9  ;
7892 -14.67 32.0 -4.9  ;
7893 -17.6 32.25 -4.9  ;
7894 -11.735 31.75 -4.9  ;
7895 -8.8 32.0 -4.9  ;
7896 -11.735 32.25 -4.9  ;
7898 -2.94 32.0 -4.9  ;
7899 -5.87 32.25 -4.9  ;
7900 -0.27 31.75 -4.9  ;
7901 2.4 32.0 -4.9  ;
7902 -0.27 32.25 -4.9  ;
7903 5.33 31.75 -4.9  ;
7905 5.33 32.25 -4.9  ;
7906 11.19 31.75 -4.9  ;
7907 14.12 32.0 -4.9  ;
7908 11.19 32.25 -4.9  ;
7909 17.05 31.75 -4.9  ;
7911 17.05 32.25 -4.9  ;
7912 21.105 31.75 -4.9  ;
7913 22.23 32.0 -4.9  ;
7914 21.105 32.25 -4.9  ;
7915 23.355 31.75 -4.9  ;
7917 23.195 32.25 -4.9  ;
7918 24.815 31.75 -4.9  ;
7919 25.15 32.0 -4.9  ;
7920 24.655 32.25 -4.9  ;
7923 25.98 32.145 -4.9  ;
7924 25.69 32.54 -4.9  ;
7925 26.395 31.75 -4.9  ;
7926 26.81 32.145 -4.9  ;
7927 26.395 32.54 -4.9  ;
7928 27.145 31.75 -4.9  ;
7930 26.89 32.54 -4.9  ;
7931 30.82 31.75 -4.9  ;
7932 34.16 32.145 -4.9  ;
7933 30.565 32.54 -4.9  ;
7934 37.495 31.75 -4.9  ;
7936 37.495 32.54 -4.9  ;
7937 42.835 31.75 -4.9  ;
7938 44.84 32.145 -4.9  ;
7939 42.835 32.54 -4.9  ;
7940 46.84 31.75 -4.9  ;
7942 46.84 32.54 -4.9  ;
7943 50.57 31.75 -4.9  ;
7944 52.3 32.145 -4.9  ;
7945 50.57 32.54 -4.9  ;
7946 53.24 31.75 -4.9  ;
7947 54.18 32.145 -4.9  ;
7949 57.225 31.75 -4.9  ;
7950 60.27 32.145 -4.9  ;
7951 57.225 32.54 -4.9  ;
7952 63.315 31.75 -4.9  ;
7953 66.36 32.145 -4.9  ;
7955 68.365 31.75 -4.9  ;
7956 70.37 32.145 -4.9  ;
7957 68.365 32.54 -4.9  ;
7958 72.37 31.75 -4.9  ;
7959 74.37 32.145 -4.9  ;
7961 77.035 31.75 -4.9  ;
7963 77.035 32.54 -4.9  ;
8050 -17.6 31.25 -4.9  ;
8051 -14.67 31.5 -4.9  ;
8052 -11.735 31.25 -4.9  ;
8053 -8.8 31.5 -4.9  ;
8054 -5.87 31.25 -4.9  ;
8056 -0.27 31.25 -4.9  ;
8057 2.4 31.5 -4.9  ;
8058 5.33 31.25 -4.9  ;
8059 8.26 31.5 -4.9  ;
8060 11.19 31.25 -4.9  ;
8062 17.05 31.25 -4.9  ;
8063 19.98 31.5 -4.9  ;
8064 21.105 31.25 -4.9  ;
8065 22.23 31.5 -4.9  ;
8066 23.515 31.25 -4.9  ;
8067 24.64 31.5 -4.9  ;
8069 25.15 31.5 -4.9  ;
8070 25.4 31.355 -4.9  ;
8071 25.69 30.96 -4.9  ;
8072 25.98 31.355 -4.9  ;
8073 26.395 30.96 -4.9  ;
8075 27.4 30.96 -4.9  ;
8076 27.735 31.355 -4.9  ;
8077 31.075 30.96 -4.9  ;
8078 34.16 31.355 -4.9  ;
8079 37.495 30.96 -4.9  ;
8081 42.835 30.96 -4.9  ;
8082 44.84 31.355 -4.9  ;
8083 46.84 30.96 -4.9  ;
8084 48.84 31.355 -4.9  ;
8085 50.57 30.96 -4.9  ;
8086 52.3 31.355 -4.9  ;
8088 54.18 31.355 -4.9  ;
8089 57.225 30.96 -4.9  ;
8090 60.27 31.355 -4.9  ;
8091 63.315 30.96 -4.9  ;
8092 66.36 31.355 -4.9  ;
8094 70.37 31.355 -4.9  ;
8095 72.37 30.96 -4.9  ;
8096 74.37 31.355 -4.9  ;
8097 77.035 30.96 -4.9  ;
8157 -12.26 23.5 -4.9  ;
8158 -9.33 23.75 -4.9  ;
8159 -12.26 24.0 -4.9  ;
8160 -6.395 23.5 -4.9  ;
8163 -0.53 23.5 -4.9  ;
8164 2.4 23.75 -4.9  ;
8165 -0.53 24.0 -4.9  ;
8166 5.065 23.5 -4.9  ;
8167 7.73 23.75 -4.9  ;
8168 5.065 24.0 -4.9  ;
8170 13.59 23.75 -4.9  ;
8171 10.66 24.0 -4.9  ;
8172 16.525 23.5 -4.9  ;
8173 19.46 23.75 -4.9  ;
8174 16.525 24.0 -4.9  ;
8176 25.32 23.75 -4.9  ;
8177 22.39 24.0 -4.9  ;
8179 27.57 23.75 -4.9  ;
8180 26.445 24.0 -4.9  ;
8182 29.66 23.75 -4.9  ;
8183 28.535 24.0 -4.9  ;
8185 30.49 23.75 -4.9  ;
8186 29.995 24.0 -4.9  ;
8187 30.74 23.895 -4.9  ;
8189 31.32 23.895 -4.9  ;
8190 31.03 24.29 -4.9  ;
8192 32.15 23.895 -4.9  ;
8193 31.735 24.29 -4.9  ;
8195 32.565 23.895 -4.9  ;
8196 32.23 24.29 -4.9  ;
8199 35.9 24.29 -4.9  ;
8202 42.825 24.29 -4.9  ;
8205 48.165 24.29 -4.9  ;
8208 52.175 24.29 -4.9  ;
8211 55.905 24.29 -4.9  ;
8214 58.57 24.29 -4.9  ;
8315 -15.19 23.25 -4.9  ;
8316 -12.26 23.0 -4.9  ;
8317 -9.33 23.25 -4.9  ;
8319 -3.46 23.25 -4.9  ;
8321 2.4 23.25 -4.9  ;
9777 -20.53 32.0 -0.35  ;
9778 -17.6 31.75 -0.35  ;
9780 -17.6 32.25 -0.35  ;
9781 -11.735 31.75 -0.35  ;
9782 -8.8 32.0 -0.35  ;
9783 -11.735 32.25 -0.35  ;
9784 -5.87 31.75 -0.35  ;
9785 -2.94 32.0 -0.35  ;
9787 -0.27 31.75 -0.35  ;
9788 2.4 32.0 -0.35  ;
9789 -0.27 32.25 -0.35  ;
9790 5.33 31.75 -0.35  ;
9791 8.26 32.0 -0.35  ;
9793 11.19 31.75 -0.35  ;
9794 14.12 32.0 -0.35  ;
9795 11.19 32.25 -0.35  ;
9796 17.05 31.75 -0.35  ;
9797 19.98 32.0 -0.35  ;
9799 21.105 31.75 -0.35  ;
9800 22.23 32.0 -0.35  ;
9801 21.105 32.25 -0.35  ;
9802 23.355 31.75 -0.35  ;
9803 24.32 32.0 -0.35  ;
9804 23.195 32.25 -0.35  ;
9806 25.15 32.0 -0.35  ;
9807 24.655 32.25 -0.35  ;
9808 25.565 31.75 -0.35  ;
9809 25.98 32.0 -0.35  ;
9810 25.565 32.25 -0.35  ;
9812 26.56 32.0 -0.35  ;
9813 26.27 32.25 -0.35  ;
9814 26.81 32.145 -0.35  ;
9815 27.145 31.75 -0.35  ;
9816 27.225 32.145 -0.35  ;
9818 30.82 31.75 -0.35  ;
9819 34.16 32.145 -0.35  ;
9820 30.565 32.54 -0.35  ;
9821 37.495 31.75 -0.35  ;
9822 40.83 32.145 -0.35  ;
9823 37.495 32.54 -0.35  ;
9825 44.84 32.145 -0.35  ;
9826 42.835 32.54 -0.35  ;
9827 46.84 31.75 -0.35  ;
9828 48.84 32.145 -0.35  ;
9829 46.84 32.54 -0.35  ;
9831 52.3 32.145 -0.35  ;
9832 50.57 32.54 -0.35  ;
9833 53.24 31.75 -0.35  ;
9834 54.18 32.145 -0.35  ;
9835 53.24 32.54 -0.35  ;
9837 60.27 32.145 -0.35  ;
9838 57.225 32.54 -0.35  ;
9839 63.315 31.75 -0.35  ;
9840 66.36 32.145 -0.35  ;
9843 70.37 32.145 -0.35  ;
9844 68.365 32.54 -0.35  ;
9845 72.37 31.75 -0.35  ;
9846 74.37 32.145 -0.35  ;
9847 72.37 32.54 -0.35  ;
9848 77.035 31.75 -0.35  ;
9850 77.035 32.54 -0.35  ;
9936 -20.53 31.5 -0.35  ;
9938 -14.67 31.5 -0.35  ;
9939 -11.735 31.25 -0.35  ;
9940 -8.8 31.5 -0.35  ;
9941 -5.87 31.25 -0.35  ;
9942 -2.94 31.5 -0.35  ;
9943 -0.27 31.25 -0.35  ;
9945 5.33 31.25 -0.35  ;
9946 8.26 31.5 -0.35  ;
9947 11.19 31.25 -0.35  ;
9948 14.12 31.5 -0.35  ;
9949 17.05 31.25 -0.35  ;
9951 21.105 31.25 -0.35  ;
9952 22.23 31.5 -0.35  ;
9953 23.515 31.25 -0.35  ;
9954 24.64 31.5 -0.35  ;
9955 24.975 31.25 -0.35  ;
9957 25.565 31.25 -0.35  ;
9958 25.98 31.5 -0.35  ;
9959 26.27 31.25 -0.35  ;
9960 26.56 31.5 -0.35  ;
9963 27.735 31.355 -0.35  ;
9964 31.075 30.96 -0.35  ;
9965 34.16 31.355 -0.35  ;
9966 37.495 30.96 -0.35  ;
9967 40.83 31.355 -0.35  ;
9968 42.835 30.96 -0.35  ;
9970 46.84 30.96 -0.35  ;
9971 48.84 31.355 -0.35  ;
9972 50.57 30.96 -0.35  ;
9973 52.3 31.355 -0.35  ;
9974 53.24 30.96 -0.35  ;
9976 57.225 30.96 -0.35  ;
9977 60.27 31.355 -0.35  ;
9978 63.315 30.96 -0.35  ;
9979 66.36 31.355 -0.35  ;
9980 68.365 30.96 -0.35  ;
9982 72.37 30.96 -0.35  ;
9983 74.37 31.355 -0.35  ;
9984 77.035 30.96 -0.35  ;
10043 -15.19 23.75 -0.35  ;
10044 -12.26 23.5 -0.35  ;
10046 -12.26 24.0 -0.35  ;
10047 -6.395 23.5 -0.35  ;
10048 -3.46 23.75 -0.35  ;
10049 -6.395 24.0 -0.35  ;
10050 -0.53 23.5 -0.35  ;
10052 -0.53 24.0 -0.35  ;
10053 5.065 23.5 -0.35  ;
10054 7.73 23.75 -0.35  ;
10055 5.065 24.0 -0.35  ;
10056 10.66 23.5 -0.35  ;
10058 10.66 24.0 -0.35  ;
10060 19.46 23.75 -0.35  ;
10061 16.525 24.0 -0.35  ;
10063 25.32 23.75 -0.35  ;
10067 26.445 24.0 -0.35  ;
10073 29.995 24.0 -0.35  ;
10079 31.61 24.0 -0.35  ;
10080 32.15 23.895 -0.35  ;
10083 32.23 24.29 -0.35  ;
10086 35.9 24.29 -0.35  ;
10092 48.165 24.29 -0.35  ;
10203 -12.26 23.0 -0.35  ;
10204 -9.33 23.25 -0.35  ;
10206 -3.46 23.25 -0.35  ;
10208 2.4 23.25 -0.35  ;
11664 -20.53 31.75 -0.56  ;
11665 -17.6 31.75 -0.77  ;
11666 -14.67 31.75 -0.56  ;
11667 -11.735 31.75 -0.77  ;
11669 -5.87 31.75 -0.77  ;
11670 -2.94 31.75 -0.56  ;
11671 -0.27 31.75 -0.77  ;
11672 2.4 31.75 -0.56  ;
11673 5.33 31.75 -0.77  ;
11675 11.19 31.75 -0.77  ;
11676 14.12 31.75 -0.56  ;
11677 17.05 31.75 -0.77  ;
11678 19.98 31.75 -0.56  ;
11679 21.105 31.75 -0.77  ;
11681 23.355 31.75 -0.77  ;
11682 24.48 31.75 -0.56  ;
11683 24.815 31.75 -0.77  ;
11684 25.15 31.75 -0.56  ;
11685 25.565 31.75 -0.77  ;
11686 25.98 31.75 -0.56  ;
11688 26.56 31.75 -0.56  ;
11689 26.81 31.75 -0.56  ;
11690 27.145 31.75 -0.77  ;
11691 27.48 31.75 -0.56  ;
11692 30.82 31.75 -0.77  ;
11694 37.495 31.75 -0.77  ;
11695 40.83 31.75 -0.56  ;
11696 42.835 31.75 -0.77  ;
11697 44.84 31.75 -0.56  ;
11698 46.84 31.75 -0.77  ;
11700 50.57 31.75 -0.77  ;
11701 52.3 31.75 -0.56  ;
11702 53.24 31.75 -0.77  ;
11703 54.18 31.75 -0.56  ;
11704 57.225 31.75 -0.77  ;
11705 60.27 31.75 -0.56  ;
11707 66.36 31.75 -0.56  ;
11708 68.365 31.75 -0.77  ;
11709 70.37 31.75 -0.56  ;
11710 72.37 31.75 -0.77  ;
11711 74.37 31.75 -0.56  ;
11771 -20.53 31.75 -2.08  ;
11772 -17.6 31.75 -3.39  ;
11773 -14.67 31.75 -2.08  ;
11774 -11.735 31.75 -3.39  ;
11776 -5.87 31.75 -3.39  ;
11777 -2.94 31.75 -2.08  ;
11778 -0.27 31.75 -3.39  ;
11779 2.4 31.75 -2.08  ;
11780 5.33 31.75 -3.39  ;
11782 11.19 31.75 -3.39  ;
11783 14.12 31.75 -2.08  ;
11784 17.05 31.75 -3.39  ;
11785 19.98 31.75 -2.08  ;
11786 21.105 31.75 -3.39  ;
11787 22.23 31.75 -2.08  ;
11789 24.48 31.75 -2.08  ;
11790 24.815 31.75 -3.39  ;
11791 25.15 31.75 -2.08  ;
11792 25.565 31.75 -2.945  ;
11793 25.98 31.75 -1.635  ;
11795 26.56 31.75 -1.32  ;
11796 25.4 31.75 -3.935  ;
11797 25.69 31.75 -3.075  ;
11798 25.98 31.75 -3.62  ;
11799 25.69 31.75 -4.48  ;
11801 26.81 31.75 -3.175  ;
11802 26.395 31.75 -4.48  ;
11803 27.145 31.75 -1.87  ;
11804 27.48 31.75 -3.175  ;
11805 27.145 31.75 -4.48  ;
11806 30.82 31.75 -1.87  ;
11808 30.82 31.75 -4.48  ;
11809 37.495 31.75 -1.87  ;
11810 40.83 31.75 -3.175  ;
11811 37.495 31.75 -4.48  ;
11812 42.835 31.75 -1.87  ;
11814 42.835 31.75 -4.48  ;
11815 46.84 31.75 -1.87  ;
11816 48.84 31.75 -3.175  ;
11817 46.84 31.75 -4.48  ;
11818 50.57 31.75 -1.87  ;
11820 50.57 31.75 -4.48  ;
11821 53.24 31.75 -1.87  ;
11822 54.18 31.75 -3.175  ;
11823 53.24 31.75 -4.48  ;
11824 57.225 31.75 -1.87  ;
11825 60.27 31.75 -3.175  ;
11827 63.315 31.75 -1.87  ;
11828 66.36 31.75 -3.175  ;
11829 63.315 31.75 -4.48  ;
11830 68.365 31.75 -1.87  ;
11831 70.37 31.75 -3.175  ;
11833 72.37 31.75 -1.87  ;
11834 74.37 31.75 -3.175  ;
11835 72.37 31.75 -4.48  ;
11836 77.035 31.75 -1.87  ;
11918 -20.53 31.75 -3.935  ;
11919 -14.67 31.75 -3.935  ;
11921 -8.8 31.75 -3.935  ;
11922 -11.735 31.75 -4.48  ;
11923 -2.94 31.75 -3.935  ;
11924 -5.87 31.75 -4.48  ;
11925 2.4 31.75 -3.935  ;
11926 -0.27 31.75 -4.48  ;
11928 5.33 31.75 -4.48  ;
11929 14.12 31.75 -3.935  ;
11930 11.19 31.75 -4.48  ;
11931 19.98 31.75 -3.935  ;
11932 17.05 31.75 -4.48  ;
11934 21.105 31.75 -4.48  ;
11935 24.48 31.75 -3.935  ;
11936 23.355 31.75 -4.48  ;
11937 25.15 31.75 -3.935  ;
11938 24.815 31.75 -4.48  ;
11940 27.48 31.75 -1.32  ;
11941 34.16 31.75 -1.32  ;
11942 40.83 31.75 -1.32  ;
11943 44.84 31.75 -1.32  ;
11944 48.84 31.75 -1.32  ;
11945 52.3 31.75 -1.32  ;
11947 60.27 31.75 -1.32  ;
11948 66.36 31.75 -1.32  ;
11949 70.37 31.75 -1.32  ;
11950 74.37 31.75 -1.32  ;
11989 -20.53 31.75 -4.69  ;
11991 -8.8 31.75 -4.69  ;
11992 -2.94 31.75 -4.69  ;
11993 2.4 31.75 -4.69  ;
11994 8.26 31.75 -4.69  ;
11995 14.12 31.75 -4.69  ;
11997 22.23 31.75 -4.69  ;
11998 24.48 31.75 -4.69  ;
11999 25.15 31.75 -4.69  ;
12000 25.4 31.75 -4.69  ;
12003 27.48 31.75 -4.69  ;
12004 34.16 31.75 -4.69  ;
12005 40.83 31.75 -4.69  ;
12006 44.84 31.75 -4.69  ;
12007 48.84 31.75 -4.69  ;
12008 52.3 31.75 -4.69  ;
12010 60.27 31.75 -4.69  ;
12011 66.36 31.75 -4.69  ;
12012 70.37 31.75 -4.69  ;
12013 74.37 31.75 -4.69  ;
12044 -15.19 23.5 -0.56  ;
12045 -12.26 23.5 -0.77  ;
12046 -9.33 23.5 -0.56  ;
12048 -3.46 23.5 -0.56  ;
12049 -0.53 23.5 -0.77  ;
12050 2.4 23.5 -0.56  ;
12051 5.065 23.5 -0.77  ;
12052 7.73 23.5 -0.56  ;
12054 13.59 23.5 -0.56  ;
12151 -15.19 23.5 -2.08  ;
12152 -12.26 23.5 -3.39  ;
12153 -9.33 23.5 -2.08  ;
12155 -3.46 23.5 -2.08  ;
12156 -0.53 23.5 -3.39  ;
12157 2.4 23.5 -2.08  ;
12158 5.065 23.5 -3.39  ;
12159 7.73 23.5 -2.08  ;
12161 13.59 23.5 -2.08  ;
12162 16.525 23.5 -3.39  ;
12298 -15.19 23.5 -3.935  ;
12300 -12.26 23.5 -4.48  ;
12301 -3.46 23.5 -3.935  ;
12302 -6.395 23.5 -4.48  ;
12303 2.4 23.5 -3.935  ;
12304 -0.53 23.5 -4.48  ;
12305 7.73 23.5 -3.935  ;
12307 13.59 23.5 -3.935  ;
12308 10.66 23.5 -4.48  ;
12310 16.525 23.5 -4.48  ;
12370 -9.33 23.5 -4.69  ;
12371 -3.46 23.5 -4.69  ;
12372 2.4 23.5 -4.69  ;
12373 7.73 23.5 -4.69  ;
12374 13.59 23.5 -4.69  ;
14359 -20.53 32.25 -0.77  ;
14360 -20.53 32.0 -0.77  ;
14361 -20.53 32.25 -0.56  ;
14362 19.98 32.25 -0.77  ;
14363 19.98 32.0 -0.77  ;
14364 19.98 32.25 -0.56  ;
14366 22.23 32.0 -0.77  ;
14367 22.23 32.25 -0.56  ;
14368 24.16 32.25 -0.77  ;
14369 24.32 32.0 -0.77  ;
14370 24.16 32.25 -0.56  ;
14372 27.225 32.145 -0.77  ;
14373 26.97 32.54 -0.56  ;
14389 -20.53 31.25 -0.77  ;
14391 -20.53 31.5 -0.77  ;
14392 2.4 31.25 -0.77  ;
14393 2.4 31.25 -0.56  ;
14394 2.4 31.5 -0.77  ;
14395 19.98 31.25 -0.77  ;
14397 19.98 31.5 -0.77  ;
14398 22.23 31.25 -0.77  ;
14399 22.23 31.25 -0.56  ;
14400 22.23 31.5 -0.77  ;
14403 24.64 31.5 -0.77  ;
14404 27.99 30.96 -0.77  ;
14405 27.99 30.96 -0.56  ;
14406 27.735 31.355 -0.77  ;
14407 40.83 30.96 -0.77  ;
14408 40.83 30.96 -0.56  ;
14410 54.18 30.96 -0.77  ;
14411 54.18 30.96 -0.56  ;
14412 54.18 31.355 -0.77  ;
14413 66.36 30.96 -0.77  ;
14414 66.36 30.96 -0.56  ;
14452 -20.53 32.25 -3.39  ;
14454 -20.53 32.25 -2.08  ;
14455 19.98 32.25 -3.39  ;
14456 19.98 32.0 -3.39  ;
14457 19.98 32.25 -2.08  ;
14458 22.23 32.25 -3.39  ;
14460 22.23 32.25 -2.08  ;
14461 24.16 32.25 -3.39  ;
14462 24.32 32.0 -3.39  ;
14463 24.16 32.25 -2.08  ;
14464 26.97 32.54 -1.87  ;
14465 27.225 32.145 -1.87  ;
14482 -20.53 31.25 -3.39  ;
14483 -20.53 31.25 -2.08  ;
14484 -20.53 31.5 -3.39  ;
14486 2.4 31.25 -2.08  ;
14487 2.4 31.5 -3.39  ;
14488 19.98 31.25 -3.39  ;
14489 19.98 31.25 -2.08  ;
14490 19.98 31.5 -3.39  ;
14492 22.23 31.25 -2.08  ;
14493 22.23 31.5 -3.39  ;
14494 24.8 31.25 -3.39  ;
14495 24.8 31.25 -2.08  ;
14496 24.64 31.5 -3.39  ;
14498 27.99 30.96 -1.32  ;
14499 27.735 31.355 -1.87  ;
14500 40.83 30.96 -1.87  ;
14501 40.83 30.96 -1.32  ;
14502 40.83 31.355 -1.87  ;
14503 54.18 30.96 -1.87  ;
14505 54.18 31.355 -1.87  ;
14506 66.36 30.96 -1.87  ;
14507 66.36 30.96 -1.32  ;
14508 66.36 31.355 -1.87  ;
14545 -20.53 32.25 -4.48  ;
14546 -20.53 32.0 -4.48  ;
14547 -20.53 32.25 -3.935  ;
14549 19.98 32.0 -4.48  ;
14550 19.98 32.25 -3.935  ;
14551 22.23 32.25 -4.48  ;
14552 22.23 32.0 -4.48  ;
14553 22.23 32.25 -3.935  ;
14555 24.32 32.0 -4.48  ;
14556 24.16 32.25 -3.935  ;
14557 26.97 32.54 -4.48  ;
14558 27.225 32.145 -4.48  ;
14559 26.97 32.54 -3.175  ;
14575 -20.53 31.25 -4.48  ;
14576 -20.53 31.25 -3.935  ;
14577 -20.53 31.5 -4.48  ;
14578 2.4 31.25 -4.48  ;
14580 2.4 31.5 -4.48  ;
14581 19.98 31.25 -4.48  ;
14582 19.98 31.25 -3.935  ;
14583 19.98 31.5 -4.48  ;
14584 22.23 31.25 -4.48  ;
14585 22.23 31.25 -3.935  ;
14587 24.8 31.25 -4.48  ;
14588 24.8 31.25 -3.935  ;
14589 24.64 31.5 -4.48  ;
14590 27.99 30.96 -4.48  ;
14591 27.99 30.96 -3.175  ;
14593 40.83 30.96 -4.48  ;
14594 40.83 30.96 -3.175  ;
14595 40.83 31.355 -4.48  ;
14596 54.18 30.96 -4.48  ;
14597 54.18 30.96 -3.175  ;
14599 66.36 30.96 -4.48  ;
14600 66.36 30.96 -3.175  ;
14601 66.36 31.355 -4.48  ;
14638 -20.53 32.25 -4.69  ;
14639 19.98 32.25 -4.69  ;
14640 22.23 32.25 -4.69  ;
14648 -20.53 31.25 -4.69  ;
14650 19.98 31.25 -4.69  ;
14651 22.23 31.25 -4.69  ;
14652 24.8 31.25 -4.69  ;
14653 27.99 30.96 -4.69  ;
14654 40.83 30.96 -4.69  ;
14656 66.36 30.96 -4.69  ;
14669 -15.19 24.0 -0.77  ;
14670 -15.19 23.75 -0.77  ;
14671 -15.19 24.0 -0.56  ;
14672 2.4 24.0 -0.77  ;
14673 2.4 23.75 -0.77  ;
14675 25.32 24.0 -0.77  ;
14676 25.32 23.75 -0.77  ;
14677 25.32 24.0 -0.56  ;
14678 27.57 24.0 -0.77  ;
14679 27.57 23.75 -0.77  ;
14681 29.5 24.0 -0.77  ;
14683 29.5 24.0 -0.56  ;
14684 32.31 24.29 -0.77  ;
14685 32.565 23.895 -0.77  ;
14686 32.31 24.29 -0.56  ;
14689 54.18 24.29 -0.56  ;
14717 -15.19 23.0 -0.77  ;
14719 -15.19 23.25 -0.77  ;
14765 -15.19 24.0 -3.39  ;
14766 -15.19 23.75 -3.39  ;
14767 -15.19 24.0 -2.08  ;
14768 2.4 24.0 -3.39  ;
14770 2.4 24.0 -2.08  ;
14771 25.32 24.0 -3.39  ;
14772 25.32 23.75 -3.39  ;
14773 25.32 24.0 -2.08  ;
14774 27.57 24.0 -3.39  ;
14776 27.57 24.0 -2.08  ;
14777 29.5 24.0 -3.39  ;
14778 29.66 23.75 -3.39  ;
14779 29.5 24.0 -2.08  ;
14780 32.31 24.29 -1.87  ;
14782 32.31 24.29 -1.32  ;
14783 54.18 24.29 -1.87  ;
14785 54.18 24.29 -1.32  ;
14814 -15.19 23.0 -2.08  ;
14815 -15.19 23.25 -3.39  ;
14861 -15.19 24.0 -4.48  ;
14862 -15.19 23.75 -4.48  ;
14863 -15.19 24.0 -3.935  ;
14865 2.4 23.75 -4.48  ;
14866 2.4 24.0 -3.935  ;
14867 25.32 24.0 -4.48  ;
14868 25.32 23.75 -4.48  ;
14869 25.32 24.0 -3.935  ;
14871 27.57 23.75 -4.48  ;
14872 27.57 24.0 -3.935  ;
14873 29.5 24.0 -4.48  ;
14874 29.66 23.75 -4.48  ;
14875 29.5 24.0 -3.935  ;
14877 32.565 23.895 -4.48  ;
14878 32.31 24.29 -3.175  ;
14879 54.18 24.29 -4.48  ;
14909 -15.19 23.0 -4.48  ;
14910 -15.19 23.0 -3.935  ;
14911 -15.19 23.25 -4.48  ;
14957 -15.19 24.0 -4.69  ;
14959 25.32 24.0 -4.69  ;
14960 27.57 24.0 -4.69  ;
14961 29.5 24.0 -4.69  ;
14962 32.31 24.29 -4.69  ;
14963 54.18 24.29 -4.69  ;
14973 -15.19 23.0 -4.69  ;
1 -21.04 32.54 0.0  ;
2 -20.53 31.75 0.0  ;
21 -3.46 23.5 0.0  ;
28 -3.45 32.54 0.0  ;
47 8.26 31.75 0.0  ;
91 24.64 32.54 0.0  ;
110 26.56 31.75 0.0  ;
154 44.33 32.54 0.0  ;
173 52.3 31.75 0.0  ;
217 73.86 32.54 0.0  ;
501 8.26 32.25 -0.35  ;
508 26.56 32.25 -0.35  ;
514 48.84 32.54 -0.35  ;
520 74.37 32.54 -0.35  ;
552 -14.67 31.75 -0.35  ;
558 19.98 31.75 -0.35  ;
565 27.48 31.75 -0.35  ;
571 54.18 31.75 -0.35  ;
609 -2.94 31.25 -0.35  ;
615 24.8 31.25 -0.35  ;
621 34.16 30.96 -0.35  ;
628 66.36 30.96 -0.35  ;
666 13.59 24.0 -0.35  ;
672 31.32 24.0 -0.35  ;
678 50.17 24.29 -0.35  ;
716 -15.19 23.5 -0.35  ;
721 13.59 23.5 -0.35  ;
1651 -20.53 32.25 -4.9  ;
1657 14.12 32.25 -4.9  ;
1664 26.81 32.54 -4.9  ;
1670 52.3 32.54 -4.9  ;
1708 -8.8 31.75 -4.9  ;
1714 22.23 31.75 -4.9  ;
1720 27.48 31.75 -4.9  ;
1727 60.27 31.75 -4.9  ;
1765 2.4 31.25 -4.9  ;
1771 25.15 31.25 -4.9  ;
1777 40.83 30.96 -4.9  ;
1784 70.37 30.96 -4.9  ;
1821 13.59 24.0 -4.9  ;
1828 31.32 24.29 -4.9  ;
1834 54.18 24.29 -4.9  ;
1872 -9.33 23.5 -4.9  ;
2807 -14.67 31.75 -0.77  ;
2813 19.98 31.75 -0.77  ;
2819 26.81 31.75 -0.77  ;
2826 54.18 31.75 -0.77  ;
2864 -2.94 31.75 -3.39  ;
2870 24.48 31.75 -3.39  ;
2876 26.81 31.75 -1.87  ;
2881 48.84 31.75 -1.87  ;
2882 52.3 31.75 -1.87  ;
2887 74.37 31.75 -1.87  ;
2939 52.3 31.75 -4.48  ;
2977 -3.46 23.5 -0.77  ;
3034 7.73 23.5 -3.39  ;
3091 -3.46 23.5 -4.48  ;
4057 25.98 31.901 -0.77  ;
4114 -22.0 32.54 1.0  ;
4120 54.18 30.75 -4.48  ;
4367 2.4 27.63 -2.63  ;
4379 54.18 27.63 -2.63  ;
4474 2.4 24.5 -1.22  ;
4480 54.18 24.5 -1.22  ;
4588 54.18 27.13 -2.85  ;
4657 2.4 28.654 -3.086  ;
4681 54.18 28.654 -3.086  ;
4801 2.4 25.026 -1.458  ;
4967 54.18 29.702 -1.696  ;
5087 2.4 26.078 -3.322  ;
5112 54.18 25.552 -3.558  ;
5339 22.246 28.25 -4.48  ;
5434 20.63 30.75 -4.03  ;
5592 21.647 29.178 -3.322  ;
5641 24.331 25.026 -1.458  ;
5687 23.653 26.078 -3.322  ;
5737 27.48 31.75 1.0  ;
5908 29.078 29.286 -0.77  ;
6001 28.854 24.99 -0.77  ;
6002 30.906 26.46 -0.77  ;
6097 28.27 32.46 -3.62  ;
6287 25.762 29.774 -2.7  ;
6293 29.394 28.798 -1.82  ;
6388 31.538 25.48 -2.7  ;
6481 28.362 25.75 -4.48  ;
6482 28.938 29.5 -4.48  ;
6596 40.636 31.55 -4.48  ;
6615 38.646 29.5 -4.48  ;
6628 42.45 30.75 -4.48  ;
6721 66.064 31.55 -4.48  ;
6792 44.472 29.5 -4.48  ;
6798 61.192 28.25 -4.48  ;
6880 47.32 35.0 -0.77  ;
6988 -12.0 27.625 0.0  ;
7007 -11.735 31.75 0.0  ;
7026 -6.38 32.54 0.0  ;
7045 5.065 27.625 0.0  ;
7076 13.865 32.145 0.0  ;
7127 24.225 32.145 0.0  ;
7177 26.27 31.75 0.0  ;
7196 27.225 32.145 0.0  ;
7221 30.31 32.54 0.0  ;
7240 43.495 27.625 0.0  ;
7253 42.835 31.75 0.0  ;
7272 46.33 32.54 0.0  ;
7291 54.965 27.625 0.0  ;
7304 53.24 31.75 0.0  ;
7321 57.225 31.75 0.0  ;
7322 60.015 32.145 0.0  ;
7373 74.115 32.145 0.0  ;
7891 -17.6 31.75 -4.9  ;
7897 -5.87 31.75 -4.9  ;
7904 8.26 32.0 -4.9  ;
7910 19.98 32.0 -4.9  ;
7916 24.32 32.0 -4.9  ;
7921 25.4 32.145 -4.9  ;
7922 25.69 31.75 -4.9  ;
7929 27.225 32.145 -4.9  ;
7935 40.83 32.145 -4.9  ;
7941 48.84 32.145 -4.9  ;
7948 53.24 32.54 -4.9  ;
7954 63.315 32.54 -4.9  ;
7960 72.37 32.54 -4.9  ;
8049 -20.53 31.5 -4.9  ;
8055 -2.94 31.5 -4.9  ;
8061 14.12 31.5 -4.9  ;
8068 24.975 31.25 -4.9  ;
8074 26.81 31.355 -4.9  ;
8080 40.83 31.355 -4.9  ;
8087 53.24 30.96 -4.9  ;
8093 68.365 30.96 -4.9  ;
8156 -15.19 23.75 -4.9  ;
8161 -3.46 23.75 -4.9  ;
8162 -6.395 24.0 -4.9  ;
8169 10.66 23.5 -4.9  ;
9779 -14.67 32.0 -0.35  ;
9786 -5.87 32.25 -0.35  ;
9792 5.33 32.25 -0.35  ;
9798 17.05 32.25 -0.35  ;
9805 24.815 31.75 -0.35  ;
9811 26.27 31.75 -0.35  ;
9817 26.89 32.54 -0.35  ;
9824 42.835 31.75 -0.35  ;
9830 50.57 31.75 -0.35  ;
9836 57.225 31.75 -0.35  ;
9841 63.315 32.54 -0.35  ;
9842 68.365 31.75 -0.35  ;
9937 -17.6 31.25 -0.35  ;
9944 2.4 31.5 -0.35  ;
9950 19.98 31.5 -0.35  ;
9956 25.15 31.5 -0.35  ;
9961 26.81 31.355 -0.35  ;
9962 27.4 30.96 -0.35  ;
9969 44.84 31.355 -0.35  ;
9975 54.18 31.355 -0.35  ;
9981 70.37 31.355 -0.35  ;
10045 -9.33 23.75 -0.35  ;
10051 2.4 23.75 -0.35  ;
10057 13.59 23.75 -0.35  ;
10064 22.39 24.0 -0.35  ;
10070 28.535 24.0 -0.35  ;
10076 30.905 24.0 -0.35  ;
10082 32.565 23.895 -0.35  ;
10089 42.825 24.29 -0.35  ;
10095 52.175 24.29 -0.35  ;
10202 -15.19 23.25 -0.35  ;
11668 -8.8 31.75 -0.56  ;
11674 8.26 31.75 -0.56  ;
11680 22.23 31.75 -0.56  ;
11687 26.27 31.75 -0.77  ;
11693 34.16 31.75 -0.56  ;
11699 48.84 31.75 -0.56  ;
11706 63.315 31.75 -0.77  ;
11712 77.035 31.75 -0.77  ;
11775 -8.8 31.75 -2.08  ;
11781 8.26 31.75 -2.08  ;
11788 23.355 31.75 -3.39  ;
11794 26.27 31.75 -2.185  ;
11800 26.395 31.75 -2.315  ;
11807 34.16 31.75 -3.175  ;
11813 44.84 31.75 -3.175  ;
11819 52.3 31.75 -3.175  ;
11826 57.225 31.75 -4.48  ;
11832 68.365 31.75 -4.48  ;
11838 77.035 31.75 -4.48  ;
11920 -17.6 31.75 -4.48  ;
11927 8.26 31.75 -3.935  ;
11933 22.23 31.75 -3.935  ;
11939 26.81 31.75 -1.32  ;
11946 54.18 31.75 -1.32  ;
11990 -14.67 31.75 -4.69  ;
11996 19.98 31.75 -4.69  ;
12001 25.98 31.75 -4.69  ;
12002 26.81 31.75 -4.69  ;
12009 54.18 31.75 -4.69  ;
12047 -6.395 23.5 -0.77  ;
12053 10.66 23.5 -0.77  ;
12154 -6.395 23.5 -3.39  ;
12160 10.66 23.5 -3.39  ;
12299 -9.33 23.5 -3.935  ;
12306 5.065 23.5 -4.48  ;
12369 -15.19 23.5 -4.69  ;
14365 22.23 32.25 -0.77  ;
14371 26.97 32.54 -0.77  ;
14390 -20.53 31.25 -0.56  ;
14396 19.98 31.25 -0.56  ;
14401 24.8 31.25 -0.77  ;
14402 24.8 31.25 -0.56  ;
14409 40.83 31.355 -0.77  ;
14415 66.36 31.355 -0.77  ;
14453 -20.53 32.0 -3.39  ;
14459 22.23 32.0 -3.39  ;
14466 26.97 32.54 -1.32  ;
14485 2.4 31.25 -3.39  ;
14491 22.23 31.25 -3.39  ;
14497 27.99 30.96 -1.87  ;
14504 54.18 30.96 -1.32  ;
14548 19.98 32.25 -4.48  ;
14554 24.16 32.25 -4.48  ;
14579 2.4 31.25 -3.935  ;
14586 22.23 31.5 -4.48  ;
14592 27.735 31.355 -4.48  ;
14598 54.18 31.355 -4.48  ;
14641 24.16 32.25 -4.69  ;
14642 26.97 32.54 -4.69  ;
14649 2.4 31.25 -4.69  ;
14655 54.18 30.96 -4.69  ;
14674 2.4 24.0 -0.56  ;
14680 27.57 24.0 -0.56  ;
14687 54.18 24.29 -0.77  ;
14718 -15.19 23.0 -0.56  ;
14769 2.4 23.75 -3.39  ;
14775 27.57 23.75 -3.39  ;
14781 32.565 23.895 -1.87  ;
14813 -15.19 23.0 -3.39  ;
14864 2.4 24.0 -4.48  ;
14870 27.57 24.0 -4.48  ;
14876 32.31 24.29 -4.48  ;
14881 54.18 24.29 -3.175  ;
14958 2.4 24.0 -4.69  ;
