41 15 0.3125
40 48 1.0
39 48 1.0
37 52 1.0
36 48 1.0
35 48 1.0
34 48 1.0
33 48 1.0
32 580 0.43186895011169024
31 1324 0.4932935916542474
30 748 0.5577926920208799
29 553 0.6185682326621924
28 911 0.6793437733035048
27 610 0.6815642458100558
26 1833 0.6824274013402829
59 5 0.01730103806228374
58 306 1.0
57 157 0.5772058823529411
56 220 0.9243697478991597
55 238 1.0
53 4313 0.8137735849056604
51 10845 0.5072023197081658
50 16208 0.7575955875479107
49 2231 0.10427670016358963
47 5224 0.8497072218607677
