45 48 1.0
44 48 1.0
43 48 1.0
42 52 1.0
41 48 1.0
40 48 1.0
38 48 1.0
37 52 1.0
36 48 1.0
35 48 1.0
34 48 1.0
33 48 1.0
31 2684 1.0
30 1341 1.0
29 894 1.0
28 1341 1.0
27 895 1.0
26 2686 1.0
62 255 1.0
61 272 1.0
60 272 1.0
59 67 0.23183391003460208
58 306 1.0
57 272 1.0
56 238 1.0
55 56 0.23529411764705882
54 4666 0.8803773584905661
53 4666 0.8803773584905661
52 1949 0.09122823441303127
51 18042 0.8437938452904312
50 1950 0.09114705057492754
49 18052 0.8437485393783595
48 3256 0.9067112225006961
47 5644 0.9180221210149642
