3 -15.19 23.5 0.0  ;
4 -9.86 15.25 0.0  ;
12 -9.33 23.5 0.0  ;
13 -4.0 15.25 0.0  ;
20 -8.8 31.75 0.0  ;
29 -2.94 31.75 0.0  ;
30 2.4 23.5 0.0  ;
39 7.73 23.5 0.0  ;
498 -8.8 32.25 -0.35  ;
499 -2.94 32.25 -0.35  ;
553 -8.8 31.75 -0.35  ;
554 -2.94 31.75 -0.35  ;
608 -8.8 31.25 -0.35  ;
661 -15.19 24.0 -0.35  ;
662 -9.33 24.0 -0.35  ;
663 -3.46 24.0 -0.35  ;
664 2.4 24.0 -0.35  ;
665 7.73 24.0 -0.35  ;
717 -9.33 23.5 -0.35  ;
718 -3.46 23.5 -0.35  ;
719 2.4 23.5 -0.35  ;
720 7.73 23.5 -0.35  ;
771 -15.19 23.0 -0.35  ;
772 -9.33 23.0 -0.35  ;
774 2.4 23.0 -0.35  ;
775 7.73 23.0 -0.35  ;
826 -9.86 15.75 -0.35  ;
827 -4.0 15.75 -0.35  ;
881 -9.86 15.25 -0.35  ;
882 -4.0 15.25 -0.35  ;
936 -9.86 14.75 -0.35  ;
1653 -8.8 32.25 -4.9  ;
1654 -2.94 32.25 -4.9  ;
1709 -2.94 31.75 -4.9  ;
1763 -8.8 31.25 -4.9  ;
1764 -2.94 31.25 -4.9  ;
1816 -15.19 24.0 -4.9  ;
1817 -9.33 24.0 -4.9  ;
1818 -3.46 24.0 -4.9  ;
1819 2.4 24.0 -4.9  ;
1820 7.73 24.0 -4.9  ;
1871 -15.19 23.5 -4.9  ;
1873 -3.46 23.5 -4.9  ;
1874 2.4 23.5 -4.9  ;
1875 7.73 23.5 -4.9  ;
1926 -15.19 23.0 -4.9  ;
1927 -9.33 23.0 -4.9  ;
1928 -3.46 23.0 -4.9  ;
1930 7.73 23.0 -4.9  ;
1981 -9.86 15.75 -4.9  ;
1982 -4.0 15.75 -4.9  ;
2037 -4.0 15.25 -4.9  ;
2091 -9.86 14.75 -4.9  ;
2092 -4.0 14.75 -4.9  ;
2808 -8.8 31.75 -0.77  ;
2809 -2.94 31.75 -0.77  ;
2863 -8.8 31.75 -3.39  ;
2922 -8.8 31.75 -4.48  ;
2923 -2.94 31.75 -4.48  ;
2975 -15.19 23.5 -0.77  ;
2976 -9.33 23.5 -0.77  ;
2978 2.4 23.5 -0.77  ;
2979 7.73 23.5 -0.77  ;
3030 -15.19 23.5 -3.39  ;
3031 -9.33 23.5 -3.39  ;
3032 -3.46 23.5 -3.39  ;
3033 2.4 23.5 -3.39  ;
3089 -15.19 23.5 -4.48  ;
3090 -9.33 23.5 -4.48  ;
3092 2.4 23.5 -4.48  ;
3093 7.73 23.5 -4.48  ;
3144 -9.86 15.25 -0.77  ;
3145 -4.0 15.25 -0.77  ;
3199 -9.86 15.25 -3.39  ;
3200 -4.0 15.25 -3.39  ;
3258 -9.86 15.25 -4.48  ;
3259 -4.0 15.25 -4.48  ;
4115 7.73 22.5 -4.48  ;
4150 2.4 24.5 -4.48  ;
4186 2.4 29.5 -4.48  ;
4187 2.4 28.25 -4.48  ;
4188 2.4 27.0 -4.48  ;
4189 2.4 25.75 -4.48  ;
4331 7.73 22.5 -4.03  ;
4366 2.4 28.13 -2.85  ;
4438 2.4 27.13 -2.41  ;
4510 2.4 30.75 -1.22  ;
4511 7.73 22.5 -1.22  ;
4546 2.4 28.13 -2.41  ;
4582 2.4 27.13 -2.85  ;
4618 2.4 24.5 -4.03  ;
4654 2.4 30.226 -3.794  ;
4655 2.4 29.702 -3.558  ;
4656 2.4 29.178 -3.322  ;
4658 7.73 21.976 -3.794  ;
4659 7.73 21.452 -3.558  ;
4660 7.73 20.928 -3.322  ;
4661 7.73 20.404 -3.086  ;
4798 2.4 26.604 -2.172  ;
4799 2.4 26.078 -1.934  ;
4800 2.4 25.552 -1.696  ;
4942 2.4 30.226 -1.458  ;
4943 2.4 29.702 -1.696  ;
4944 2.4 29.178 -1.934  ;
4945 2.4 28.654 -2.172  ;
4946 7.73 21.976 -1.458  ;
4947 7.73 21.452 -1.696  ;
4949 7.73 20.404 -2.172  ;
5086 2.4 26.604 -3.086  ;
5088 2.4 25.552 -3.558  ;
5089 2.4 25.026 -3.794  ;
6987 -12.26 23.5 0.0  ;
6989 -12.525 19.375 0.0  ;
6990 -6.93 15.25 0.0  ;
6991 -6.665 19.375 0.0  ;
6992 -7.195 11.125 0.0  ;
7008 -9.055 32.145 0.0  ;
7010 -6.395 23.5 0.0  ;
7011 -6.13 27.625 0.0  ;
7012 -1.065 15.25 0.0  ;
7024 -5.87 31.75 0.0  ;
7025 -3.195 32.145 0.0  ;
7027 -0.53 23.5 0.0  ;
7028 -0.27 27.625 0.0  ;
7030 5.065 19.375 0.0  ;
7041 -0.27 31.75 0.0  ;
7043 -0.78 32.54 0.0  ;
7044 5.065 23.5 0.0  ;
7061 10.66 23.5 0.0  ;
7895 -8.8 32.0 -4.9  ;
7898 -2.94 32.0 -4.9  ;
7899 -5.87 32.25 -4.9  ;
8053 -8.8 31.5 -4.9  ;
8054 -5.87 31.25 -4.9  ;
8056 -0.27 31.25 -4.9  ;
8157 -12.26 23.5 -4.9  ;
8158 -9.33 23.75 -4.9  ;
8159 -12.26 24.0 -4.9  ;
8160 -6.395 23.5 -4.9  ;
8163 -0.53 23.5 -4.9  ;
8164 2.4 23.75 -4.9  ;
8165 -0.53 24.0 -4.9  ;
8166 5.065 23.5 -4.9  ;
8167 7.73 23.75 -4.9  ;
8168 5.065 24.0 -4.9  ;
8171 10.66 24.0 -4.9  ;
8315 -15.19 23.25 -4.9  ;
8316 -12.26 23.0 -4.9  ;
8317 -9.33 23.25 -4.9  ;
8318 -6.395 23.0 -4.9  ;
8319 -3.46 23.25 -4.9  ;
8321 2.4 23.25 -4.9  ;
8322 5.065 23.0 -4.9  ;
8323 7.73 23.25 -4.9  ;
8324 10.66 23.0 -4.9  ;
8422 -9.86 15.5 -4.9  ;
8423 -6.93 15.25 -4.9  ;
8424 -4.0 15.5 -4.9  ;
8425 -6.93 15.75 -4.9  ;
8426 -1.065 15.25 -4.9  ;
8581 -9.86 15.0 -4.9  ;
8582 -6.93 14.75 -4.9  ;
8583 -4.0 15.0 -4.9  ;
8584 -1.065 14.75 -4.9  ;
9782 -8.8 32.0 -0.35  ;
9784 -5.87 31.75 -0.35  ;
9785 -2.94 32.0 -0.35  ;
9787 -0.27 31.75 -0.35  ;
9789 -0.27 32.25 -0.35  ;
9940 -8.8 31.5 -0.35  ;
9941 -5.87 31.25 -0.35  ;
9942 -2.94 31.5 -0.35  ;
9943 -0.27 31.25 -0.35  ;
10043 -15.19 23.75 -0.35  ;
10044 -12.26 23.5 -0.35  ;
10046 -12.26 24.0 -0.35  ;
10047 -6.395 23.5 -0.35  ;
10048 -3.46 23.75 -0.35  ;
10049 -6.395 24.0 -0.35  ;
10050 -0.53 23.5 -0.35  ;
10052 -0.53 24.0 -0.35  ;
10053 5.065 23.5 -0.35  ;
10054 7.73 23.75 -0.35  ;
10055 5.065 24.0 -0.35  ;
10056 10.66 23.5 -0.35  ;
10058 10.66 24.0 -0.35  ;
10203 -12.26 23.0 -0.35  ;
10204 -9.33 23.25 -0.35  ;
10205 -6.395 23.0 -0.35  ;
10206 -3.46 23.25 -0.35  ;
10207 -0.53 23.0 -0.35  ;
10208 2.4 23.25 -0.35  ;
10210 7.73 23.25 -0.35  ;
10211 10.66 23.0 -0.35  ;
10309 -9.86 15.5 -0.35  ;
10311 -4.0 15.5 -0.35  ;
10312 -6.93 15.75 -0.35  ;
10313 -1.065 15.25 -0.35  ;
10315 -1.065 15.75 -0.35  ;
10469 -6.93 14.75 -0.35  ;
10470 -4.0 15.0 -0.35  ;
10471 -1.065 14.75 -0.35  ;
11669 -5.87 31.75 -0.77  ;
11670 -2.94 31.75 -0.56  ;
11671 -0.27 31.75 -0.77  ;
11776 -5.87 31.75 -3.39  ;
11777 -2.94 31.75 -2.08  ;
11778 -0.27 31.75 -3.39  ;
11921 -8.8 31.75 -3.935  ;
11923 -2.94 31.75 -3.935  ;
11924 -5.87 31.75 -4.48  ;
11991 -8.8 31.75 -4.69  ;
11992 -2.94 31.75 -4.69  ;
12044 -15.19 23.5 -0.56  ;
12045 -12.26 23.5 -0.77  ;
12046 -9.33 23.5 -0.56  ;
12048 -3.46 23.5 -0.56  ;
12049 -0.53 23.5 -0.77  ;
12050 2.4 23.5 -0.56  ;
12051 5.065 23.5 -0.77  ;
12052 7.73 23.5 -0.56  ;
12151 -15.19 23.5 -2.08  ;
12152 -12.26 23.5 -3.39  ;
12153 -9.33 23.5 -2.08  ;
12155 -3.46 23.5 -2.08  ;
12156 -0.53 23.5 -3.39  ;
12157 2.4 23.5 -2.08  ;
12158 5.065 23.5 -3.39  ;
12159 7.73 23.5 -2.08  ;
12298 -15.19 23.5 -3.935  ;
12300 -12.26 23.5 -4.48  ;
12301 -3.46 23.5 -3.935  ;
12302 -6.395 23.5 -4.48  ;
12303 2.4 23.5 -3.935  ;
12304 -0.53 23.5 -4.48  ;
12305 7.73 23.5 -3.935  ;
12308 10.66 23.5 -4.48  ;
12370 -9.33 23.5 -4.69  ;
12371 -3.46 23.5 -4.69  ;
12372 2.4 23.5 -4.69  ;
12373 7.73 23.5 -4.69  ;
12424 -9.86 15.25 -0.56  ;
12425 -6.93 15.25 -0.77  ;
12427 -1.065 15.25 -0.77  ;
12531 -9.86 15.25 -2.08  ;
12532 -6.93 15.25 -3.39  ;
12534 -1.065 15.25 -3.39  ;
12679 -4.0 15.25 -3.935  ;
12680 -6.93 15.25 -4.48  ;
12682 -1.065 15.25 -4.48  ;
12749 -9.86 15.25 -4.69  ;
12750 -4.0 15.25 -4.69  ;
14669 -15.19 24.0 -0.77  ;
14670 -15.19 23.75 -0.77  ;
14671 -15.19 24.0 -0.56  ;
14672 2.4 24.0 -0.77  ;
14673 2.4 23.75 -0.77  ;
14717 -15.19 23.0 -0.77  ;
14719 -15.19 23.25 -0.77  ;
14720 7.73 23.0 -0.77  ;
14721 7.73 23.0 -0.56  ;
14722 7.73 23.25 -0.77  ;
14765 -15.19 24.0 -3.39  ;
14766 -15.19 23.75 -3.39  ;
14767 -15.19 24.0 -2.08  ;
14768 2.4 24.0 -3.39  ;
14770 2.4 24.0 -2.08  ;
14814 -15.19 23.0 -2.08  ;
14815 -15.19 23.25 -3.39  ;
14816 7.73 23.0 -3.39  ;
14817 7.73 23.0 -2.08  ;
14818 7.73 23.25 -3.39  ;
14861 -15.19 24.0 -4.48  ;
14862 -15.19 23.75 -4.48  ;
14863 -15.19 24.0 -3.935  ;
14865 2.4 23.75 -4.48  ;
14866 2.4 24.0 -3.935  ;
14909 -15.19 23.0 -4.48  ;
14910 -15.19 23.0 -3.935  ;
14911 -15.19 23.25 -4.48  ;
14912 7.73 23.0 -4.48  ;
14913 7.73 23.0 -3.935  ;
14957 -15.19 24.0 -4.69  ;
14973 -15.19 23.0 -4.69  ;
14974 7.73 23.0 -4.69  ;
14989 -9.86 15.75 -0.77  ;
14991 -9.86 15.75 -0.56  ;
15037 -9.86 14.75 -0.77  ;
15038 -9.86 14.75 -0.56  ;
15039 -9.86 15.0 -0.77  ;
15086 -9.86 15.5 -3.39  ;
15087 -9.86 15.75 -2.08  ;
15133 -9.86 14.75 -3.39  ;
15134 -9.86 14.75 -2.08  ;
15181 -9.86 15.75 -4.48  ;
15182 -9.86 15.5 -4.48  ;
15183 -9.86 15.75 -3.935  ;
15229 -9.86 14.75 -4.48  ;
15231 -9.86 15.0 -4.48  ;
15277 -9.86 15.75 -4.69  ;
21 -3.46 23.5 0.0  ;
28 -3.45 32.54 0.0  ;
609 -2.94 31.25 -0.35  ;
666 13.59 24.0 -0.35  ;
716 -15.19 23.5 -0.35  ;
773 -3.46 23.0 -0.35  ;
937 -4.0 14.75 -0.35  ;
1708 -8.8 31.75 -4.9  ;
1821 13.59 24.0 -4.9  ;
1872 -9.33 23.5 -4.9  ;
1929 2.4 23.0 -4.9  ;
2036 -9.86 15.25 -4.9  ;
2864 -2.94 31.75 -3.39  ;
2977 -3.46 23.5 -0.77  ;
3034 7.73 23.5 -3.39  ;
3091 -3.46 23.5 -4.48  ;
4190 7.73 21.25 -4.48  ;
4367 2.4 27.63 -2.63  ;
4474 2.4 24.5 -1.22  ;
4657 2.4 28.654 -3.086  ;
4801 2.4 25.026 -1.458  ;
4948 7.73 20.928 -1.934  ;
5087 2.4 26.078 -3.322  ;
6988 -12.0 27.625 0.0  ;
7013 -0.795 19.375 0.0  ;
7026 -6.38 32.54 0.0  ;
7045 5.065 27.625 0.0  ;
7897 -5.87 31.75 -4.9  ;
8055 -2.94 31.5 -4.9  ;
8156 -15.19 23.75 -4.9  ;
8161 -3.46 23.75 -4.9  ;
8162 -6.395 24.0 -4.9  ;
8169 10.66 23.5 -4.9  ;
8320 -0.53 23.0 -4.9  ;
8428 -1.065 15.75 -4.9  ;
9786 -5.87 32.25 -0.35  ;
10045 -9.33 23.75 -0.35  ;
10051 2.4 23.75 -0.35  ;
10202 -15.19 23.25 -0.35  ;
10209 5.065 23.0 -0.35  ;
10310 -6.93 15.25 -0.35  ;
10468 -9.86 15.0 -0.35  ;
11668 -8.8 31.75 -0.56  ;
11775 -8.8 31.75 -2.08  ;
12047 -6.395 23.5 -0.77  ;
12053 10.66 23.5 -0.77  ;
12154 -6.395 23.5 -3.39  ;
12160 10.66 23.5 -3.39  ;
12299 -9.33 23.5 -3.935  ;
12306 5.065 23.5 -4.48  ;
12369 -15.19 23.5 -4.69  ;
12426 -4.0 15.25 -0.56  ;
12533 -4.0 15.25 -2.08  ;
12678 -9.86 15.25 -3.935  ;
14674 2.4 24.0 -0.56  ;
14718 -15.19 23.0 -0.56  ;
14769 2.4 23.75 -3.39  ;
14813 -15.19 23.0 -3.39  ;
14864 2.4 24.0 -4.48  ;
14914 7.73 23.25 -4.48  ;
14958 2.4 24.0 -4.69  ;
14990 -9.86 15.5 -0.77  ;
15085 -9.86 15.75 -3.39  ;
15135 -9.86 15.0 -3.39  ;
15230 -9.86 14.75 -3.935  ;
15293 -9.86 14.75 -4.69  ;
