23 7.2 7.0 0.0  ;
24 12.54 -1.25 0.0  ;
32 13.06 7.0 0.0  ;
993 7.2 7.5 -0.35  ;
1048 7.2 7.0 -0.35  ;
1049 13.06 7.0 -0.35  ;
1103 7.2 6.5 -0.35  ;
1104 13.06 6.5 -0.35  ;
1157 6.67 -0.75 -0.35  ;
1212 6.67 -1.25 -0.35  ;
1213 12.54 -1.25 -0.35  ;
1267 6.67 -1.75 -0.35  ;
1268 12.54 -1.75 -0.35  ;
2148 7.2 7.5 -4.9  ;
2203 7.2 7.0 -4.9  ;
2258 7.2 6.5 -4.9  ;
2312 6.67 -0.75 -4.9  ;
2313 12.54 -0.75 -4.9  ;
2367 6.67 -1.25 -4.9  ;
2368 12.54 -1.25 -4.9  ;
2422 6.67 -1.75 -4.9  ;
2423 12.54 -1.75 -4.9  ;
3315 7.2 7.0 -0.77  ;
3316 13.06 7.0 -0.77  ;
3370 7.2 7.0 -3.39  ;
3429 7.2 7.0 -4.48  ;
3483 6.67 -1.25 -0.77  ;
3484 12.54 -1.25 -0.77  ;
3538 6.67 -1.25 -3.39  ;
3597 6.67 -1.25 -4.48  ;
3598 12.54 -1.25 -4.48  ;
6996 3.74 -1.25 0.0  ;
6997 4.0 2.875 0.0  ;
6998 3.475 -5.375 0.0  ;
7016 9.605 -1.25 0.0  ;
7017 9.87 2.875 0.0  ;
7031 10.13 7.0 0.0  ;
7034 15.73 2.875 0.0  ;
8695 10.13 7.0 -4.9  ;
8697 10.13 7.5 -4.9  ;
8852 10.13 6.5 -4.9  ;
8955 3.74 -1.25 -4.9  ;
8956 6.67 -1.0 -4.9  ;
8957 3.74 -0.75 -4.9  ;
8959 12.54 -1.0 -4.9  ;
8960 9.605 -0.75 -4.9  ;
9114 3.74 -1.75 -4.9  ;
9115 6.67 -1.5 -4.9  ;
9117 12.54 -1.5 -4.9  ;
10580 7.2 7.25 -0.35  ;
10582 10.13 7.0 -0.35  ;
10583 13.06 7.25 -0.35  ;
10584 10.13 7.5 -0.35  ;
10738 7.2 6.75 -0.35  ;
10740 13.06 6.75 -0.35  ;
10842 3.74 -1.25 -0.35  ;
10843 6.67 -1.0 -0.35  ;
10844 3.74 -0.75 -0.35  ;
10845 9.605 -1.25 -0.35  ;
10846 12.54 -1.0 -0.35  ;
11001 3.74 -1.75 -0.35  ;
11002 6.67 -1.5 -0.35  ;
11003 9.605 -1.75 -0.35  ;
11004 12.54 -1.5 -0.35  ;
12808 7.2 7.0 -0.56  ;
12809 10.13 7.0 -0.77  ;
12810 13.06 7.0 -0.56  ;
12915 7.2 7.0 -2.08  ;
12916 10.13 7.0 -3.39  ;
13061 7.2 7.0 -3.935  ;
13131 7.2 7.0 -4.69  ;
13185 3.74 -1.25 -0.77  ;
13186 6.67 -1.25 -0.56  ;
13187 9.605 -1.25 -0.77  ;
13188 12.54 -1.25 -0.56  ;
13292 3.74 -1.25 -3.39  ;
13293 6.67 -1.25 -2.08  ;
13294 9.605 -1.25 -3.39  ;
13295 12.54 -1.25 -2.08  ;
13439 6.67 -1.25 -3.935  ;
13440 3.74 -1.25 -4.48  ;
13510 6.67 -1.25 -4.69  ;
13511 12.54 -1.25 -4.69  ;
15 6.67 -1.25 0.0  ;
1158 12.54 -0.75 -0.35  ;
3539 12.54 -1.25 -3.39  ;
7000 9.335 -5.375 0.0  ;
7032 10.395 11.125 0.0  ;
8693 7.2 7.25 -4.9  ;
8851 7.2 6.75 -4.9  ;
8958 9.605 -1.25 -4.9  ;
9116 9.605 -1.75 -4.9  ;
10739 10.13 6.5 -0.35  ;
10847 9.605 -0.75 -0.35  ;
13064 10.13 7.0 -4.48  ;
13441 12.54 -1.25 -3.935  ;
13442 9.605 -1.25 -4.48  ;
