7 6.14 -9.5 0.0  ;
1376 6.14 -9.5 -0.35  ;
1431 6.14 -10.0 -0.35  ;
3651 6.14 -9.5 -0.77  ;
3706 6.14 -9.5 -3.39  ;
6998 3.475 -5.375 0.0  ;
7001 8.81 -13.625 0.0  ;
11107 6.14 -9.25 -0.35  ;
11266 6.14 -9.75 -0.35  ;
13564 6.14 -9.5 -0.56  ;
13671 6.14 -9.5 -2.08  ;
15949 6.14 -9.0 -0.77  ;
15951 6.14 -9.0 -0.56  ;
15997 6.14 -10.0 -0.77  ;
15998 6.14 -10.0 -0.56  ;
15999 6.14 -9.75 -0.77  ;
16046 6.14 -9.25 -3.39  ;
16047 6.14 -9.0 -2.08  ;
16093 6.14 -10.0 -3.39  ;
16094 6.14 -10.0 -2.08  ;
1321 6.14 -9.0 -0.35  ;
15950 6.14 -9.25 -0.77  ;
16095 6.14 -9.75 -3.39  ;
16190 6.14 -10.0 -3.935  ;
