62 255 1.0
61 272 1.0
60 130 0.47794117647058826
59 245 0.8477508650519031
58 306 1.0
57 272 1.0
56 114 0.4789915966386555
55 203 0.8529411764705882
54 4238 0.799622641509434
53 4238 0.799622641509434
52 4455 0.20852836547463022
51 18446 0.862688242446918
50 4456 0.20828269608301392
49 18457 0.8626781958401496
48 3356 0.934558618769145
47 5696 0.9264801561483409
46 48 1.0
45 48 1.0
44 48 1.0
43 48 1.0
42 52 1.0
41 48 1.0
40 24 0.5
39 48 1.0
38 48 1.0
37 52 1.0
36 48 1.0
35 48 1.0
34 48 1.0
33 24 0.5
32 1343 1.0
31 2684 1.0
30 1341 1.0
29 894 1.0
28 1341 1.0
27 895 1.0
26 2238 0.8332092330603127
