2146 -4.53 7.5 -4.9  ;
2201 -4.53 7.0 -4.9  ;
2256 -4.53 6.5 -4.9  ;
2311 0.81 -0.75 -4.9  ;
2366 0.81 -1.25 -4.9  ;
3313 -4.53 7.0 -0.77  ;
3368 -4.53 7.0 -3.39  ;
3427 -4.53 7.0 -4.48  ;
3537 0.81 -1.25 -3.39  ;
8688 -4.53 7.25 -4.9  ;
8847 -4.53 6.75 -4.9  ;
8954 0.81 -1.0 -4.9  ;
9113 0.81 -1.5 -4.9  ;
10734 -4.53 6.75 -0.35  ;
12804 -4.53 7.0 -0.56  ;
12911 -4.53 7.0 -2.08  ;
13058 -4.53 7.0 -3.935  ;
13129 -4.53 7.0 -4.69  ;
13438 0.81 -1.25 -3.935  ;
13509 0.81 -1.25 -4.69  ;
15357 -4.53 6.5 -0.77  ;
15358 -4.53 6.5 -0.56  ;
15359 -4.53 6.75 -0.77  ;
15405 -4.53 7.5 -3.39  ;
15406 -4.53 7.25 -3.39  ;
15453 -4.53 6.5 -3.39  ;
15454 -4.53 6.5 -2.08  ;
15455 -4.53 6.75 -3.39  ;
15502 -4.53 7.25 -4.48  ;
15503 -4.53 7.5 -3.935  ;
15549 -4.53 6.5 -4.48  ;
15550 -4.53 6.5 -3.935  ;
15551 -4.53 6.75 -4.48  ;
15597 -4.53 7.5 -4.69  ;
15613 -4.53 6.5 -4.69  ;
15725 0.81 -0.75 -3.39  ;
15726 0.81 -1.0 -3.39  ;
15774 0.81 -1.75 -2.08  ;
15775 0.81 -1.5 -3.39  ;
15821 0.81 -0.75 -4.48  ;
15822 0.81 -1.0 -4.48  ;
15823 0.81 -0.75 -3.935  ;
15869 0.81 -1.75 -4.48  ;
15870 0.81 -1.75 -3.935  ;
15871 0.81 -1.5 -4.48  ;
15917 0.81 -0.75 -4.69  ;
15933 0.81 -1.75 -4.69  ;
1101 -4.53 6.5 -0.35  ;
2421 0.81 -1.75 -4.9  ;
3596 0.81 -1.25 -4.48  ;
15407 -4.53 7.5 -2.08  ;
15501 -4.53 7.5 -4.48  ;
15773 0.81 -1.75 -3.39  ;
