936 -9.86 14.75 -0.35  ;
1981 -9.86 15.75 -4.9  ;
2091 -9.86 14.75 -4.9  ;
2146 -4.53 7.5 -4.9  ;
2201 -4.53 7.0 -4.9  ;
2256 -4.53 6.5 -4.9  ;
3144 -9.86 15.25 -0.77  ;
3199 -9.86 15.25 -3.39  ;
3258 -9.86 15.25 -4.48  ;
3368 -4.53 7.0 -3.39  ;
3427 -4.53 7.0 -4.48  ;
8422 -9.86 15.5 -4.9  ;
8581 -9.86 15.0 -4.9  ;
8688 -4.53 7.25 -4.9  ;
8847 -4.53 6.75 -4.9  ;
12531 -9.86 15.25 -2.08  ;
12749 -9.86 15.25 -4.69  ;
13058 -4.53 7.0 -3.935  ;
13129 -4.53 7.0 -4.69  ;
15037 -9.86 14.75 -0.77  ;
15038 -9.86 14.75 -0.56  ;
15039 -9.86 15.0 -0.77  ;
15086 -9.86 15.5 -3.39  ;
15087 -9.86 15.75 -2.08  ;
15133 -9.86 14.75 -3.39  ;
15134 -9.86 14.75 -2.08  ;
15181 -9.86 15.75 -4.48  ;
15182 -9.86 15.5 -4.48  ;
15183 -9.86 15.75 -3.935  ;
15229 -9.86 14.75 -4.48  ;
15231 -9.86 15.0 -4.48  ;
15277 -9.86 15.75 -4.69  ;
15406 -4.53 7.25 -3.39  ;
15453 -4.53 6.5 -3.39  ;
15454 -4.53 6.5 -2.08  ;
15455 -4.53 6.75 -3.39  ;
15502 -4.53 7.25 -4.48  ;
15503 -4.53 7.5 -3.935  ;
15549 -4.53 6.5 -4.48  ;
15550 -4.53 6.5 -3.935  ;
15551 -4.53 6.75 -4.48  ;
15597 -4.53 7.5 -4.69  ;
15613 -4.53 6.5 -4.69  ;
2036 -9.86 15.25 -4.9  ;
10468 -9.86 15.0 -0.35  ;
12678 -9.86 15.25 -3.935  ;
15085 -9.86 15.75 -3.39  ;
15135 -9.86 15.0 -3.39  ;
15230 -9.86 14.75 -3.935  ;
15293 -9.86 14.75 -4.69  ;
15501 -4.53 7.5 -4.48  ;
