62 255 1.0
61 272 1.0
60 258 0.9485294117647058
59 109 0.3771626297577855
58 306 1.0
57 272 1.0
56 226 0.9495798319327731
55 91 0.38235294117647056
54 4238 0.799622641509434
53 4238 0.799622641509434
52 8775 0.41073768957124135
51 17421 0.8147507249088018
50 8775 0.41016172758717395
49 17435 0.8149100257069408
48 2777 0.773322194374826
47 4756 0.7735849056603774
46 48 1.0
45 48 1.0
44 48 1.0
43 2 0.041666666666666664
42 4 0.07692307692307693
41 48 1.0
40 48 1.0
39 48 1.0
38 48 1.0
37 52 1.0
36 2 0.041666666666666664
35 4 0.08333333333333333
34 48 1.0
33 48 1.0
32 1343 1.0
31 2684 1.0
30 1341 1.0
28 447 0.3333333333333333
27 895 1.0
26 2686 1.0
