46 45 0.9375
45 48 1.0
44 48 1.0
43 48 1.0
42 52 1.0
41 48 1.0
39 48 1.0
38 48 1.0
37 24 0.46153846153846156
32 915 0.6813104988830976
31 1833 0.6829359165424739
30 918 0.6845637583892618
29 612 0.6845637583892618
28 841 0.6271439224459359
27 507 0.5664804469273743
26 1349 0.5022338049143709
62 255 1.0
61 272 1.0
60 83 0.30514705882352944
59 289 1.0
58 201 0.6568627450980392
54 4378 0.8260377358490566
53 137 0.025849056603773585
52 1107 0.0518161392997566
51 17039 0.7968852305677673
50 14346 0.6705618397681593
48 2432 0.6772486772486772
47 63 0.010247234873129472
