6 0.81 -1.25 0.0  ;
7 6.14 -9.5 0.0  ;
14 1.33 7.0 0.0  ;
24 12.54 -1.25 0.0  ;
33 18.4 -1.25 0.0  ;
992 1.33 7.5 -0.35  ;
1047 1.33 7.0 -0.35  ;
1102 1.33 6.5 -0.35  ;
1156 0.81 -0.75 -0.35  ;
1157 6.67 -0.75 -0.35  ;
1159 18.4 -0.75 -0.35  ;
1211 0.81 -1.25 -0.35  ;
1212 6.67 -1.25 -0.35  ;
1213 12.54 -1.25 -0.35  ;
1214 18.4 -1.25 -0.35  ;
1267 6.67 -1.75 -0.35  ;
1268 12.54 -1.75 -0.35  ;
1376 6.14 -9.5 -0.35  ;
2147 1.33 7.5 -4.9  ;
2202 1.33 7.0 -4.9  ;
2311 0.81 -0.75 -4.9  ;
2312 6.67 -0.75 -4.9  ;
2313 12.54 -0.75 -4.9  ;
2366 0.81 -1.25 -4.9  ;
2367 6.67 -1.25 -4.9  ;
2368 12.54 -1.25 -4.9  ;
2369 18.4 -1.25 -4.9  ;
2422 6.67 -1.75 -4.9  ;
2423 12.54 -1.75 -4.9  ;
2424 18.4 -1.75 -4.9  ;
2476 6.14 -9.0 -4.9  ;
2531 6.14 -9.5 -4.9  ;
3314 1.33 7.0 -0.77  ;
3428 1.33 7.0 -4.48  ;
3483 6.67 -1.25 -0.77  ;
3484 12.54 -1.25 -0.77  ;
3485 18.4 -1.25 -0.77  ;
3537 0.81 -1.25 -3.39  ;
3538 6.67 -1.25 -3.39  ;
3540 18.4 -1.25 -3.39  ;
3597 6.67 -1.25 -4.48  ;
3598 12.54 -1.25 -4.48  ;
3599 18.4 -1.25 -4.48  ;
3651 6.14 -9.5 -0.77  ;
3706 6.14 -9.5 -3.39  ;
3765 6.14 -9.5 -4.48  ;
6993 -1.6 7.0 0.0  ;
6995 -1.86 2.875 0.0  ;
6996 3.74 -1.25 0.0  ;
6997 4.0 2.875 0.0  ;
6998 3.475 -5.375 0.0  ;
7016 9.605 -1.25 0.0  ;
7017 9.87 2.875 0.0  ;
7033 15.47 -1.25 0.0  ;
8689 -1.6 7.0 -4.9  ;
8690 1.33 7.25 -4.9  ;
8691 -1.6 7.5 -4.9  ;
8848 -1.6 6.5 -4.9  ;
8849 1.33 6.75 -4.9  ;
8954 0.81 -1.0 -4.9  ;
8955 3.74 -1.25 -4.9  ;
8956 6.67 -1.0 -4.9  ;
8957 3.74 -0.75 -4.9  ;
8959 12.54 -1.0 -4.9  ;
8960 9.605 -0.75 -4.9  ;
8961 15.47 -1.25 -4.9  ;
8963 15.47 -0.75 -4.9  ;
9113 0.81 -1.5 -4.9  ;
9114 3.74 -1.75 -4.9  ;
9115 6.67 -1.5 -4.9  ;
9117 12.54 -1.5 -4.9  ;
9118 15.47 -1.75 -4.9  ;
9119 18.4 -1.5 -4.9  ;
9220 6.14 -9.25 -4.9  ;
9379 6.14 -9.75 -4.9  ;
10576 -1.6 7.0 -0.35  ;
10577 1.33 7.25 -0.35  ;
10578 -1.6 7.5 -0.35  ;
10734 -4.53 6.75 -0.35  ;
10735 -1.6 6.5 -0.35  ;
10736 1.33 6.75 -0.35  ;
10737 4.265 6.5 -0.35  ;
10841 0.81 -1.0 -0.35  ;
10842 3.74 -1.25 -0.35  ;
10843 6.67 -1.0 -0.35  ;
10844 3.74 -0.75 -0.35  ;
10845 9.605 -1.25 -0.35  ;
10846 12.54 -1.0 -0.35  ;
10848 15.47 -1.25 -0.35  ;
10849 18.4 -1.0 -0.35  ;
10850 15.47 -0.75 -0.35  ;
11000 0.81 -1.5 -0.35  ;
11001 3.74 -1.75 -0.35  ;
11002 6.67 -1.5 -0.35  ;
11003 9.605 -1.75 -0.35  ;
11004 12.54 -1.5 -0.35  ;
11006 18.4 -1.5 -0.35  ;
11107 6.14 -9.25 -0.35  ;
12806 1.33 7.0 -0.56  ;
12913 1.33 7.0 -2.08  ;
13059 1.33 7.0 -3.935  ;
13060 -1.6 7.0 -4.48  ;
13130 1.33 7.0 -4.69  ;
13185 3.74 -1.25 -0.77  ;
13186 6.67 -1.25 -0.56  ;
13187 9.605 -1.25 -0.77  ;
13188 12.54 -1.25 -0.56  ;
13189 15.47 -1.25 -0.77  ;
13292 3.74 -1.25 -3.39  ;
13293 6.67 -1.25 -2.08  ;
13294 9.605 -1.25 -3.39  ;
13295 12.54 -1.25 -2.08  ;
13296 15.47 -1.25 -3.39  ;
13438 0.81 -1.25 -3.935  ;
13439 6.67 -1.25 -3.935  ;
13440 3.74 -1.25 -4.48  ;
13443 18.4 -1.25 -3.935  ;
13444 15.47 -1.25 -4.48  ;
13509 0.81 -1.25 -4.69  ;
13510 6.67 -1.25 -4.69  ;
13511 12.54 -1.25 -4.69  ;
13564 6.14 -9.5 -0.56  ;
13671 6.14 -9.5 -2.08  ;
13818 6.14 -9.5 -3.935  ;
13889 6.14 -9.5 -4.69  ;
15357 -4.53 6.5 -0.77  ;
15358 -4.53 6.5 -0.56  ;
15359 -4.53 6.75 -0.77  ;
15453 -4.53 6.5 -3.39  ;
15454 -4.53 6.5 -2.08  ;
15629 0.81 -0.75 -0.77  ;
15630 0.81 -1.0 -0.77  ;
15631 0.81 -0.75 -0.56  ;
15632 18.4 -0.75 -0.77  ;
15633 18.4 -1.0 -0.77  ;
15677 0.81 -1.75 -0.77  ;
15679 0.81 -1.5 -0.77  ;
15725 0.81 -0.75 -3.39  ;
15726 0.81 -1.0 -3.39  ;
15727 0.81 -0.75 -2.08  ;
15728 18.4 -0.75 -3.39  ;
15730 18.4 -0.75 -2.08  ;
15774 0.81 -1.75 -2.08  ;
15775 0.81 -1.5 -3.39  ;
15821 0.81 -0.75 -4.48  ;
15822 0.81 -1.0 -4.48  ;
15823 0.81 -0.75 -3.935  ;
15825 18.4 -1.0 -4.48  ;
15869 0.81 -1.75 -4.48  ;
15870 0.81 -1.75 -3.935  ;
15871 0.81 -1.5 -4.48  ;
15917 0.81 -0.75 -4.69  ;
15933 0.81 -1.75 -4.69  ;
15949 6.14 -9.0 -0.77  ;
15951 6.14 -9.0 -0.56  ;
16046 6.14 -9.25 -3.39  ;
16047 6.14 -9.0 -2.08  ;
16141 6.14 -9.0 -4.48  ;
16142 6.14 -9.25 -4.48  ;
16143 6.14 -9.0 -3.935  ;
16189 6.14 -10.0 -4.48  ;
16191 6.14 -9.75 -4.48  ;
16237 6.14 -9.0 -4.69  ;
15 6.67 -1.25 0.0  ;
1101 -4.53 6.5 -0.35  ;
1158 12.54 -0.75 -0.35  ;
1266 0.81 -1.75 -0.35  ;
1321 6.14 -9.0 -0.35  ;
2257 1.33 6.5 -4.9  ;
2421 0.81 -1.75 -4.9  ;
2586 6.14 -10.0 -4.9  ;
3369 1.33 7.0 -3.39  ;
3482 0.81 -1.25 -0.77  ;
3539 12.54 -1.25 -3.39  ;
3596 0.81 -1.25 -4.48  ;
7000 9.335 -5.375 0.0  ;
8958 9.605 -1.25 -4.9  ;
9116 9.605 -1.75 -4.9  ;
10847 9.605 -0.75 -0.35  ;
11005 15.47 -1.75 -0.35  ;
12805 -1.6 7.0 -0.77  ;
12912 -1.6 7.0 -3.39  ;
13184 0.81 -1.25 -0.56  ;
13190 18.4 -1.25 -0.56  ;
13291 0.81 -1.25 -2.08  ;
13297 18.4 -1.25 -2.08  ;
13441 12.54 -1.25 -3.935  ;
13442 9.605 -1.25 -4.48  ;
13512 18.4 -1.25 -4.69  ;
15634 18.4 -0.75 -0.56  ;
15678 0.81 -1.75 -0.56  ;
15729 18.4 -1.0 -3.39  ;
15773 0.81 -1.75 -3.39  ;
15950 6.14 -9.25 -0.77  ;
16045 6.14 -9.0 -3.39  ;
16095 6.14 -9.75 -3.39  ;
16190 6.14 -10.0 -3.935  ;
16253 6.14 -10.0 -4.69  ;
