5 -4.53 7.0 0.0  ;
6 0.81 -1.25 0.0  ;
14 1.33 7.0 0.0  ;
23 7.2 7.0 0.0  ;
24 12.54 -1.25 0.0  ;
991 -4.53 7.5 -0.35  ;
992 1.33 7.5 -0.35  ;
993 7.2 7.5 -0.35  ;
1046 -4.53 7.0 -0.35  ;
1047 1.33 7.0 -0.35  ;
1048 7.2 7.0 -0.35  ;
1102 1.33 6.5 -0.35  ;
1103 7.2 6.5 -0.35  ;
1156 0.81 -0.75 -0.35  ;
1157 6.67 -0.75 -0.35  ;
1159 18.4 -0.75 -0.35  ;
1211 0.81 -1.25 -0.35  ;
1212 6.67 -1.25 -0.35  ;
1213 12.54 -1.25 -0.35  ;
1267 6.67 -1.75 -0.35  ;
1268 12.54 -1.75 -0.35  ;
2147 1.33 7.5 -4.9  ;
2148 7.2 7.5 -4.9  ;
2202 1.33 7.0 -4.9  ;
2203 7.2 7.0 -4.9  ;
2256 -4.53 6.5 -4.9  ;
2258 7.2 6.5 -4.9  ;
2311 0.81 -0.75 -4.9  ;
2312 6.67 -0.75 -4.9  ;
2313 12.54 -0.75 -4.9  ;
2366 0.81 -1.25 -4.9  ;
2367 6.67 -1.25 -4.9  ;
2368 12.54 -1.25 -4.9  ;
2369 18.4 -1.25 -4.9  ;
2422 6.67 -1.75 -4.9  ;
2423 12.54 -1.75 -4.9  ;
2476 6.14 -9.0 -4.9  ;
2531 6.14 -9.5 -4.9  ;
3313 -4.53 7.0 -0.77  ;
3314 1.33 7.0 -0.77  ;
3315 7.2 7.0 -0.77  ;
3368 -4.53 7.0 -3.39  ;
3370 7.2 7.0 -3.39  ;
3427 -4.53 7.0 -4.48  ;
3428 1.33 7.0 -4.48  ;
3429 7.2 7.0 -4.48  ;
3483 6.67 -1.25 -0.77  ;
3484 12.54 -1.25 -0.77  ;
3537 0.81 -1.25 -3.39  ;
3538 6.67 -1.25 -3.39  ;
3540 18.4 -1.25 -3.39  ;
3597 6.67 -1.25 -4.48  ;
3598 12.54 -1.25 -4.48  ;
3599 18.4 -1.25 -4.48  ;
4153 18.4 -0.25 -4.48  ;
4477 18.4 -0.25 -1.22  ;
4585 18.4 2.38 -2.85  ;
4621 18.4 -0.25 -4.03  ;
4810 18.4 1.854 -2.172  ;
4811 18.4 1.328 -1.934  ;
4812 18.4 0.802 -1.696  ;
4813 18.4 0.276 -1.458  ;
5098 18.4 1.854 -3.086  ;
5100 18.4 0.802 -3.558  ;
5101 18.4 0.276 -3.794  ;
6993 -1.6 7.0 0.0  ;
6995 -1.86 2.875 0.0  ;
6996 3.74 -1.25 0.0  ;
6997 4.0 2.875 0.0  ;
6998 3.475 -5.375 0.0  ;
7014 4.265 7.0 0.0  ;
7016 9.605 -1.25 0.0  ;
7017 9.87 2.875 0.0  ;
7031 10.13 7.0 0.0  ;
7033 15.47 -1.25 0.0  ;
7034 15.73 2.875 0.0  ;
8689 -1.6 7.0 -4.9  ;
8690 1.33 7.25 -4.9  ;
8691 -1.6 7.5 -4.9  ;
8692 4.265 7.0 -4.9  ;
8694 4.265 7.5 -4.9  ;
8847 -4.53 6.75 -4.9  ;
8848 -1.6 6.5 -4.9  ;
8849 1.33 6.75 -4.9  ;
8850 4.265 6.5 -4.9  ;
8954 0.81 -1.0 -4.9  ;
8955 3.74 -1.25 -4.9  ;
8956 6.67 -1.0 -4.9  ;
8957 3.74 -0.75 -4.9  ;
8959 12.54 -1.0 -4.9  ;
8960 9.605 -0.75 -4.9  ;
8961 15.47 -1.25 -4.9  ;
8962 18.4 -1.0 -4.9  ;
8963 15.47 -0.75 -4.9  ;
9113 0.81 -1.5 -4.9  ;
9114 3.74 -1.75 -4.9  ;
9115 6.67 -1.5 -4.9  ;
9117 12.54 -1.5 -4.9  ;
9118 15.47 -1.75 -4.9  ;
9119 18.4 -1.5 -4.9  ;
9220 6.14 -9.25 -4.9  ;
10576 -1.6 7.0 -0.35  ;
10577 1.33 7.25 -0.35  ;
10578 -1.6 7.5 -0.35  ;
10579 4.265 7.0 -0.35  ;
10580 7.2 7.25 -0.35  ;
10582 10.13 7.0 -0.35  ;
10734 -4.53 6.75 -0.35  ;
10735 -1.6 6.5 -0.35  ;
10736 1.33 6.75 -0.35  ;
10737 4.265 6.5 -0.35  ;
10738 7.2 6.75 -0.35  ;
10841 0.81 -1.0 -0.35  ;
10842 3.74 -1.25 -0.35  ;
10843 6.67 -1.0 -0.35  ;
10844 3.74 -0.75 -0.35  ;
10845 9.605 -1.25 -0.35  ;
10846 12.54 -1.0 -0.35  ;
10848 15.47 -1.25 -0.35  ;
10849 18.4 -1.0 -0.35  ;
10850 15.47 -0.75 -0.35  ;
11000 0.81 -1.5 -0.35  ;
11001 3.74 -1.75 -0.35  ;
11002 6.67 -1.5 -0.35  ;
11003 9.605 -1.75 -0.35  ;
11004 12.54 -1.5 -0.35  ;
12804 -4.53 7.0 -0.56  ;
12806 1.33 7.0 -0.56  ;
12807 4.265 7.0 -0.77  ;
12808 7.2 7.0 -0.56  ;
12809 10.13 7.0 -0.77  ;
12911 -4.53 7.0 -2.08  ;
12913 1.33 7.0 -2.08  ;
12914 4.265 7.0 -3.39  ;
12915 7.2 7.0 -2.08  ;
13058 -4.53 7.0 -3.935  ;
13059 1.33 7.0 -3.935  ;
13060 -1.6 7.0 -4.48  ;
13061 7.2 7.0 -3.935  ;
13062 4.265 7.0 -4.48  ;
13130 1.33 7.0 -4.69  ;
13131 7.2 7.0 -4.69  ;
13185 3.74 -1.25 -0.77  ;
13186 6.67 -1.25 -0.56  ;
13187 9.605 -1.25 -0.77  ;
13188 12.54 -1.25 -0.56  ;
13189 15.47 -1.25 -0.77  ;
13292 3.74 -1.25 -3.39  ;
13293 6.67 -1.25 -2.08  ;
13294 9.605 -1.25 -3.39  ;
13295 12.54 -1.25 -2.08  ;
13296 15.47 -1.25 -3.39  ;
13438 0.81 -1.25 -3.935  ;
13439 6.67 -1.25 -3.935  ;
13440 3.74 -1.25 -4.48  ;
13443 18.4 -1.25 -3.935  ;
13444 15.47 -1.25 -4.48  ;
13509 0.81 -1.25 -4.69  ;
13510 6.67 -1.25 -4.69  ;
13511 12.54 -1.25 -4.69  ;
13889 6.14 -9.5 -4.69  ;
15309 -4.53 7.5 -0.77  ;
15310 -4.53 7.25 -0.77  ;
15311 -4.53 7.5 -0.56  ;
15357 -4.53 6.5 -0.77  ;
15358 -4.53 6.5 -0.56  ;
15359 -4.53 6.75 -0.77  ;
15453 -4.53 6.5 -3.39  ;
15454 -4.53 6.5 -2.08  ;
15455 -4.53 6.75 -3.39  ;
15549 -4.53 6.5 -4.48  ;
15550 -4.53 6.5 -3.935  ;
15551 -4.53 6.75 -4.48  ;
15613 -4.53 6.5 -4.69  ;
15629 0.81 -0.75 -0.77  ;
15630 0.81 -1.0 -0.77  ;
15631 0.81 -0.75 -0.56  ;
15632 18.4 -0.75 -0.77  ;
15633 18.4 -1.0 -0.77  ;
15677 0.81 -1.75 -0.77  ;
15679 0.81 -1.5 -0.77  ;
15725 0.81 -0.75 -3.39  ;
15726 0.81 -1.0 -3.39  ;
15727 0.81 -0.75 -2.08  ;
15728 18.4 -0.75 -3.39  ;
15730 18.4 -0.75 -2.08  ;
15774 0.81 -1.75 -2.08  ;
15775 0.81 -1.5 -3.39  ;
15821 0.81 -0.75 -4.48  ;
15822 0.81 -1.0 -4.48  ;
15823 0.81 -0.75 -3.935  ;
15825 18.4 -1.0 -4.48  ;
15826 18.4 -0.75 -3.935  ;
15869 0.81 -1.75 -4.48  ;
15870 0.81 -1.75 -3.935  ;
15871 0.81 -1.5 -4.48  ;
15917 0.81 -0.75 -4.69  ;
15933 0.81 -1.75 -4.69  ;
16046 6.14 -9.25 -3.39  ;
16047 6.14 -9.0 -2.08  ;
16141 6.14 -9.0 -4.48  ;
16142 6.14 -9.25 -4.48  ;
16143 6.14 -9.0 -3.935  ;
16237 6.14 -9.0 -4.69  ;
15 6.67 -1.25 0.0  ;
1101 -4.53 6.5 -0.35  ;
1158 12.54 -0.75 -0.35  ;
1266 0.81 -1.75 -0.35  ;
2257 1.33 6.5 -4.9  ;
2314 18.4 -0.75 -4.9  ;
2421 0.81 -1.75 -4.9  ;
3369 1.33 7.0 -3.39  ;
3482 0.81 -1.25 -0.77  ;
3539 12.54 -1.25 -3.39  ;
3596 0.81 -1.25 -4.48  ;
4201 18.4 1.0 -4.48  ;
4441 18.4 2.38 -2.41  ;
5099 18.4 1.328 -3.322  ;
7000 9.335 -5.375 0.0  ;
8693 7.2 7.25 -4.9  ;
8851 7.2 6.75 -4.9  ;
8958 9.605 -1.25 -4.9  ;
9116 9.605 -1.75 -4.9  ;
10575 -4.53 7.25 -0.35  ;
10581 4.265 7.5 -0.35  ;
10739 10.13 6.5 -0.35  ;
10847 9.605 -0.75 -0.35  ;
11005 15.47 -1.75 -0.35  ;
12805 -1.6 7.0 -0.77  ;
12912 -1.6 7.0 -3.39  ;
13184 0.81 -1.25 -0.56  ;
13291 0.81 -1.25 -2.08  ;
13297 18.4 -1.25 -2.08  ;
13441 12.54 -1.25 -3.935  ;
13442 9.605 -1.25 -4.48  ;
13512 18.4 -1.25 -4.69  ;
15634 18.4 -0.75 -0.56  ;
15678 0.81 -1.75 -0.56  ;
15729 18.4 -1.0 -3.39  ;
15773 0.81 -1.75 -3.39  ;
15824 18.4 -0.75 -4.48  ;
15918 18.4 -0.75 -4.69  ;
16045 6.14 -9.0 -3.39  ;
