46 48 1.0
45 48 1.0
44 48 1.0
42 52 1.0
41 48 1.0
40 48 1.0
39 48 1.0
38 48 1.0
37 52 1.0
35 48 1.0
34 48 1.0
33 48 1.0
32 1343 1.0
31 2684 1.0
30 1341 1.0
28 1341 1.0
27 895 1.0
26 2686 1.0
62 244 0.9568627450980393
61 272 1.0
60 167 0.6139705882352942
59 289 1.0
58 294 0.9607843137254902
57 272 1.0
56 146 0.6134453781512605
55 238 1.0
54 4656 0.8784905660377359
53 4656 0.8784905660377359
52 1072 0.050177869312862756
51 3319 0.15522402020390982
50 1073 0.05015424885481911
49 3319 0.15512970320168262
48 3152 0.8777499303815093
47 5396 0.8776837996096292
