46 48 1.0
45 48 1.0
44 48 1.0
43 48 1.0
42 52 1.0
41 48 1.0
39 48 1.0
38 48 1.0
37 52 1.0
36 48 1.0
35 48 1.0
34 48 1.0
32 1343 1.0
31 2684 1.0
30 1341 1.0
29 894 1.0
28 1341 1.0
27 895 1.0
62 60 0.23529411764705882
61 272 1.0
60 272 1.0
59 289 1.0
58 70 0.22875816993464052
57 272 1.0
56 238 1.0
55 238 1.0
54 4666 0.8803773584905661
53 4666 0.8803773584905661
52 18025 0.8437090432503277
51 1949 0.09115143578711066
50 18050 0.8436944937833037
49 1950 0.09114279037158214
48 3257 0.9069896964633807
47 5644 0.9180221210149642
