62 210 0.8235294117647058
61 136 0.5
60 272 1.0
59 289 1.0
58 250 0.8169934640522876
57 134 0.49264705882352944
56 238 1.0
55 238 1.0
54 4250 0.8018867924528302
53 4250 0.8018867924528302
52 18433 0.8628065905261187
51 4333 0.20264708633429987
50 18459 0.8628120033654295
49 4335 0.20261743397990184
48 3388 0.9434697855750487
47 5728 0.9316851008458035
46 28 0.5833333333333334
45 48 1.0
44 48 1.0
43 48 1.0
42 52 1.0
41 48 1.0
40 48 1.0
39 28 0.5833333333333334
38 48 1.0
37 52 1.0
36 48 1.0
35 48 1.0
34 48 1.0
33 48 1.0
32 1343 1.0
31 2684 1.0
30 1341 1.0
29 894 1.0
28 1341 1.0
27 895 1.0
26 2686 1.0
