7 6.14 -9.5 0.0  ;
1376 6.14 -9.5 -0.35  ;
1431 6.14 -10.0 -0.35  ;
2476 6.14 -9.0 -4.9  ;
2531 6.14 -9.5 -4.9  ;
3651 6.14 -9.5 -0.77  ;
3706 6.14 -9.5 -3.39  ;
3765 6.14 -9.5 -4.48  ;
6996 3.74 -1.25 0.0  ;
6998 3.475 -5.375 0.0  ;
8955 3.74 -1.25 -4.9  ;
8957 3.74 -0.75 -4.9  ;
9114 3.74 -1.75 -4.9  ;
9220 6.14 -9.25 -4.9  ;
9221 9.07 -9.5 -4.9  ;
9223 9.07 -9.0 -4.9  ;
9379 6.14 -9.75 -4.9  ;
9380 9.07 -10.0 -4.9  ;
10842 3.74 -1.25 -0.35  ;
10844 3.74 -0.75 -0.35  ;
11001 3.74 -1.75 -0.35  ;
11107 6.14 -9.25 -0.35  ;
11108 9.07 -9.5 -0.35  ;
11266 6.14 -9.75 -0.35  ;
11267 9.07 -10.0 -0.35  ;
13185 3.74 -1.25 -0.77  ;
13292 3.74 -1.25 -3.39  ;
13440 3.74 -1.25 -4.48  ;
13564 6.14 -9.5 -0.56  ;
13565 9.07 -9.5 -0.77  ;
13671 6.14 -9.5 -2.08  ;
13672 9.07 -9.5 -3.39  ;
13818 6.14 -9.5 -3.935  ;
13820 9.07 -9.5 -4.48  ;
13889 6.14 -9.5 -4.69  ;
15949 6.14 -9.0 -0.77  ;
15951 6.14 -9.0 -0.56  ;
15997 6.14 -10.0 -0.77  ;
15998 6.14 -10.0 -0.56  ;
15999 6.14 -9.75 -0.77  ;
16046 6.14 -9.25 -3.39  ;
16047 6.14 -9.0 -2.08  ;
16093 6.14 -10.0 -3.39  ;
16094 6.14 -10.0 -2.08  ;
16141 6.14 -9.0 -4.48  ;
16142 6.14 -9.25 -4.48  ;
16143 6.14 -9.0 -3.935  ;
16189 6.14 -10.0 -4.48  ;
16191 6.14 -9.75 -4.48  ;
16237 6.14 -9.0 -4.69  ;
1321 6.14 -9.0 -0.35  ;
2586 6.14 -10.0 -4.9  ;
15950 6.14 -9.25 -0.77  ;
16045 6.14 -9.0 -3.39  ;
16095 6.14 -9.75 -3.39  ;
16190 6.14 -10.0 -3.935  ;
16253 6.14 -10.0 -4.69  ;
