44 42 0.875
43 48 1.0
42 52 1.0
41 48 1.0
40 48 1.0
39 48 1.0
38 48 1.0
37 52 1.0
36 48 1.0
35 22 0.4583333333333333
32 835 0.6217423678332092
31 1819 0.6777198211624441
30 915 0.6823266219239373
29 610 0.6823266219239373
28 915 0.6823266219239373
27 610 0.6815642458100558
26 1676 0.62397617274758
62 111 0.43529411764705883
61 272 1.0
60 272 1.0
59 85 0.29411764705882354
58 306 1.0
57 181 0.6654411764705882
54 3906 0.7369811320754717
53 1799 0.33943396226415096
52 69 0.0032297322598764276
51 16605 0.776587784117482
50 17443 0.8153220529120314
48 1302 0.36257309941520466
47 1811 0.2945673389720234
