2476 6.14 -9.0 -4.9  ;
2531 6.14 -9.5 -4.9  ;
3706 6.14 -9.5 -3.39  ;
3765 6.14 -9.5 -4.48  ;
9220 6.14 -9.25 -4.9  ;
9379 6.14 -9.75 -4.9  ;
13818 6.14 -9.5 -3.935  ;
13889 6.14 -9.5 -4.69  ;
16046 6.14 -9.25 -3.39  ;
16093 6.14 -10.0 -3.39  ;
16094 6.14 -10.0 -2.08  ;
16141 6.14 -9.0 -4.48  ;
16142 6.14 -9.25 -4.48  ;
16189 6.14 -10.0 -4.48  ;
16191 6.14 -9.75 -4.48  ;
16237 6.14 -9.0 -4.69  ;
2586 6.14 -10.0 -4.9  ;
16095 6.14 -9.75 -3.39  ;
16190 6.14 -10.0 -3.935  ;
16253 6.14 -10.0 -4.69  ;
