1	232.7172	-14	27	0	-10	-142
2	232.7172	-14	27	0	-10	-52
3	232.7172	-14	27	0	-5	-19
4	232.7172	-14	27	0	-5	-7
5	232.7172	-14	27	0	-10	38
6	232.7172	-14	27	0	-45	48
7	184.7171	-14	27	0	-10	-19
8	184.7171	-14	27	0	-45	-97
9	184.7171	-14	27	0	-5	-7
10	184.7171	-14	27	0	-10	38
11	122.3384	-14	27	0	-15	-52
12	58.505	-14	27	0	-5	-52
13	58.505	-14	27	0	-10	-19
14	58.505	-14	27	0	-5	-142
15	9.697	-14	27	0	-10	-142
16	9.697	-14	27	0	-10	-52
17	9.697	-14	27	0	-5	-19
18	9.697	-14	27	0	-5	-7
19	9.697	-14	27	0	-10	38
20	9.697	-14	27	0	-45	48
21	-20.3636	30	27	0	-45	-132
22	-20.3636	30	27	0	-10	-142
23	-20.3636	30	27	0	-5	-187
24	-20.3636	30	27	0	-5	-199
25	-20.3636	30	27	0	-10	-232
26	-20.3636	30	27	0	-10	-322
27	26.8283	30	27	0	-10	-199
28	26.8283	30	27	0	-45	-277
29	26.8283	30	27	0	-5	-187
30	26.8283	30	27	0	-10	-142
31	93.5707	30	27	0	-15	-232
32	155.4949	30	27	0	-5	-232
33	155.4949	30	27	0	-10	-199
34	155.4949	30	27	0	-5	-142
35	187.202	34.75	18	0	-5	-52
36	187.202	34.75	18	0	-5	-97
37	187.202	34.75	18	0	-10	-142
38	187.202	34.75	18	0	0	-187
39	187.202	34.75	18	0	-5	-232
40	187.202	34.75	18	0	10	-277
41	187.202	34.75	18	0	-10	-322
42	187.202	34.75	18	0	-5	-367
43	197.4748	17.2425	18	0	-5	-52
44	197.4748	17.2425	18	0	10	-292
45	197.4748	17.2425	18	0	-5	-277
46	197.4748	17.2425	18	0	10	-262
47	197.4748	17.2425	18	0	-5	-322
48	197.4748	17.2425	18	0	5	-352
49	197.4748	17.2425	18	0	-5	-382
50	197.4748	17.2425	18	0	10	-232
51	210.202	0	18	0	-5	-97
52	210.202	0	18	0	10	-292
53	210.202	0	18	0	-5	-262
54	210.202	0	18	0	-5	-142
55	210.202	0	18	0	-5	-322
56	210.202	0	18	0	10	-352
57	210.202	0	18	0	5	-382
58	210.202	0	18	0	-5	-187
59	221.4646	-18.25	18	0	-5	-52
60	221.4646	-18.25	18	0	-5	-97
61	221.4646	-18.25	18	0	-10	-142
62	221.4646	-18.25	18	0	0	-187
63	221.4646	-18.25	18	0	-5	-232
64	221.4646	-18.25	18	0	-5	-277
65	221.4646	-18.25	18	0	-10	-322
66	221.4646	-18.25	18	0	10	-367
67	152	34.75	0	0	0	-52
68	152	34.75	0	0	5	-142
69	152	34.75	0	0	20	-187
70	152	34.75	0	0	45	-232
71	152	34.75	0	0	30	-277
72	169	8.25	0	0	5	-97
73	169	8.25	0	0	10	-142
74	169	8.25	0	0	5	-187
75	169	8.25	0	0	30	-302
76	169	8.25	0	0	30	-332
77	186	-18.25	0	0	0	-52
78	186	-18.25	0	0	5	-142
79	186	-18.25	0	0	5	-187
80	186	-18.25	0	0	45	-97
81	186	-18.25	0	0	30	-382
82	26.1818	34.75	0	0	45	-232
83	26.1818	34.75	0	0	20	-322
84	26.1818	34.75	0	0	5	-367
85	26.1818	34.75	0	0	0	-52
86	26.1818	34.75	0	0	30	-97
87	43.3131	8.25	0	0	5	-277
88	43.3131	8.25	0	0	10	-322
89	43.3131	8.25	0	0	5	-367
90	43.3131	8.25	0	0	30	-122
91	43.3131	8.25	0	0	30	-152
92	60.4447	-18.25	0	0	0	-232
93	60.4447	-18.25	0	0	5	-322
94	60.4447	-18.25	0	0	5	-367
95	60.4447	-18.25	0	0	45	-277
96	60.4447	-18.25	0	0	30	-97
97	-7.5656	34.75	18	0	-5	-52
98	-7.5656	34.75	18	0	-5	-7
99	-7.5656	34.75	18	0	-10	38
100	-7.5656	34.75	18	0	0	83
101	-7.5656	34.75	18	0	-5	128
102	-7.5656	34.75	18	0	10	173
103	-7.5656	34.75	18	0	-10	218
104	-7.5656	34.75	18	0	-5	263
105	4.2222	16.25	18	0	-5	-52
106	4.2222	16.25	18	0	10	188
107	4.2222	16.25	18	0	-5	173
108	4.2222	16.25	18	0	10	158
109	4.2222	16.25	18	0	-5	218
110	4.2222	16.25	18	0	5	248
111	4.2222	16.25	18	0	-5	278
112	4.2222	16.25	18	0	10	128
113	14.9064	0	18	0	-5	-7
114	14.9064	0	18	0	10	188
115	14.9064	0	18	0	-5	158
116	14.9064	0	18	0	-5	38
117	14.9064	0	18	0	-5	218
118	14.9064	0	18	0	10	248
119	14.9064	0	18	0	5	278
120	14.9064	0	18	0	-5	83
121	26.6981	-18.25	18	0	-5	-52
122	26.6981	-18.25	18	0	-5	-7
123	26.6981	-18.25	18	0	-10	38
124	26.6981	-18.25	18	0	0	83
125	26.6981	-18.25	18	0	-5	128
126	26.6981	-18.25	18	0	-5	173
127	26.6981	-18.25	18	0	-10	218
128	26.6981	-18.25	18	0	10	263
