1	230	-14	27	0	-10	-142
2	230	-14	27	0	-10	-97
3	230	-14	27	0	-10	-52
4	230	-14	27	0	-10	-7
5	230	-14	27	0	-10	38
6	230	-14	27	0	-45	-232
7	220	-14	27	0	-10	-142
8	220	-14	27	0	-10	-97
9	220	-14	27	0	-10	-52
10	220	-14	27	0	-10	-7
11	220	-14	27	0	-10	38
12	220	-14	27	0	-45	-232
13	210	-14	27	0	-10	-142
14	210	-14	27	0	-10	-97
15	210	-14	27	0	-10	-52
16	210	-14	27	0	-10	-7
17	210	-14	27	0	-10	38
18	210	-14	27	0	-45	-232
19	200	-14	27	0	-10	-142
20	200	-14	27	0	-10	-97
21	200	-14	27	0	-10	-52
22	200	-14	27	0	-10	-7
23	200	-14	27	0	-10	38
24	200	-14	27	0	-45	-232
25	190	-14	27	0	-10	-142
26	190	-14	27	0	-10	-97
27	190	-14	27	0	-10	-52
28	190	-14	27	0	-10	-7
29	190	-14	27	0	-10	38
30	190	-14	27	0	-45	-232
31	180	-14	27	0	-10	-142
32	180	-14	27	0	-10	-97
33	180	-14	27	0	-10	-52
34	180	-14	27	0	-10	-7
35	180	-14	27	0	-10	38
36	180	-14	27	0	-45	-232
37	170	-14	27	0	-10	-142
38	170	-14	27	0	-10	-97
39	170	-14	27	0	-10	-52
40	170	-14	27	0	-10	-7
41	170	-14	27	0	-10	38
42	170	-14	27	0	-45	-232
43	160	-14	27	0	-10	-142
44	160	-14	27	0	-10	-97
45	160	-14	27	0	-10	-52
46	160	-14	27	0	-10	-7
47	160	-14	27	0	-10	38
48	160	-14	27	0	-45	-232
49	150	-14	27	0	-10	-142
50	150	-14	27	0	-10	-97
51	150	-14	27	0	-10	-52
52	150	-14	27	0	-10	-7
53	150	-14	27	0	-10	38
54	150	-14	27	0	-45	-232
55	140	-14	27	0	-10	-142
56	140	-14	27	0	-10	-97
57	140	-14	27	0	-10	-52
58	140	-14	27	0	-10	-7
59	140	-14	27	0	-10	38
60	140	-14	27	0	-45	-232
61	130	-14	27	0	-10	-142
62	130	-14	27	0	-10	-97
63	130	-14	27	0	-10	-52
64	130	-14	27	0	-10	-7
65	130	-14	27	0	-10	38
66	130	-14	27	0	-45	-232
67	120	-14	27	0	-10	-142
68	120	-14	27	0	-10	-97
69	120	-14	27	0	-10	-52
70	120	-14	27	0	-10	-7
71	120	-14	27	0	-10	38
72	120	-14	27	0	-45	-232
73	110	-14	27	0	-10	-142
74	110	-14	27	0	-10	-97
75	110	-14	27	0	-10	-52
76	110	-14	27	0	-10	-7
77	110	-14	27	0	-10	38
78	110	-14	27	0	-45	-232
79	100	-14	27	0	-10	-142
80	100	-14	27	0	-10	-97
81	100	-14	27	0	-10	-52
82	100	-14	27	0	-10	-7
83	100	-14	27	0	-10	38
84	100	-14	27	0	-45	-232
85	90	-14	27	0	-10	-142
86	90	-14	27	0	-10	-97
87	90	-14	27	0	-10	-52
88	90	-14	27	0	-10	-7
89	90	-14	27	0	-10	38
90	90	-14	27	0	-45	-232
91	80	-14	27	0	-10	-142
92	80	-14	27	0	-10	-97
93	80	-14	27	0	-10	-52
94	80	-14	27	0	-10	-7
95	80	-14	27	0	-10	38
96	80	-14	27	0	-45	-232
97	70	-14	27	0	-10	-142
98	70	-14	27	0	-10	-97
99	70	-14	27	0	-10	-52
100	70	-14	27	0	-10	-7
101	70	-14	27	0	-10	38
102	70	-14	27	0	-45	-232
103	60	-14	27	0	-10	-142
104	60	-14	27	0	-10	-97
105	60	-14	27	0	-10	-52
106	60	-14	27	0	-10	-7
107	60	-14	27	0	-10	38
108	60	-14	27	0	-45	-232
109	50	-14	27	0	-10	-142
110	50	-14	27	0	-10	-97
111	50	-14	27	0	-10	-52
112	50	-14	27	0	-10	-7
113	50	-14	27	0	-10	38
114	50	-14	27	0	-45	-232
115	40	-14	27	0	-10	-142
116	40	-14	27	0	-10	-97
117	40	-14	27	0	-10	-52
118	40	-14	27	0	-10	-7
119	40	-14	27	0	-10	38
120	40	-14	27	0	-45	-232
121	30	-14	27	0	-10	-142
122	30	-14	27	0	-10	-97
123	30	-14	27	0	-10	-52
124	30	-14	27	0	-10	-7
125	30	-14	27	0	-10	38
126	30	-14	27	0	-45	-232
127	20	-14	27	0	-10	-142
128	20	-14	27	0	-10	-97
129	20	-14	27	0	-10	-52
130	20	-14	27	0	-10	-7
131	20	-14	27	0	-10	38
132	20	-14	27	0	-45	-232
133	10	-14	27	0	-10	-142
134	10	-14	27	0	-10	-97
135	10	-14	27	0	-10	-52
136	10	-14	27	0	-10	-7
137	10	-14	27	0	-10	38
138	10	-14	27	0	-45	-232
139	0	-14	27	0	-10	-142
140	0	-14	27	0	-10	-97
141	0	-14	27	0	-10	-52
142	0	-14	27	0	-10	-7
143	0	-14	27	0	-10	38
144	0	-14	27	0	-45	-232
145	0	30	27	0	-10	-142
146	0	30	27	0	-10	-187
147	0	30	27	0	-10	-232
148	0	30	27	0	-10	83
149	0	30	27	0	-10	38
150	0	30	27	0	-45	-52
151	10	30	27	0	-10	-142
152	10	30	27	0	-10	-187
153	10	30	27	0	-10	-232
154	10	30	27	0	-10	83
155	10	30	27	0	-10	38
156	10	30	27	0	-45	-52
157	20	30	27	0	-10	-142
158	20	30	27	0	-10	-187
159	20	30	27	0	-10	-232
160	20	30	27	0	-10	83
161	20	30	27	0	-10	38
162	20	30	27	0	-45	-52
163	30	30	27	0	-10	-142
164	30	30	27	0	-10	-187
165	30	30	27	0	-10	-232
166	30	30	27	0	-10	83
167	30	30	27	0	-10	38
168	30	30	27	0	-45	-52
169	40	30	27	0	-10	-142
170	40	30	27	0	-10	-187
171	40	30	27	0	-10	-232
172	40	30	27	0	-10	83
173	40	30	27	0	-10	38
174	40	30	27	0	-45	-52
175	50	30	27	0	-10	-142
176	50	30	27	0	-10	-187
177	50	30	27	0	-10	-232
178	50	30	27	0	-10	83
179	50	30	27	0	-10	38
180	50	30	27	0	-45	-52
181	60	30	27	0	-10	-142
182	60	30	27	0	-10	-187
183	60	30	27	0	-10	-232
184	60	30	27	0	-10	83
185	60	30	27	0	-10	38
186	60	30	27	0	-45	-52
187	70	30	27	0	-10	-142
188	70	30	27	0	-10	-187
189	70	30	27	0	-10	-232
190	70	30	27	0	-10	83
191	70	30	27	0	-10	38
192	70	30	27	0	-45	-52
193	80	30	27	0	-10	-142
194	80	30	27	0	-10	-187
195	80	30	27	0	-10	-232
196	80	30	27	0	-10	83
197	80	30	27	0	-10	38
198	80	30	27	0	-45	-52
199	90	30	27	0	-10	-142
200	90	30	27	0	-10	-187
201	90	30	27	0	-10	-232
202	90	30	27	0	-10	83
203	90	30	27	0	-10	38
204	90	30	27	0	-45	-52
205	100	30	27	0	-10	-142
206	100	30	27	0	-10	-187
207	100	30	27	0	-10	-232
208	100	30	27	0	-10	83
209	100	30	27	0	-10	38
210	100	30	27	0	-45	-52
211	110	30	27	0	-10	-142
212	110	30	27	0	-10	-187
213	110	30	27	0	-10	-232
214	110	30	27	0	-10	83
215	110	30	27	0	-10	38
216	110	30	27	0	-45	-52
217	120	30	27	0	-10	-142
218	120	30	27	0	-10	-187
219	120	30	27	0	-10	-232
220	120	30	27	0	-10	83
221	120	30	27	0	-10	38
222	120	30	27	0	-45	-52
223	130	30	27	0	-10	-142
224	130	30	27	0	-10	-187
225	130	30	27	0	-10	-232
226	130	30	27	0	-10	83
227	130	30	27	0	-10	38
228	130	30	27	0	-45	-52
229	140	30	27	0	-10	-142
230	140	30	27	0	-10	-187
231	140	30	27	0	-10	-232
232	140	30	27	0	-10	83
233	140	30	27	0	-10	38
234	140	30	27	0	-45	-52
235	150	30	27	0	-10	-142
236	150	30	27	0	-10	-187
237	150	30	27	0	-10	-232
238	150	30	27	0	-10	83
239	150	30	27	0	-10	38
240	150	30	27	0	-45	-52
241	160	30	27	0	-10	-142
242	160	30	27	0	-10	-187
243	160	30	27	0	-10	-232
244	160	30	27	0	-10	83
245	160	30	27	0	-10	38
246	160	30	27	0	-45	-52
247	170	30	27	0	-10	-142
248	170	30	27	0	-10	-187
249	170	30	27	0	-10	-232
250	170	30	27	0	-10	83
251	170	30	27	0	-10	38
252	170	30	27	0	-45	-52
253	180	30	27	0	-10	-142
254	180	30	27	0	-10	-187
255	180	30	27	0	-10	-232
256	180	30	27	0	-10	83
257	180	30	27	0	-10	38
258	180	30	27	0	-45	-52
259	190	30	27	0	-10	-142
260	190	30	27	0	-10	-187
261	190	30	27	0	-10	-232
262	190	30	27	0	-10	83
263	190	30	27	0	-10	38
264	190	30	27	0	-45	-52
265	200	30	27	0	-10	-142
266	200	30	27	0	-10	-187
267	200	30	27	0	-10	-232
268	200	30	27	0	-10	83
269	200	30	27	0	-10	38
270	200	30	27	0	-45	-52
271	210	30	27	0	-10	-142
272	210	30	27	0	-10	-187
273	210	30	27	0	-10	-232
274	210	30	27	0	-10	83
275	210	30	27	0	-10	38
276	210	30	27	0	-45	-52
277	220	30	27	0	-10	-142
278	220	30	27	0	-10	-187
279	220	30	27	0	-10	-232
280	220	30	27	0	-10	83
281	220	30	27	0	-10	38
282	220	30	27	0	-45	-52
283	230	30	27	0	-10	-142
284	230	30	27	0	-10	-187
285	230	30	27	0	-10	-232
286	230	30	27	0	-10	83
287	230	30	27	0	-10	38
288	230	30	27	0	-45	-52
289	187.202	34.75	18	0	-20	-52
290	187.202	34.75	18	0	-20	-97
291	187.202	34.75	18	0	-20	-142
292	187.202	34.75	18	0	-20	-187
293	187.202	34.75	18	0	-20	-232
294	187.202	34.75	18	0	-20	83
295	187.202	34.75	18	0	-20	38
296	187.202	34.75	18	0	-20	-7
297	192.3384	25.99625	18	0	-20	-52
298	192.3384	25.99625	18	0	-20	-97
299	192.3384	25.99625	18	0	-20	-142
300	192.3384	25.99625	18	0	-20	-187
301	192.3384	25.99625	18	0	-20	-232
302	192.3384	25.99625	18	0	-20	83
303	192.3384	25.99625	18	0	-20	38
304	197.4748	17.2425	18	0	-20	-7
305	197.4748	17.2425	18	0	-20	-52
306	197.4748	17.2425	18	0	-20	-97
307	197.4748	17.2425	18	0	-20	-142
308	197.4748	17.2425	18	0	-20	-187
309	197.4748	17.2425	18	0	-20	-232
310	197.4748	17.2425	18	0	-20	83
311	197.4748	17.2425	18	0	-20	38
312	203.8384	8.62125	18	0	-20	-7
313	203.8384	8.62125	18	0	-20	-52
314	203.8384	8.62125	18	0	-20	-97
315	203.8384	8.62125	18	0	-20	-142
316	203.8384	8.62125	18	0	-20	-187
317	203.8384	8.62125	18	0	-20	-232
318	203.8384	8.62125	18	0	-20	83
319	203.8384	8.62125	18	0	-20	38
320	210.202	0	18	0	-20	-7
321	210.202	0	18	0	-20	-52
322	210.202	0	18	0	-20	-97
323	210.202	0	18	0	-20	-142
324	210.202	0	18	0	-20	-187
325	210.202	0	18	0	-20	-232
326	210.202	0	18	0	-20	83
327	210.202	0	18	0	-20	38
328	215.8333	-9.125	18	0	-20	-7
329	215.8333	-9.125	18	0	-20	-52
330	215.8333	-9.125	18	0	-20	-97
331	215.8333	-9.125	18	0	-20	-142
332	215.8333	-9.125	18	0	-20	-187
333	215.8333	-9.125	18	0	-20	-232
334	215.8333	-9.125	18	0	-20	83
335	215.8333	-9.125	18	0	-20	38
336	221.4646	-18.25	18	0	-20	-7
337	221.4646	-18.25	18	0	-20	-52
338	221.4646	-18.25	18	0	-20	-97
339	221.4646	-18.25	18	0	-20	-142
340	221.4646	-18.25	18	0	-20	-187
341	221.4646	-18.25	18	0	-20	-232
342	221.4646	-18.25	18	0	-20	83
343	221.4646	-18.25	18	0	-20	38
344	152	34.75	6	0	60	-7
345	152	34.75	6	0	60	-52
346	152	34.75	6	0	60	-97
347	152	34.75	6	0	60	-142
348	152	34.75	6	0	60	-187
349	152	34.75	6	0	60	-232
350	152	34.75	6	0	60	83
351	152	34.75	6	0	60	38
352	156.25	25.99625	6	0	60	-7
353	156.25	25.99625	6	0	60	-52
354	156.25	25.99625	6	0	60	-97
355	156.25	25.99625	6	0	60	-142
356	156.25	25.99625	6	0	60	-187
357	156.25	25.99625	6	0	60	-232
358	156.25	25.99625	6	0	60	83
359	164.75	17.2425	6	0	60	38
360	164.75	17.2425	6	0	60	-7
361	164.75	17.2425	6	0	60	-52
362	164.75	17.2425	6	0	60	-97
363	164.75	17.2425	6	0	60	-142
364	164.75	17.2425	6	0	60	-187
365	164.75	17.2425	6	0	60	-232
366	164.75	17.2425	6	0	60	83
367	169	8.62125	6	0	60	38
368	169	8.62125	6	0	60	-7
369	169	8.62125	6	0	60	-52
370	169	8.62125	6	0	60	-97
371	169	8.62125	6	0	60	-142
372	169	8.62125	6	0	60	-187
373	169	8.62125	6	0	60	-232
374	169	8.62125	6	0	60	83
375	173.25	0	6	0	60	38
376	173.25	0	6	0	60	-7
377	173.25	0	6	0	60	-52
378	173.25	0	6	0	60	-97
379	173.25	0	6	0	60	-142
380	173.25	0	6	0	60	-187
381	173.25	0	6	0	60	-232
382	173.25	0	6	0	60	83
383	181.75	-9.125	6	0	60	38
384	181.75	-9.125	6	0	60	-7
385	181.75	-9.125	6	0	60	-52
386	181.75	-9.125	6	0	60	-97
387	181.75	-9.125	6	0	60	-142
388	181.75	-9.125	6	0	60	-187
389	181.75	-9.125	6	0	60	-232
390	181.75	-9.125	6	0	60	83
391	186	-18.25	6	0	60	38
392	186	-18.25	6	0	60	-7
393	186	-18.25	6	0	60	-52
394	186	-18.25	6	0	60	-97
395	186	-18.25	6	0	60	-142
396	186	-18.25	6	0	60	-187
397	186	-18.25	6	0	60	-232
398	186	-18.25	6	0	60	83
399	-7.5656	34.75	18	0	-20	38
400	-7.5656	34.75	18	0	-20	-7
401	-7.5656	34.75	18	0	-20	-52
402	-7.5656	34.75	18	0	-20	-97
403	-7.5656	34.75	18	0	-20	-142
404	-7.5656	34.75	18	0	-20	-187
405	-7.5656	34.75	18	0	-20	-232
406	-7.5656	34.75	18	0	-20	83
407	-3.2828	25.99625	18	0	-20	38
408	-3.2828	25.99625	18	0	-20	-7
409	-3.2828	25.99625	18	0	-20	-52
410	-3.2828	25.99625	18	0	-20	-97
411	-3.2828	25.99625	18	0	-20	-142
412	-3.2828	25.99625	18	0	-20	-187
413	-3.2828	25.99625	18	0	-20	-232
414	5.283125	17.2425	18	0	-20	83
415	5.283125	17.2425	18	0	-20	38
416	5.283125	17.2425	18	0	-20	-7
417	5.283125	17.2425	18	0	-20	-52
418	5.283125	17.2425	18	0	-20	-97
419	5.283125	17.2425	18	0	-20	-142
420	5.283125	17.2425	18	0	-20	-187
421	5.283125	17.2425	18	0	-20	-232
422	9.56625	8.62125	18	0	-20	83
423	9.56625	8.62125	18	0	-20	38
424	9.56625	8.62125	18	0	-20	-7
425	9.56625	8.62125	18	0	-20	-52
426	9.56625	8.62125	18	0	-20	-97
427	9.56625	8.62125	18	0	-20	-142
428	9.56625	8.62125	18	0	-20	-187
429	9.56625	8.62125	18	0	-20	-232
430	13.849215	0	18	0	-20	83
431	13.849215	0	18	0	-20	38
432	13.849215	0	18	0	-20	-7
433	13.849215	0	18	0	-20	-52
434	13.849215	0	18	0	-20	-97
435	13.849215	0	18	0	-20	-142
436	13.849215	0	18	0	-20	-187
437	13.849215	0	18	0	-20	-232
438	22.41514	-9.125	18	0	-20	83
439	22.41514	-9.125	18	0	-20	38
440	22.41514	-9.125	18	0	-20	-7
441	22.41514	-9.125	18	0	-20	-52
442	22.41514	-9.125	18	0	-20	-97
443	22.41514	-9.125	18	0	-20	-142
444	22.41514	-9.125	18	0	-20	-187
445	22.41514	-9.125	18	0	-20	-232
446	26.6981	-18.25	18	0	-20	83
447	26.6981	-18.25	18	0	-20	38
448	26.6981	-18.25	18	0	-20	-7
449	26.6981	-18.25	18	0	-20	-52
450	26.6981	-18.25	18	0	-20	-97
451	26.6981	-18.25	18	0	-20	-142
452	26.6981	-18.25	18	0	-20	-187
453	26.6981	-18.25	18	0	-20	-232
454	26.1818	34.75	6	0	60	83
455	26.1818	34.75	6	0	60	38
456	26.1818	34.75	6	0	60	-7
457	26.1818	34.75	6	0	60	-52
458	26.1818	34.75	6	0	60	-97
459	26.1818	34.75	6	0	60	-142
460	26.1818	34.75	6	0	60	-187
461	26.1818	34.75	6	0	60	-232
462	30.464665	25.99625	6	0	60	83
463	30.464665	25.99625	6	0	60	38
464	30.464665	25.99625	6	0	60	-7
465	30.464665	25.99625	6	0	60	-52
466	30.464665	25.99625	6	0	60	-97
467	30.464665	25.99625	6	0	60	-142
468	30.464665	25.99625	6	0	60	-187
469	39.03039	17.2425	6	0	60	-232
470	39.03039	17.2425	6	0	60	83
471	39.03039	17.2425	6	0	60	38
472	39.03039	17.2425	6	0	60	-7
473	39.03039	17.2425	6	0	60	-52
474	39.03039	17.2425	6	0	60	-97
475	39.03039	17.2425	6	0	60	-142
476	39.03039	17.2425	6	0	60	-187
477	43.31325	8.62125	6	0	60	-232
478	43.31325	8.62125	6	0	60	83
479	43.31325	8.62125	6	0	60	38
480	43.31325	8.62125	6	0	60	-7
481	43.31325	8.62125	6	0	60	-52
482	43.31325	8.62125	6	0	60	-97
483	43.31325	8.62125	6	0	60	-142
484	43.31325	8.62125	6	0	60	-187
485	47.596115	0	6	0	60	-232
486	49.7375475	0	6	0	60	83
487	50.80826375	0	6	0	60	38
488	51.343621875	0	6	0	60	-7
489	51.6113009375	0	6	0	60	-52
490	51.7451404688	0	6	0	60	-97
491	51.8120602344	0	6	0	60	-142
492	51.8455201172	0	6	0	60	-187
493	56.16184	-9.125	6	0	60	-232
494	56.16184	-9.125	6	0	60	83
495	56.16184	-9.125	6	0	60	38
496	56.16184	-9.125	6	0	60	-7
497	56.16184	-9.125	6	0	60	-52
498	56.16184	-9.125	6	0	60	-97
499	56.16184	-9.125	6	0	60	-142
500	56.16184	-9.125	6	0	60	-187
501	60.4447	-18.25	6	0	60	-232
502	60.4447	-18.25	6	0	60	83
503	60.4447	-18.25	6	0	60	38
504	60.4447	-18.25	6	0	60	-7
505	60.4447	-18.25	6	0	60	-52
506	60.4447	-18.25	6	0	60	-97
507	60.4447	-18.25	6	0	60	-142
508	60.4447	-18.25	6	0	60	-187
