7 6.14 -9.5 0.0  ;
16 12.0 -9.5 0.0  ;
24 12.54 -1.25 0.0  ;
1213 12.54 -1.25 -0.35  ;
1268 12.54 -1.75 -0.35  ;
1376 6.14 -9.5 -0.35  ;
1377 12.0 -9.5 -0.35  ;
1431 6.14 -10.0 -0.35  ;
1432 12.0 -10.0 -0.35  ;
2313 12.54 -0.75 -4.9  ;
2368 12.54 -1.25 -4.9  ;
2423 12.54 -1.75 -4.9  ;
2476 6.14 -9.0 -4.9  ;
2477 12.0 -9.0 -4.9  ;
2531 6.14 -9.5 -4.9  ;
2532 12.0 -9.5 -4.9  ;
2587 12.0 -10.0 -4.9  ;
3484 12.54 -1.25 -0.77  ;
3598 12.54 -1.25 -4.48  ;
3651 6.14 -9.5 -0.77  ;
3652 12.0 -9.5 -0.77  ;
3706 6.14 -9.5 -3.39  ;
3707 12.0 -9.5 -3.39  ;
3765 6.14 -9.5 -4.48  ;
3766 12.0 -9.5 -4.48  ;
6999 9.07 -9.5 0.0  ;
7001 8.81 -13.625 0.0  ;
7016 9.605 -1.25 0.0  ;
7017 9.87 2.875 0.0  ;
7018 14.935 -9.5 0.0  ;
8959 12.54 -1.0 -4.9  ;
8960 9.605 -0.75 -4.9  ;
9117 12.54 -1.5 -4.9  ;
9220 6.14 -9.25 -4.9  ;
9221 9.07 -9.5 -4.9  ;
9222 12.0 -9.25 -4.9  ;
9223 9.07 -9.0 -4.9  ;
9226 14.935 -9.0 -4.9  ;
9379 6.14 -9.75 -4.9  ;
9380 9.07 -10.0 -4.9  ;
9382 14.935 -10.0 -4.9  ;
10845 9.605 -1.25 -0.35  ;
10846 12.54 -1.0 -0.35  ;
11003 9.605 -1.75 -0.35  ;
11004 12.54 -1.5 -0.35  ;
11107 6.14 -9.25 -0.35  ;
11108 9.07 -9.5 -0.35  ;
11109 12.0 -9.25 -0.35  ;
11110 9.07 -9.0 -0.35  ;
11111 14.935 -9.5 -0.35  ;
11113 14.935 -9.0 -0.35  ;
11266 6.14 -9.75 -0.35  ;
11267 9.07 -10.0 -0.35  ;
11268 12.0 -9.75 -0.35  ;
11269 14.935 -10.0 -0.35  ;
13187 9.605 -1.25 -0.77  ;
13188 12.54 -1.25 -0.56  ;
13294 9.605 -1.25 -3.39  ;
13295 12.54 -1.25 -2.08  ;
13511 12.54 -1.25 -4.69  ;
13564 6.14 -9.5 -0.56  ;
13565 9.07 -9.5 -0.77  ;
13566 12.0 -9.5 -0.56  ;
13567 14.935 -9.5 -0.77  ;
13671 6.14 -9.5 -2.08  ;
13672 9.07 -9.5 -3.39  ;
13673 12.0 -9.5 -2.08  ;
13674 14.935 -9.5 -3.39  ;
13818 6.14 -9.5 -3.935  ;
13819 12.0 -9.5 -3.935  ;
13820 9.07 -9.5 -4.48  ;
13822 14.935 -9.5 -4.48  ;
13889 6.14 -9.5 -4.69  ;
13890 12.0 -9.5 -4.69  ;
15949 6.14 -9.0 -0.77  ;
15951 6.14 -9.0 -0.56  ;
15997 6.14 -10.0 -0.77  ;
15998 6.14 -10.0 -0.56  ;
15999 6.14 -9.75 -0.77  ;
16046 6.14 -9.25 -3.39  ;
16047 6.14 -9.0 -2.08  ;
16093 6.14 -10.0 -3.39  ;
16094 6.14 -10.0 -2.08  ;
16141 6.14 -9.0 -4.48  ;
16142 6.14 -9.25 -4.48  ;
16143 6.14 -9.0 -3.935  ;
16189 6.14 -10.0 -4.48  ;
16191 6.14 -9.75 -4.48  ;
16237 6.14 -9.0 -4.69  ;
1158 12.54 -0.75 -0.35  ;
1321 6.14 -9.0 -0.35  ;
1322 12.0 -9.0 -0.35  ;
2586 6.14 -10.0 -4.9  ;
3539 12.54 -1.25 -3.39  ;
7000 9.335 -5.375 0.0  ;
7019 15.205 -5.375 0.0  ;
8958 9.605 -1.25 -4.9  ;
9116 9.605 -1.75 -4.9  ;
9224 14.935 -9.5 -4.9  ;
9381 12.0 -9.75 -4.9  ;
10847 9.605 -0.75 -0.35  ;
13441 12.54 -1.25 -3.935  ;
13442 9.605 -1.25 -4.48  ;
15950 6.14 -9.25 -0.77  ;
16045 6.14 -9.0 -3.39  ;
16095 6.14 -9.75 -3.39  ;
16190 6.14 -10.0 -3.935  ;
16253 6.14 -10.0 -4.69  ;
