16 12.0 -9.5 0.0  ;
25 17.87 -9.5 0.0  ;
1268 12.54 -1.75 -0.35  ;
1269 18.4 -1.75 -0.35  ;
1323 17.87 -9.0 -0.35  ;
1377 12.0 -9.5 -0.35  ;
1378 17.87 -9.5 -0.35  ;
1432 12.0 -10.0 -0.35  ;
1433 17.87 -10.0 -0.35  ;
1486 11.48 -17.25 -0.35  ;
2369 18.4 -1.25 -4.9  ;
2423 12.54 -1.75 -4.9  ;
2424 18.4 -1.75 -4.9  ;
2477 12.0 -9.0 -4.9  ;
2532 12.0 -9.5 -4.9  ;
2533 17.87 -9.5 -4.9  ;
2587 12.0 -10.0 -4.9  ;
2588 17.87 -10.0 -4.9  ;
2696 11.48 -17.75 -4.9  ;
2751 11.48 -18.25 -4.9  ;
3485 18.4 -1.25 -0.77  ;
3540 18.4 -1.25 -3.39  ;
3599 18.4 -1.25 -4.48  ;
3652 12.0 -9.5 -0.77  ;
3707 12.0 -9.5 -3.39  ;
3708 17.87 -9.5 -3.39  ;
3766 12.0 -9.5 -4.48  ;
3875 11.48 -17.75 -3.39  ;
3934 11.48 -17.75 -4.48  ;
4153 18.4 -0.25 -4.48  ;
4621 18.4 -0.25 -4.03  ;
6999 9.07 -9.5 0.0  ;
7001 8.81 -13.625 0.0  ;
7003 14.67 -13.625 0.0  ;
7018 14.935 -9.5 0.0  ;
7033 15.47 -1.25 0.0  ;
7034 15.73 2.875 0.0  ;
7035 20.8 -9.5 0.0  ;
8961 15.47 -1.25 -4.9  ;
8962 18.4 -1.0 -4.9  ;
8963 15.47 -0.75 -4.9  ;
9118 15.47 -1.75 -4.9  ;
9119 18.4 -1.5 -4.9  ;
9221 9.07 -9.5 -4.9  ;
9222 12.0 -9.25 -4.9  ;
9223 9.07 -9.0 -4.9  ;
9225 17.87 -9.25 -4.9  ;
9226 14.935 -9.0 -4.9  ;
9227 20.8 -9.5 -4.9  ;
9229 20.8 -9.0 -4.9  ;
9380 9.07 -10.0 -4.9  ;
9382 14.935 -10.0 -4.9  ;
9383 17.87 -9.75 -4.9  ;
9384 20.8 -10.0 -4.9  ;
9486 11.48 -17.5 -4.9  ;
9487 14.41 -17.75 -4.9  ;
9660 11.48 -18.0 -4.9  ;
10848 15.47 -1.25 -0.35  ;
10850 15.47 -0.75 -0.35  ;
11006 18.4 -1.5 -0.35  ;
11108 9.07 -9.5 -0.35  ;
11109 12.0 -9.25 -0.35  ;
11110 9.07 -9.0 -0.35  ;
11111 14.935 -9.5 -0.35  ;
11113 14.935 -9.0 -0.35  ;
11114 20.8 -9.5 -0.35  ;
11116 20.8 -9.0 -0.35  ;
11267 9.07 -10.0 -0.35  ;
11268 12.0 -9.75 -0.35  ;
11269 14.935 -10.0 -0.35  ;
11271 20.8 -10.0 -0.35  ;
13189 15.47 -1.25 -0.77  ;
13296 15.47 -1.25 -3.39  ;
13443 18.4 -1.25 -3.935  ;
13444 15.47 -1.25 -4.48  ;
13565 9.07 -9.5 -0.77  ;
13566 12.0 -9.5 -0.56  ;
13567 14.935 -9.5 -0.77  ;
13568 17.87 -9.5 -0.56  ;
13672 9.07 -9.5 -3.39  ;
13673 12.0 -9.5 -2.08  ;
13674 14.935 -9.5 -3.39  ;
13675 17.87 -9.5 -2.08  ;
13819 12.0 -9.5 -3.935  ;
13820 9.07 -9.5 -4.48  ;
13822 14.935 -9.5 -4.48  ;
13824 20.8 -9.5 -4.48  ;
13890 12.0 -9.5 -4.69  ;
14062 14.41 -17.75 -3.39  ;
14223 11.48 -17.75 -3.935  ;
14225 14.41 -17.75 -4.48  ;
14299 11.48 -17.75 -4.69  ;
15728 18.4 -0.75 -3.39  ;
15730 18.4 -0.75 -2.08  ;
15825 18.4 -1.0 -4.48  ;
15826 18.4 -0.75 -3.935  ;
16269 11.48 -17.25 -0.77  ;
16270 11.48 -17.5 -0.77  ;
16271 11.48 -17.25 -0.56  ;
16362 11.48 -17.25 -3.39  ;
16363 11.48 -17.5 -3.39  ;
16364 11.48 -17.25 -2.08  ;
16427 11.48 -18.0 -3.39  ;
16456 11.48 -17.5 -4.48  ;
16457 11.48 -17.25 -3.935  ;
16519 11.48 -18.25 -3.935  ;
16520 11.48 -18.0 -4.48  ;
16548 11.48 -17.25 -4.69  ;
16569 11.48 -18.25 -4.69  ;
1322 12.0 -9.0 -0.35  ;
2314 18.4 -0.75 -4.9  ;
2478 17.87 -9.0 -4.9  ;
2641 11.48 -17.25 -4.9  ;
3653 17.87 -9.5 -0.77  ;
3767 17.87 -9.5 -4.48  ;
7019 15.205 -5.375 0.0  ;
9224 14.935 -9.5 -4.9  ;
9381 12.0 -9.75 -4.9  ;
9489 14.41 -17.25 -4.9  ;
11005 15.47 -1.75 -0.35  ;
11112 17.87 -9.25 -0.35  ;
11270 17.87 -9.75 -0.35  ;
13297 18.4 -1.25 -2.08  ;
13512 18.4 -1.25 -4.69  ;
13569 20.8 -9.5 -0.77  ;
13676 20.8 -9.5 -3.39  ;
13821 17.87 -9.5 -3.935  ;
13891 17.87 -9.5 -4.69  ;
14061 11.48 -17.75 -2.08  ;
15729 18.4 -1.0 -3.39  ;
15824 18.4 -0.75 -4.48  ;
15918 18.4 -0.75 -4.69  ;
16455 11.48 -17.25 -4.48  ;
16518 11.48 -18.25 -4.48  ;
