2311 0.81 -0.75 -4.9  ;
2366 0.81 -1.25 -4.9  ;
2531 6.14 -9.5 -4.9  ;
3537 0.81 -1.25 -3.39  ;
3765 6.14 -9.5 -4.48  ;
8954 0.81 -1.0 -4.9  ;
9113 0.81 -1.5 -4.9  ;
13438 0.81 -1.25 -3.935  ;
13509 0.81 -1.25 -4.69  ;
13818 6.14 -9.5 -3.935  ;
13889 6.14 -9.5 -4.69  ;
15726 0.81 -1.0 -3.39  ;
15774 0.81 -1.75 -2.08  ;
15775 0.81 -1.5 -3.39  ;
15821 0.81 -0.75 -4.48  ;
15822 0.81 -1.0 -4.48  ;
15869 0.81 -1.75 -4.48  ;
15870 0.81 -1.75 -3.935  ;
15871 0.81 -1.5 -4.48  ;
15917 0.81 -0.75 -4.69  ;
15933 0.81 -1.75 -4.69  ;
2421 0.81 -1.75 -4.9  ;
3596 0.81 -1.25 -4.48  ;
13291 0.81 -1.25 -2.08  ;
15773 0.81 -1.75 -3.39  ;
