6 0.81 -1.25 0.0  ;
1156 0.81 -0.75 -0.35  ;
1211 0.81 -1.25 -0.35  ;
2311 0.81 -0.75 -4.9  ;
2366 0.81 -1.25 -4.9  ;
2422 6.67 -1.75 -4.9  ;
3537 0.81 -1.25 -3.39  ;
6996 3.74 -1.25 0.0  ;
6998 3.475 -5.375 0.0  ;
8954 0.81 -1.0 -4.9  ;
8955 3.74 -1.25 -4.9  ;
8957 3.74 -0.75 -4.9  ;
9113 0.81 -1.5 -4.9  ;
9114 3.74 -1.75 -4.9  ;
10841 0.81 -1.0 -0.35  ;
10842 3.74 -1.25 -0.35  ;
10844 3.74 -0.75 -0.35  ;
11000 0.81 -1.5 -0.35  ;
11001 3.74 -1.75 -0.35  ;
13185 3.74 -1.25 -0.77  ;
13292 3.74 -1.25 -3.39  ;
13438 0.81 -1.25 -3.935  ;
13440 3.74 -1.25 -4.48  ;
13509 0.81 -1.25 -4.69  ;
15629 0.81 -0.75 -0.77  ;
15630 0.81 -1.0 -0.77  ;
15631 0.81 -0.75 -0.56  ;
15677 0.81 -1.75 -0.77  ;
15679 0.81 -1.5 -0.77  ;
15725 0.81 -0.75 -3.39  ;
15726 0.81 -1.0 -3.39  ;
15727 0.81 -0.75 -2.08  ;
15774 0.81 -1.75 -2.08  ;
15775 0.81 -1.5 -3.39  ;
15821 0.81 -0.75 -4.48  ;
15822 0.81 -1.0 -4.48  ;
15823 0.81 -0.75 -3.935  ;
15869 0.81 -1.75 -4.48  ;
15870 0.81 -1.75 -3.935  ;
15871 0.81 -1.5 -4.48  ;
15917 0.81 -0.75 -4.69  ;
15933 0.81 -1.75 -4.69  ;
1266 0.81 -1.75 -0.35  ;
2421 0.81 -1.75 -4.9  ;
3482 0.81 -1.25 -0.77  ;
3596 0.81 -1.25 -4.48  ;
13184 0.81 -1.25 -0.56  ;
13291 0.81 -1.25 -2.08  ;
15678 0.81 -1.75 -0.56  ;
15773 0.81 -1.75 -3.39  ;
