6 0.81 -1.25 0.0  ;
7 6.14 -9.5 0.0  ;
1156 0.81 -0.75 -0.35  ;
1157 6.67 -0.75 -0.35  ;
1211 0.81 -1.25 -0.35  ;
1212 6.67 -1.25 -0.35  ;
1267 6.67 -1.75 -0.35  ;
1376 6.14 -9.5 -0.35  ;
1431 6.14 -10.0 -0.35  ;
2311 0.81 -0.75 -4.9  ;
2312 6.67 -0.75 -4.9  ;
2366 0.81 -1.25 -4.9  ;
2367 6.67 -1.25 -4.9  ;
2422 6.67 -1.75 -4.9  ;
3483 6.67 -1.25 -0.77  ;
3537 0.81 -1.25 -3.39  ;
3538 6.67 -1.25 -3.39  ;
3597 6.67 -1.25 -4.48  ;
3651 6.14 -9.5 -0.77  ;
6996 3.74 -1.25 0.0  ;
6998 3.475 -5.375 0.0  ;
7016 9.605 -1.25 0.0  ;
7017 9.87 2.875 0.0  ;
8954 0.81 -1.0 -4.9  ;
8955 3.74 -1.25 -4.9  ;
8956 6.67 -1.0 -4.9  ;
8957 3.74 -0.75 -4.9  ;
8960 9.605 -0.75 -4.9  ;
9113 0.81 -1.5 -4.9  ;
9114 3.74 -1.75 -4.9  ;
9115 6.67 -1.5 -4.9  ;
10841 0.81 -1.0 -0.35  ;
10842 3.74 -1.25 -0.35  ;
10843 6.67 -1.0 -0.35  ;
10844 3.74 -0.75 -0.35  ;
10845 9.605 -1.25 -0.35  ;
11000 0.81 -1.5 -0.35  ;
11001 3.74 -1.75 -0.35  ;
11002 6.67 -1.5 -0.35  ;
11003 9.605 -1.75 -0.35  ;
11107 6.14 -9.25 -0.35  ;
11266 6.14 -9.75 -0.35  ;
12916 10.13 7.0 -3.39  ;
13185 3.74 -1.25 -0.77  ;
13186 6.67 -1.25 -0.56  ;
13187 9.605 -1.25 -0.77  ;
13292 3.74 -1.25 -3.39  ;
13293 6.67 -1.25 -2.08  ;
13294 9.605 -1.25 -3.39  ;
13438 0.81 -1.25 -3.935  ;
13439 6.67 -1.25 -3.935  ;
13440 3.74 -1.25 -4.48  ;
13509 0.81 -1.25 -4.69  ;
13510 6.67 -1.25 -4.69  ;
13564 6.14 -9.5 -0.56  ;
13671 6.14 -9.5 -2.08  ;
15629 0.81 -0.75 -0.77  ;
15630 0.81 -1.0 -0.77  ;
15631 0.81 -0.75 -0.56  ;
15677 0.81 -1.75 -0.77  ;
15679 0.81 -1.5 -0.77  ;
15725 0.81 -0.75 -3.39  ;
15726 0.81 -1.0 -3.39  ;
15727 0.81 -0.75 -2.08  ;
15774 0.81 -1.75 -2.08  ;
15775 0.81 -1.5 -3.39  ;
15821 0.81 -0.75 -4.48  ;
15822 0.81 -1.0 -4.48  ;
15823 0.81 -0.75 -3.935  ;
15869 0.81 -1.75 -4.48  ;
15870 0.81 -1.75 -3.935  ;
15871 0.81 -1.5 -4.48  ;
15917 0.81 -0.75 -4.69  ;
15933 0.81 -1.75 -4.69  ;
15949 6.14 -9.0 -0.77  ;
15951 6.14 -9.0 -0.56  ;
15999 6.14 -9.75 -0.77  ;
16047 6.14 -9.0 -2.08  ;
16143 6.14 -9.0 -3.935  ;
15 6.67 -1.25 0.0  ;
1266 0.81 -1.75 -0.35  ;
1321 6.14 -9.0 -0.35  ;
2421 0.81 -1.75 -4.9  ;
3482 0.81 -1.25 -0.77  ;
3596 0.81 -1.25 -4.48  ;
7000 9.335 -5.375 0.0  ;
8958 9.605 -1.25 -4.9  ;
9116 9.605 -1.75 -4.9  ;
10847 9.605 -0.75 -0.35  ;
13184 0.81 -1.25 -0.56  ;
13291 0.81 -1.25 -2.08  ;
13442 9.605 -1.25 -4.48  ;
15678 0.81 -1.75 -0.56  ;
15773 0.81 -1.75 -3.39  ;
15950 6.14 -9.25 -0.77  ;
16045 6.14 -9.0 -3.39  ;
