3 -15.19 23.5 0.0  ;
10 -15.18 32.54 0.0  ;
11 -14.67 31.75 0.0  ;
12 -9.33 23.5 0.0  ;
19 -9.31 32.54 0.0  ;
20 -8.8 31.75 0.0  ;
29 -2.94 31.75 0.0  ;
30 2.4 23.5 0.0  ;
37 1.89 32.54 0.0  ;
38 2.4 31.75 0.0  ;
39 7.73 23.5 0.0  ;
46 7.75 32.54 0.0  ;
48 13.59 23.5 0.0  ;
55 13.61 32.54 0.0  ;
56 14.12 31.75 0.0  ;
57 19.46 23.5 0.0  ;
64 19.47 32.54 0.0  ;
65 19.98 31.75 0.0  ;
73 21.72 32.54 0.0  ;
74 22.23 31.75 0.0  ;
75 27.57 23.5 0.0  ;
82 23.97 32.54 0.0  ;
83 24.48 31.75 0.0  ;
84 29.82 23.5 0.0  ;
92 25.15 31.75 0.0  ;
93 30.49 23.5 0.0  ;
100 25.47 32.54 0.0  ;
101 25.98 31.75 0.0  ;
102 31.32 23.5 0.0  ;
109 26.05 32.54 0.0  ;
111 31.9 23.5 0.0  ;
118 26.3 32.54 0.0  ;
119 26.81 31.75 0.0  ;
120 32.15 23.5 0.0  ;
127 26.97 32.54 0.0  ;
128 27.48 31.75 0.0  ;
136 33.65 32.54 0.0  ;
137 34.16 31.75 0.0  ;
138 39.49 23.5 0.0  ;
145 40.32 32.54 0.0  ;
146 40.83 31.75 0.0  ;
147 46.16 23.5 0.0  ;
155 44.84 31.75 0.0  ;
156 50.17 23.5 0.0  ;
163 48.33 32.54 0.0  ;
164 48.84 31.75 0.0  ;
165 54.18 23.5 0.0  ;
172 51.79 32.54 0.0  ;
174 57.63 23.5 0.0  ;
181 53.67 32.54 0.0  ;
182 54.18 31.75 0.0  ;
183 59.51 23.5 0.0  ;
190 59.76 32.54 0.0  ;
191 60.27 31.75 0.0  ;
199 65.85 32.54 0.0  ;
200 66.36 31.75 0.0  ;
201 71.69 23.5 0.0  ;
208 69.86 32.54 0.0  ;
209 70.37 31.75 0.0  ;
210 75.7 23.5 0.0  ;
218 74.37 31.75 0.0  ;
219 79.7 23.5 0.0  ;
226 79.19 32.54 0.0  ;
227 79.7 31.75 0.0  ;
235 85.28 32.54 0.0  ;
496 -20.53 32.25 -0.35  ;
497 -14.67 32.25 -0.35  ;
498 -8.8 32.25 -0.35  ;
499 -2.94 32.25 -0.35  ;
500 2.4 32.25 -0.35  ;
502 14.12 32.25 -0.35  ;
503 19.98 32.25 -0.35  ;
504 22.23 32.25 -0.35  ;
505 24.16 32.25 -0.35  ;
506 25.15 32.25 -0.35  ;
507 25.98 32.25 -0.35  ;
509 26.81 32.54 -0.35  ;
510 26.97 32.54 -0.35  ;
511 34.16 32.54 -0.35  ;
512 40.83 32.54 -0.35  ;
513 44.84 32.54 -0.35  ;
515 52.3 32.54 -0.35  ;
516 54.18 32.54 -0.35  ;
517 60.27 32.54 -0.35  ;
518 66.36 32.54 -0.35  ;
519 70.37 32.54 -0.35  ;
521 79.7 32.54 -0.35  ;
522 85.79 32.54 -0.35  ;
551 -20.53 31.75 -0.35  ;
553 -8.8 31.75 -0.35  ;
554 -2.94 31.75 -0.35  ;
555 2.4 31.75 -0.35  ;
556 8.26 31.75 -0.35  ;
557 14.12 31.75 -0.35  ;
559 22.23 31.75 -0.35  ;
560 24.48 31.75 -0.35  ;
561 25.15 31.75 -0.35  ;
562 25.98 31.75 -0.35  ;
563 26.56 31.75 -0.35  ;
564 26.81 31.75 -0.35  ;
566 34.16 31.75 -0.35  ;
567 40.83 31.75 -0.35  ;
568 44.84 31.75 -0.35  ;
569 48.84 31.75 -0.35  ;
570 52.3 31.75 -0.35  ;
572 60.27 31.75 -0.35  ;
573 66.36 31.75 -0.35  ;
574 70.37 31.75 -0.35  ;
575 74.37 31.75 -0.35  ;
576 79.7 31.75 -0.35  ;
606 -20.53 31.25 -0.35  ;
607 -14.67 31.25 -0.35  ;
608 -8.8 31.25 -0.35  ;
610 2.4 31.25 -0.35  ;
611 8.26 31.25 -0.35  ;
612 14.12 31.25 -0.35  ;
613 19.98 31.25 -0.35  ;
614 22.23 31.25 -0.35  ;
616 25.15 31.25 -0.35  ;
617 25.98 31.25 -0.35  ;
618 26.56 31.25 -0.35  ;
619 26.81 30.96 -0.35  ;
620 27.99 30.96 -0.35  ;
622 40.83 30.96 -0.35  ;
623 44.84 30.96 -0.35  ;
624 48.84 30.96 -0.35  ;
625 52.3 30.96 -0.35  ;
626 54.18 30.96 -0.35  ;
627 60.27 30.96 -0.35  ;
629 70.37 30.96 -0.35  ;
630 74.37 30.96 -0.35  ;
631 79.7 30.96 -0.35  ;
632 85.79 30.96 -0.35  ;
661 -15.19 24.0 -0.35  ;
662 -9.33 24.0 -0.35  ;
663 -3.46 24.0 -0.35  ;
664 2.4 24.0 -0.35  ;
665 7.73 24.0 -0.35  ;
667 19.46 24.0 -0.35  ;
668 25.32 24.0 -0.35  ;
669 27.57 24.0 -0.35  ;
670 29.5 24.0 -0.35  ;
671 30.49 24.0 -0.35  ;
673 31.9 24.0 -0.35  ;
674 32.15 24.29 -0.35  ;
675 32.31 24.29 -0.35  ;
676 39.49 24.29 -0.35  ;
677 46.16 24.29 -0.35  ;
679 54.18 24.29 -0.35  ;
680 57.63 24.29 -0.35  ;
681 59.51 24.29 -0.35  ;
682 65.6 24.29 -0.35  ;
683 71.69 24.29 -0.35  ;
684 75.7 24.29 -0.35  ;
717 -9.33 23.5 -0.35  ;
718 -3.46 23.5 -0.35  ;
719 2.4 23.5 -0.35  ;
720 7.73 23.5 -0.35  ;
723 25.32 23.5 -0.35  ;
724 27.57 23.5 -0.35  ;
725 29.82 23.5 -0.35  ;
726 30.49 23.5 -0.35  ;
727 31.32 23.5 -0.35  ;
728 31.9 23.5 -0.35  ;
730 32.82 23.5 -0.35  ;
731 39.49 23.5 -0.35  ;
732 46.16 23.5 -0.35  ;
733 50.17 23.5 -0.35  ;
734 54.18 23.5 -0.35  ;
736 59.51 23.5 -0.35  ;
737 65.6 23.5 -0.35  ;
738 71.69 23.5 -0.35  ;
739 75.7 23.5 -0.35  ;
740 79.7 23.5 -0.35  ;
771 -15.19 23.0 -0.35  ;
772 -9.33 23.0 -0.35  ;
774 2.4 23.0 -0.35  ;
775 7.73 23.0 -0.35  ;
776 13.59 23.0 -0.35  ;
777 19.46 23.0 -0.35  ;
778 25.32 23.0 -0.35  ;
780 30.14 23.0 -0.35  ;
781 30.49 23.0 -0.35  ;
782 31.32 23.0 -0.35  ;
783 31.9 23.0 -0.35  ;
784 32.15 22.71 -0.35  ;
785 33.33 22.71 -0.35  ;
787 46.16 22.71 -0.35  ;
788 50.17 22.71 -0.35  ;
789 54.18 22.71 -0.35  ;
790 57.63 22.71 -0.35  ;
791 59.51 22.71 -0.35  ;
793 71.69 22.71 -0.35  ;
794 75.7 22.71 -0.35  ;
795 79.7 22.71 -0.35  ;
1652 -14.67 32.25 -4.9  ;
1653 -8.8 32.25 -4.9  ;
1654 -2.94 32.25 -4.9  ;
1655 2.4 32.25 -4.9  ;
1656 8.26 32.25 -4.9  ;
1658 19.98 32.25 -4.9  ;
1659 22.23 32.25 -4.9  ;
1660 24.16 32.25 -4.9  ;
1661 25.15 32.25 -4.9  ;
1662 25.4 32.54 -4.9  ;
1663 25.98 32.54 -4.9  ;
1665 26.97 32.54 -4.9  ;
1666 34.16 32.54 -4.9  ;
1667 40.83 32.54 -4.9  ;
1668 44.84 32.54 -4.9  ;
1669 48.84 32.54 -4.9  ;
1671 54.18 32.54 -4.9  ;
1672 60.27 32.54 -4.9  ;
1673 66.36 32.54 -4.9  ;
1674 70.37 32.54 -4.9  ;
1675 74.37 32.54 -4.9  ;
1677 85.79 32.54 -4.9  ;
1706 -20.53 31.75 -4.9  ;
1707 -14.67 31.75 -4.9  ;
1709 -2.94 31.75 -4.9  ;
1710 2.4 31.75 -4.9  ;
1711 8.26 31.75 -4.9  ;
1712 14.12 31.75 -4.9  ;
1713 19.98 31.75 -4.9  ;
1715 24.48 31.75 -4.9  ;
1716 25.15 31.75 -4.9  ;
1717 25.4 31.75 -4.9  ;
1718 25.98 31.75 -4.9  ;
1719 26.81 31.75 -4.9  ;
1721 34.16 31.75 -4.9  ;
1722 40.83 31.75 -4.9  ;
1723 44.84 31.75 -4.9  ;
1724 48.84 31.75 -4.9  ;
1725 52.3 31.75 -4.9  ;
1726 54.18 31.75 -4.9  ;
1728 66.36 31.75 -4.9  ;
1729 70.37 31.75 -4.9  ;
1730 74.37 31.75 -4.9  ;
1731 79.7 31.75 -4.9  ;
1732 85.79 31.75 -4.9  ;
1761 -20.53 31.25 -4.9  ;
1762 -14.67 31.25 -4.9  ;
1763 -8.8 31.25 -4.9  ;
1764 -2.94 31.25 -4.9  ;
1766 8.26 31.25 -4.9  ;
1767 14.12 31.25 -4.9  ;
1768 19.98 31.25 -4.9  ;
1769 22.23 31.25 -4.9  ;
1770 24.8 31.25 -4.9  ;
1772 25.4 30.96 -4.9  ;
1773 25.98 30.96 -4.9  ;
1774 26.81 30.96 -4.9  ;
1775 27.99 30.96 -4.9  ;
1776 34.16 30.96 -4.9  ;
1778 44.84 30.96 -4.9  ;
1779 48.84 30.96 -4.9  ;
1780 52.3 30.96 -4.9  ;
1781 54.18 30.96 -4.9  ;
1782 60.27 30.96 -4.9  ;
1783 66.36 30.96 -4.9  ;
1785 74.37 30.96 -4.9  ;
1786 79.7 30.96 -4.9  ;
1787 85.79 30.96 -4.9  ;
1816 -15.19 24.0 -4.9  ;
1817 -9.33 24.0 -4.9  ;
1818 -3.46 24.0 -4.9  ;
1819 2.4 24.0 -4.9  ;
1820 7.73 24.0 -4.9  ;
1822 19.46 24.0 -4.9  ;
1823 25.32 24.0 -4.9  ;
1824 27.57 24.0 -4.9  ;
1825 29.5 24.0 -4.9  ;
1826 30.49 24.0 -4.9  ;
1827 30.74 24.29 -4.9  ;
1829 32.15 24.29 -4.9  ;
1830 32.31 24.29 -4.9  ;
1831 39.49 24.29 -4.9  ;
1832 46.16 24.29 -4.9  ;
1833 50.17 24.29 -4.9  ;
1835 57.63 24.29 -4.9  ;
1836 59.51 24.29 -4.9  ;
1837 65.6 24.29 -4.9  ;
1838 71.69 24.29 -4.9  ;
1839 75.7 24.29 -4.9  ;
1871 -15.19 23.5 -4.9  ;
1873 -3.46 23.5 -4.9  ;
1874 2.4 23.5 -4.9  ;
1875 7.73 23.5 -4.9  ;
1876 13.59 23.5 -4.9  ;
1877 19.46 23.5 -4.9  ;
1879 27.57 23.5 -4.9  ;
1880 29.82 23.5 -4.9  ;
1881 30.49 23.5 -4.9  ;
1882 30.74 23.5 -4.9  ;
1883 31.32 23.5 -4.9  ;
1884 32.15 23.5 -4.9  ;
1886 39.49 23.5 -4.9  ;
1887 46.16 23.5 -4.9  ;
1888 50.17 23.5 -4.9  ;
1889 54.18 23.5 -4.9  ;
1890 57.63 23.5 -4.9  ;
1892 65.6 23.5 -4.9  ;
1893 71.69 23.5 -4.9  ;
1894 75.7 23.5 -4.9  ;
1895 79.7 23.5 -4.9  ;
1926 -15.19 23.0 -4.9  ;
1927 -9.33 23.0 -4.9  ;
1928 -3.46 23.0 -4.9  ;
1930 7.73 23.0 -4.9  ;
1931 13.59 23.0 -4.9  ;
1932 19.46 23.0 -4.9  ;
1933 25.32 23.0 -4.9  ;
1934 27.57 23.0 -4.9  ;
1936 30.49 23.0 -4.9  ;
1937 30.74 22.71 -4.9  ;
1938 31.32 22.71 -4.9  ;
1939 32.15 22.71 -4.9  ;
1940 33.33 22.71 -4.9  ;
1942 46.16 22.71 -4.9  ;
1943 50.17 22.71 -4.9  ;
1944 54.18 22.71 -4.9  ;
1945 57.63 22.71 -4.9  ;
1946 59.51 22.71 -4.9  ;
1947 65.6 22.71 -4.9  ;
1949 75.7 22.71 -4.9  ;
1950 79.7 22.71 -4.9  ;
2806 -20.53 31.75 -0.77  ;
2808 -8.8 31.75 -0.77  ;
2809 -2.94 31.75 -0.77  ;
2810 2.4 31.75 -0.77  ;
2811 8.26 31.75 -0.77  ;
2812 14.12 31.75 -0.77  ;
2814 22.23 31.75 -0.77  ;
2815 24.48 31.75 -0.77  ;
2816 25.15 31.75 -0.77  ;
2817 25.98 31.75 -0.77  ;
2818 26.56 31.75 -0.77  ;
2820 27.48 31.75 -0.77  ;
2821 34.16 31.75 -0.77  ;
2822 40.83 31.75 -0.77  ;
2823 44.84 31.75 -0.77  ;
2824 48.84 31.75 -0.77  ;
2825 52.3 31.75 -0.77  ;
2827 60.27 31.75 -0.77  ;
2828 66.36 31.75 -0.77  ;
2829 70.37 31.75 -0.77  ;
2830 74.37 31.75 -0.77  ;
2831 79.7 31.75 -0.77  ;
2861 -20.53 31.75 -3.39  ;
2862 -14.67 31.75 -3.39  ;
2863 -8.8 31.75 -3.39  ;
2865 2.4 31.75 -3.39  ;
2866 8.26 31.75 -3.39  ;
2867 14.12 31.75 -3.39  ;
2868 19.98 31.75 -3.39  ;
2869 22.23 31.75 -3.39  ;
2871 25.15 31.75 -3.39  ;
2872 25.98 31.75 -2.5  ;
2873 26.56 31.75 -1.87  ;
2874 25.4 31.75 -3.39  ;
2875 25.98 31.75 -2.76  ;
2877 27.48 31.75 -1.87  ;
2878 34.16 31.75 -1.87  ;
2879 40.83 31.75 -1.87  ;
2880 44.84 31.75 -1.87  ;
2883 54.18 31.75 -1.87  ;
2884 60.27 31.75 -1.87  ;
2885 66.36 31.75 -1.87  ;
2886 70.37 31.75 -1.87  ;
2920 -20.53 31.75 -4.48  ;
2921 -14.67 31.75 -4.48  ;
2922 -8.8 31.75 -4.48  ;
2923 -2.94 31.75 -4.48  ;
2924 2.4 31.75 -4.48  ;
2925 8.26 31.75 -4.48  ;
2926 14.12 31.75 -4.48  ;
2927 19.98 31.75 -4.48  ;
2928 22.23 31.75 -4.48  ;
2929 24.48 31.75 -4.48  ;
2930 25.15 31.75 -4.48  ;
2931 25.4 31.75 -4.48  ;
2932 25.98 31.75 -4.48  ;
2933 26.81 31.75 -4.48  ;
2934 27.48 31.75 -4.48  ;
2935 34.16 31.75 -4.48  ;
2936 40.83 31.75 -4.48  ;
2937 44.84 31.75 -4.48  ;
2938 48.84 31.75 -4.48  ;
2940 54.18 31.75 -4.48  ;
2941 60.27 31.75 -4.48  ;
2942 66.36 31.75 -4.48  ;
2943 70.37 31.75 -4.48  ;
2944 74.37 31.75 -4.48  ;
2945 79.7 31.75 -4.48  ;
2975 -15.19 23.5 -0.77  ;
2976 -9.33 23.5 -0.77  ;
2978 2.4 23.5 -0.77  ;
2979 7.73 23.5 -0.77  ;
2980 13.59 23.5 -0.77  ;
2981 19.46 23.5 -0.77  ;
2982 25.32 23.5 -0.77  ;
2983 27.57 23.5 -0.77  ;
2985 30.49 23.5 -0.77  ;
2986 31.32 23.5 -0.77  ;
2987 31.9 23.5 -0.77  ;
2988 32.15 23.5 -0.77  ;
2989 32.82 23.5 -0.77  ;
2991 46.16 23.5 -0.77  ;
2992 50.17 23.5 -0.77  ;
2993 54.18 23.5 -0.77  ;
2994 57.63 23.5 -0.77  ;
2995 59.51 23.5 -0.77  ;
2997 71.69 23.5 -0.77  ;
2998 75.7 23.5 -0.77  ;
2999 79.7 23.5 -0.77  ;
3030 -15.19 23.5 -3.39  ;
3031 -9.33 23.5 -3.39  ;
3032 -3.46 23.5 -3.39  ;
3033 2.4 23.5 -3.39  ;
3035 13.59 23.5 -3.39  ;
3036 19.46 23.5 -3.39  ;
3037 25.32 23.5 -3.39  ;
3038 27.57 23.5 -3.39  ;
3039 29.82 23.5 -3.39  ;
3041 31.32 23.5 -2.5  ;
3042 31.9 23.5 -1.87  ;
3043 30.74 23.5 -3.39  ;
3044 31.32 23.5 -2.76  ;
3045 32.15 23.5 -1.87  ;
3046 32.82 23.5 -1.87  ;
3048 46.16 23.5 -1.87  ;
3049 50.17 23.5 -1.87  ;
3050 54.18 23.5 -1.87  ;
3051 57.63 23.5 -1.87  ;
3052 59.51 23.5 -1.87  ;
3054 71.69 23.5 -1.87  ;
3055 75.7 23.5 -1.87  ;
3056 79.7 23.5 -1.87  ;
3089 -15.19 23.5 -4.48  ;
3090 -9.33 23.5 -4.48  ;
3092 2.4 23.5 -4.48  ;
3093 7.73 23.5 -4.48  ;
3094 13.59 23.5 -4.48  ;
3095 19.46 23.5 -4.48  ;
3096 25.32 23.5 -4.48  ;
3098 29.82 23.5 -4.48  ;
3099 30.49 23.5 -4.48  ;
3100 30.74 23.5 -4.48  ;
3101 31.32 23.5 -4.48  ;
3102 32.15 23.5 -4.48  ;
3103 32.82 23.5 -4.48  ;
3105 46.16 23.5 -4.48  ;
3106 50.17 23.5 -4.48  ;
3107 54.18 23.5 -4.48  ;
3108 57.63 23.5 -4.48  ;
3109 59.51 23.5 -4.48  ;
3111 71.69 23.5 -4.48  ;
3112 75.7 23.5 -4.48  ;
3113 79.7 23.5 -4.48  ;
4034 26.05 32.38 0.0  ;
4035 26.56 31.59 0.0  ;
4036 31.9 23.34 0.0  ;
4043 26.24 31.75 -2.76  ;
4058 25.98 31.901 -4.48  ;
4059 31.32 23.651 -0.77  ;
4060 31.32 23.651 -4.48  ;
4085 25.98 31.599 -0.77  ;
4086 25.98 31.599 -4.48  ;
4087 31.32 23.349 -0.77  ;
4088 31.32 23.349 -4.48  ;
4113 2.4 30.75 -4.48  ;
4115 7.73 22.5 -4.48  ;
4121 59.51 22.5 -4.48  ;
4126 79.7 30.75 -4.48  ;
4150 2.4 24.5 -4.48  ;
4156 54.18 24.5 -4.48  ;
4162 79.7 24.5 -4.48  ;
4186 2.4 29.5 -4.48  ;
4187 2.4 28.25 -4.48  ;
4188 2.4 27.0 -4.48  ;
4189 2.4 25.75 -4.48  ;
4191 7.73 20.0 -4.48  ;
4192 7.73 18.75 -4.48  ;
4210 54.18 29.5 -4.48  ;
4211 54.18 28.25 -4.48  ;
4212 54.18 27.0 -4.48  ;
4213 54.18 25.75 -4.48  ;
4214 59.51 21.25 -4.48  ;
4235 79.7 28.25 -4.48  ;
4236 79.7 27.0 -4.48  ;
4237 79.7 25.75 -4.48  ;
4330 2.4 30.75 -4.03  ;
4331 7.73 22.5 -4.03  ;
4336 54.18 30.75 -4.03  ;
4337 59.51 22.5 -4.03  ;
4342 79.7 30.75 -4.03  ;
4366 2.4 28.13 -2.85  ;
4368 7.73 19.88 -2.85  ;
4369 7.73 19.38 -2.63  ;
4378 54.18 28.13 -2.85  ;
4380 59.51 19.88 -2.85  ;
4390 79.7 28.13 -2.85  ;
4391 79.7 27.63 -2.63  ;
4438 2.4 27.13 -2.41  ;
4439 7.73 18.88 -2.41  ;
4444 54.18 27.13 -2.41  ;
4450 79.7 27.13 -2.41  ;
4486 79.7 24.5 -1.22  ;
4510 2.4 30.75 -1.22  ;
4511 7.73 22.5 -1.22  ;
4516 54.18 30.75 -1.22  ;
4517 59.51 22.5 -1.22  ;
4522 79.7 30.75 -1.22  ;
4546 2.4 28.13 -2.41  ;
4547 7.73 19.88 -2.41  ;
4552 54.18 28.13 -2.41  ;
4553 59.51 19.88 -2.41  ;
4558 79.7 28.13 -2.41  ;
4582 2.4 27.13 -2.85  ;
4583 7.73 18.88 -2.85  ;
4618 2.4 24.5 -4.03  ;
4624 54.18 24.5 -4.03  ;
4630 79.7 24.5 -4.03  ;
4654 2.4 30.226 -3.794  ;
4655 2.4 29.702 -3.558  ;
4656 2.4 29.178 -3.322  ;
4658 7.73 21.976 -3.794  ;
4659 7.73 21.452 -3.558  ;
4660 7.73 20.928 -3.322  ;
4661 7.73 20.404 -3.086  ;
4678 54.18 30.226 -3.794  ;
4679 54.18 29.702 -3.558  ;
4680 54.18 29.178 -3.322  ;
4683 59.51 21.452 -3.558  ;
4684 59.51 20.928 -3.322  ;
4685 59.51 20.404 -3.086  ;
4702 79.7 30.226 -3.794  ;
4703 79.7 29.702 -3.558  ;
4704 79.7 29.178 -3.322  ;
4705 79.7 28.654 -3.086  ;
4798 2.4 26.604 -2.172  ;
4799 2.4 26.078 -1.934  ;
4800 2.4 25.552 -1.696  ;
4822 54.18 26.604 -2.172  ;
4823 54.18 26.078 -1.934  ;
4824 54.18 25.552 -1.696  ;
4825 54.18 25.026 -1.458  ;
4846 79.7 26.604 -2.172  ;
4848 79.7 25.552 -1.696  ;
4849 79.7 25.026 -1.458  ;
4942 2.4 30.226 -1.458  ;
4943 2.4 29.702 -1.696  ;
4944 2.4 29.178 -1.934  ;
4945 2.4 28.654 -2.172  ;
4946 7.73 21.976 -1.458  ;
4947 7.73 21.452 -1.696  ;
4949 7.73 20.404 -2.172  ;
4966 54.18 30.226 -1.458  ;
4968 54.18 29.178 -1.934  ;
4969 54.18 28.654 -2.172  ;
4970 59.51 21.976 -1.458  ;
4971 59.51 21.452 -1.696  ;
4972 59.51 20.928 -1.934  ;
4990 79.7 30.226 -1.458  ;
4991 79.7 29.702 -1.696  ;
4993 79.7 28.654 -2.172  ;
5086 2.4 26.604 -3.086  ;
5088 2.4 25.552 -3.558  ;
5089 2.4 25.026 -3.794  ;
5110 54.18 26.604 -3.086  ;
5111 54.18 26.078 -3.322  ;
5113 54.18 25.026 -3.794  ;
5134 79.7 26.604 -3.086  ;
5135 79.7 26.078 -3.322  ;
5136 79.7 25.552 -3.558  ;
5230 20.63 30.75 -0.77  ;
5231 19.98 31.75 1.0  ;
5233 25.32 23.5 1.0  ;
5242 24.67 24.5 -0.77  ;
5260 20.63 30.75 -4.48  ;
5262 25.97 22.5 -4.48  ;
5272 24.67 24.5 -4.48  ;
5290 21.438 29.5 -0.77  ;
5291 22.246 28.25 -0.77  ;
5292 23.054 27.0 -0.77  ;
5293 23.862 25.75 -0.77  ;
5294 26.776 21.25 -0.77  ;
5338 21.438 29.5 -4.48  ;
5340 23.054 27.0 -4.48  ;
5341 23.862 25.75 -4.48  ;
5342 26.776 21.25 -4.48  ;
5343 27.582 20.0 -4.48  ;
5386 20.63 30.75 -1.22  ;
5387 20.82 31.01 0.17  ;
5388 25.97 22.5 -1.22  ;
5389 26.16 22.76 0.17  ;
5398 22.325 28.13 -2.41  ;
5399 22.65 27.63 -2.63  ;
5400 27.665 19.88 -2.41  ;
5435 20.82 32.49 -3.54  ;
5436 25.97 22.5 -4.03  ;
5437 26.16 24.24 -3.54  ;
5446 22.325 28.13 -2.85  ;
5470 22.975 27.13 -2.41  ;
5471 23.49 28.37 -1.69  ;
5473 28.83 20.12 -1.69  ;
5482 24.67 24.5 -1.22  ;
5506 22.975 27.13 -2.85  ;
5507 23.49 26.89 -1.69  ;
5518 24.67 24.5 -4.03  ;
5542 20.969 30.226 -1.458  ;
5543 21.308 29.702 -1.696  ;
5544 21.647 29.178 -1.934  ;
5545 21.986 28.654 -2.172  ;
5546 26.309 21.976 -1.458  ;
5547 26.648 21.452 -1.696  ;
5549 27.326 20.404 -2.172  ;
5590 20.969 30.226 -3.794  ;
5591 21.308 29.702 -3.558  ;
5593 21.986 28.654 -3.086  ;
5594 26.309 21.976 -3.794  ;
5595 26.648 21.452 -3.558  ;
5596 26.987 20.928 -3.322  ;
5597 27.326 20.404 -3.086  ;
5638 23.314 26.604 -2.172  ;
5639 23.653 26.078 -1.934  ;
5640 23.992 25.552 -1.696  ;
5686 23.314 26.604 -3.086  ;
5688 23.992 25.552 -3.558  ;
5689 24.331 25.026 -3.794  ;
5734 25.13 30.75 -0.77  ;
5735 24.48 31.75 1.0  ;
5736 28.13 30.75 -0.77  ;
5738 30.47 22.5 -0.77  ;
5739 29.82 23.5 1.0  ;
5740 33.47 22.5 -0.77  ;
5741 32.82 23.5 1.0  ;
5782 26.71 28.31 -0.77  ;
5783 27.15 27.63 -0.77  ;
5784 27.15 27.63 1.0  ;
5785 29.71 28.31 -0.77  ;
5786 30.15 27.63 -0.77  ;
5787 30.15 27.63 1.0  ;
5789 32.49 19.38 -0.77  ;
5790 32.49 19.38 1.0  ;
5791 35.05 20.06 -0.77  ;
5792 35.49 19.38 -0.77  ;
5793 35.49 19.38 1.0  ;
5854 27.59 26.95 -0.77  ;
5855 30.59 26.95 -0.77  ;
5878 29.17 24.5 -0.77  ;
5879 32.17 24.5 -0.77  ;
5902 25.446 30.262 -0.77  ;
5903 25.762 29.774 -0.77  ;
5904 26.078 29.286 -0.77  ;
5905 26.394 28.798 -0.77  ;
5906 28.446 30.262 -0.77  ;
5907 28.762 29.774 -0.77  ;
5909 29.394 28.798 -0.77  ;
5910 30.786 22.012 -0.77  ;
5911 31.102 21.524 -0.77  ;
5912 31.418 21.036 -0.77  ;
5913 31.734 20.548 -0.77  ;
5915 34.102 21.524 -0.77  ;
5916 34.418 21.036 -0.77  ;
5917 34.734 20.548 -0.77  ;
5998 27.906 26.46 -0.77  ;
5999 28.222 25.97 -0.77  ;
6000 28.538 25.48 -0.77  ;
6003 31.222 25.97 -0.77  ;
6004 31.538 25.48 -0.77  ;
6005 31.854 24.99 -0.77  ;
6094 25.13 30.75 -3.58  ;
6095 25.27 32.46 -3.62  ;
6096 28.13 30.75 -3.58  ;
6098 30.47 22.5 -3.58  ;
6099 30.61 24.21 -3.62  ;
6100 33.47 22.5 -3.58  ;
6101 33.61 24.21 -3.62  ;
6142 27.59 26.95 -1.38  ;
6143 27.94 26.92 0.09  ;
6144 30.59 26.95 -1.38  ;
6145 30.94 26.92 0.09  ;
6190 25.13 30.75 -4.48  ;
6191 28.13 30.75 -4.48  ;
6193 33.47 22.5 -4.48  ;
6214 26.71 28.31 -1.38  ;
6215 29.71 28.31 -1.38  ;
6216 32.05 20.06 -1.38  ;
6238 29.17 24.5 -3.58  ;
6239 32.17 24.5 -3.58  ;
6262 29.17 24.5 -4.48  ;
6263 32.17 24.5 -4.48  ;
6286 25.446 30.262 -3.14  ;
6288 26.078 29.286 -2.26  ;
6289 26.394 28.798 -1.82  ;
6290 28.446 30.262 -3.14  ;
6291 28.762 29.774 -2.7  ;
6292 29.078 29.286 -2.26  ;
6294 30.786 22.012 -3.14  ;
6295 31.102 21.524 -2.7  ;
6296 31.418 21.036 -2.26  ;
6297 31.734 20.548 -1.82  ;
6298 33.786 22.012 -3.14  ;
6300 34.418 21.036 -2.26  ;
6301 34.734 20.548 -1.82  ;
6382 27.906 26.46 -1.82  ;
6383 28.222 25.97 -2.26  ;
6384 28.538 25.48 -2.7  ;
6385 28.854 24.99 -3.14  ;
6386 30.906 26.46 -1.82  ;
6387 31.222 25.97 -2.26  ;
6389 31.854 24.99 -3.14  ;
6478 25.938 29.5 -4.48  ;
6479 26.746 28.25 -4.48  ;
6480 27.554 27.0 -4.48  ;
6483 29.746 28.25 -4.48  ;
6484 30.554 27.0 -4.48  ;
6485 31.362 25.75 -4.48  ;
6486 31.276 21.25 -4.48  ;
6487 32.082 20.0 -4.48  ;
6490 34.276 21.25 -4.48  ;
6491 35.082 20.0 -4.48  ;
6574 33.79 24.5 -4.48  ;
6592 39.86 30.75 -4.48  ;
6593 40.054 30.95 -4.48  ;
6594 40.248 31.15 -4.48  ;
6595 40.442 31.35 -4.48  ;
6612 35.004 25.75 -4.48  ;
6613 36.218 27.0 -4.48  ;
6614 37.432 28.25 -4.48  ;
6629 40.83 31.75 1.0  ;
6630 55.66 24.5 -4.48  ;
6631 54.18 23.5 1.0  ;
6632 67.98 30.75 -4.48  ;
6633 66.36 31.75 1.0  ;
6635 80.292 23.9 -4.48  ;
6636 80.588 24.1 -4.48  ;
6637 80.884 24.3 -4.48  ;
6638 81.18 24.5 -4.48  ;
6639 79.7 23.5 1.0  ;
6712 52.56 24.5 -4.48  ;
6713 52.884 24.3 -4.48  ;
6714 53.208 24.1 -4.48  ;
6715 53.532 23.9 -4.48  ;
6717 64.88 30.75 -4.48  ;
6718 65.176 30.95 -4.48  ;
6719 65.472 31.15 -4.48  ;
6720 65.768 31.35 -4.48  ;
6723 78.404 24.3 -4.48  ;
6724 78.728 24.1 -4.48  ;
6725 79.052 23.9 -4.48  ;
6726 79.376 23.7 -4.48  ;
6793 46.494 28.25 -4.48  ;
6794 48.516 27.0 -4.48  ;
6795 50.538 25.75 -4.48  ;
6796 57.504 25.75 -4.48  ;
6797 59.348 27.0 -4.48  ;
6799 63.036 29.5 -4.48  ;
6800 70.0 29.5 -4.48  ;
6801 72.02 28.25 -4.48  ;
6802 74.04 27.0 -4.48  ;
6803 76.06 25.75 -4.48  ;
6804 83.024 25.75 -4.48  ;
6856 25.98 31.901 -1.512  ;
6857 25.98 31.901 -2.254  ;
6858 25.98 31.901 -2.996  ;
6859 25.98 31.901 -3.738  ;
6860 25.98 35.0 -0.77  ;
6862 31.32 23.651 -2.254  ;
6863 31.32 23.651 -2.996  ;
6864 31.32 23.651 -3.738  ;
6865 31.32 35.0 -0.77  ;
6870 36.65 35.0 -0.77  ;
6875 41.98 35.0 -0.77  ;
6885 52.65 35.0 -0.77  ;
6890 57.99 35.0 -0.77  ;
6926 25.98 31.599 -1.512  ;
6927 25.98 31.599 -2.254  ;
6928 25.98 31.599 -2.996  ;
6929 25.98 31.599 -3.738  ;
6930 31.32 23.349 -1.512  ;
6932 31.32 23.349 -2.996  ;
6933 31.32 23.349 -3.738  ;
6982 -20.785 32.145 0.0  ;
6983 -17.6 31.75 0.0  ;
6984 -14.925 32.145 0.0  ;
6985 -18.11 32.54 0.0  ;
6986 -17.86 27.625 0.0  ;
6987 -12.26 23.5 0.0  ;
6989 -12.525 19.375 0.0  ;
6991 -6.665 19.375 0.0  ;
7008 -9.055 32.145 0.0  ;
7009 -12.245 32.54 0.0  ;
7010 -6.395 23.5 0.0  ;
7011 -6.13 27.625 0.0  ;
7024 -5.87 31.75 0.0  ;
7025 -3.195 32.145 0.0  ;
7027 -0.53 23.5 0.0  ;
7028 -0.27 27.625 0.0  ;
7030 5.065 19.375 0.0  ;
7041 -0.27 31.75 0.0  ;
7042 2.145 32.145 0.0  ;
7043 -0.78 32.54 0.0  ;
7044 5.065 23.5 0.0  ;
7047 10.395 19.375 0.0  ;
7058 5.33 31.75 0.0  ;
7059 8.005 32.145 0.0  ;
7060 4.82 32.54 0.0  ;
7061 10.66 23.5 0.0  ;
7062 10.925 27.625 0.0  ;
7075 11.19 31.75 0.0  ;
7077 10.68 32.54 0.0  ;
7078 16.525 23.5 0.0  ;
7079 16.79 27.625 0.0  ;
7092 17.05 31.75 0.0  ;
7093 19.725 32.145 0.0  ;
7094 16.54 32.54 0.0  ;
7096 22.65 27.625 0.0  ;
7098 27.985 19.375 0.0  ;
7109 21.105 31.75 0.0  ;
7110 21.975 32.145 0.0  ;
7111 20.595 32.54 0.0  ;
7112 26.445 23.5 0.0  ;
7113 24.9 27.625 0.0  ;
7115 30.235 19.375 0.0  ;
7126 23.355 31.75 0.0  ;
7128 22.845 32.54 0.0  ;
7129 28.695 23.5 0.0  ;
7130 27.15 27.625 0.0  ;
7132 32.485 19.375 0.0  ;
7143 24.815 31.75 0.0  ;
7144 24.895 32.145 0.0  ;
7145 24.305 32.54 0.0  ;
7147 27.82 27.625 0.0  ;
7149 33.155 19.375 0.0  ;
7160 25.565 31.75 0.0  ;
7161 25.725 32.145 0.0  ;
7162 25.055 32.54 0.0  ;
7163 30.905 23.5 0.0  ;
7164 28.65 27.625 0.0  ;
7166 33.985 19.375 0.0  ;
7178 26.305 32.145 0.0  ;
7179 25.76 32.54 0.0  ;
7180 31.61 23.5 0.0  ;
7181 29.23 27.625 0.0  ;
7183 34.565 19.375 0.0  ;
7194 26.555 32.145 0.0  ;
7195 27.145 31.75 0.0  ;
7197 26.635 32.54 0.0  ;
7198 29.48 27.625 0.0  ;
7199 32.485 23.5 0.0  ;
7200 30.15 27.625 0.0  ;
7203 35.485 19.375 0.0  ;
7219 30.82 31.75 0.0  ;
7220 33.905 32.145 0.0  ;
7222 36.155 23.5 0.0  ;
7223 36.825 27.625 0.0  ;
7225 42.16 19.375 0.0  ;
7236 37.495 31.75 0.0  ;
7237 40.575 32.145 0.0  ;
7238 36.985 32.54 0.0  ;
7239 42.825 23.5 0.0  ;
7254 44.585 32.145 0.0  ;
7255 42.325 32.54 0.0  ;
7256 48.165 23.5 0.0  ;
7257 47.505 27.625 0.0  ;
7270 46.84 31.75 0.0  ;
7271 48.585 32.145 0.0  ;
7273 52.175 23.5 0.0  ;
7274 51.51 27.625 0.0  ;
7287 50.57 31.75 0.0  ;
7288 52.045 32.145 0.0  ;
7289 50.06 32.54 0.0  ;
7290 55.905 23.5 0.0  ;
7305 53.925 32.145 0.0  ;
7306 52.73 32.54 0.0  ;
7307 58.57 23.5 0.0  ;
7308 56.845 27.625 0.0  ;
7323 56.715 32.54 0.0  ;
7324 62.555 23.5 0.0  ;
7325 62.935 27.625 0.0  ;
7338 63.315 31.75 0.0  ;
7339 66.105 32.145 0.0  ;
7340 62.805 32.54 0.0  ;
7342 69.025 27.625 0.0  ;
7355 68.365 31.75 0.0  ;
7356 70.115 32.145 0.0  ;
7357 67.855 32.54 0.0  ;
7358 73.695 23.5 0.0  ;
7359 73.035 27.625 0.0  ;
7372 72.37 31.75 0.0  ;
7374 71.86 32.54 0.0  ;
7375 77.7 23.5 0.0  ;
7376 77.035 27.625 0.0  ;
7389 77.035 31.75 0.0  ;
7390 79.445 32.145 0.0  ;
7391 76.525 32.54 0.0  ;
7393 82.365 27.625 0.0  ;
7406 82.745 31.75 0.0  ;
7407 85.535 32.145 0.0  ;
7408 82.235 32.54 0.0  ;
7890 -20.53 32.0 -4.9  ;
7892 -14.67 32.0 -4.9  ;
7893 -17.6 32.25 -4.9  ;
7894 -11.735 31.75 -4.9  ;
7895 -8.8 32.0 -4.9  ;
7896 -11.735 32.25 -4.9  ;
7898 -2.94 32.0 -4.9  ;
7899 -5.87 32.25 -4.9  ;
7900 -0.27 31.75 -4.9  ;
7901 2.4 32.0 -4.9  ;
7902 -0.27 32.25 -4.9  ;
7903 5.33 31.75 -4.9  ;
7905 5.33 32.25 -4.9  ;
7906 11.19 31.75 -4.9  ;
7907 14.12 32.0 -4.9  ;
7908 11.19 32.25 -4.9  ;
7909 17.05 31.75 -4.9  ;
7911 17.05 32.25 -4.9  ;
7912 21.105 31.75 -4.9  ;
7913 22.23 32.0 -4.9  ;
7914 21.105 32.25 -4.9  ;
7915 23.355 31.75 -4.9  ;
7917 23.195 32.25 -4.9  ;
7918 24.815 31.75 -4.9  ;
7919 25.15 32.0 -4.9  ;
7920 24.655 32.25 -4.9  ;
7923 25.98 32.145 -4.9  ;
7924 25.69 32.54 -4.9  ;
7925 26.395 31.75 -4.9  ;
7926 26.81 32.145 -4.9  ;
7927 26.395 32.54 -4.9  ;
7928 27.145 31.75 -4.9  ;
7930 26.89 32.54 -4.9  ;
7931 30.82 31.75 -4.9  ;
7932 34.16 32.145 -4.9  ;
7933 30.565 32.54 -4.9  ;
7934 37.495 31.75 -4.9  ;
7936 37.495 32.54 -4.9  ;
7937 42.835 31.75 -4.9  ;
7938 44.84 32.145 -4.9  ;
7939 42.835 32.54 -4.9  ;
7940 46.84 31.75 -4.9  ;
7942 46.84 32.54 -4.9  ;
7943 50.57 31.75 -4.9  ;
7944 52.3 32.145 -4.9  ;
7945 50.57 32.54 -4.9  ;
7946 53.24 31.75 -4.9  ;
7947 54.18 32.145 -4.9  ;
7949 57.225 31.75 -4.9  ;
7950 60.27 32.145 -4.9  ;
7951 57.225 32.54 -4.9  ;
7952 63.315 31.75 -4.9  ;
7953 66.36 32.145 -4.9  ;
7955 68.365 31.75 -4.9  ;
7956 70.37 32.145 -4.9  ;
7957 68.365 32.54 -4.9  ;
7958 72.37 31.75 -4.9  ;
7959 74.37 32.145 -4.9  ;
7961 77.035 31.75 -4.9  ;
7962 79.7 32.145 -4.9  ;
7963 77.035 32.54 -4.9  ;
7964 82.745 31.75 -4.9  ;
7965 85.79 32.145 -4.9  ;
7966 82.745 32.54 -4.9  ;
8050 -17.6 31.25 -4.9  ;
8051 -14.67 31.5 -4.9  ;
8052 -11.735 31.25 -4.9  ;
8053 -8.8 31.5 -4.9  ;
8054 -5.87 31.25 -4.9  ;
8056 -0.27 31.25 -4.9  ;
8057 2.4 31.5 -4.9  ;
8058 5.33 31.25 -4.9  ;
8059 8.26 31.5 -4.9  ;
8060 11.19 31.25 -4.9  ;
8062 17.05 31.25 -4.9  ;
8063 19.98 31.5 -4.9  ;
8064 21.105 31.25 -4.9  ;
8065 22.23 31.5 -4.9  ;
8066 23.515 31.25 -4.9  ;
8067 24.64 31.5 -4.9  ;
8069 25.15 31.5 -4.9  ;
8070 25.4 31.355 -4.9  ;
8071 25.69 30.96 -4.9  ;
8072 25.98 31.355 -4.9  ;
8073 26.395 30.96 -4.9  ;
8075 27.4 30.96 -4.9  ;
8076 27.735 31.355 -4.9  ;
8077 31.075 30.96 -4.9  ;
8078 34.16 31.355 -4.9  ;
8079 37.495 30.96 -4.9  ;
8081 42.835 30.96 -4.9  ;
8082 44.84 31.355 -4.9  ;
8083 46.84 30.96 -4.9  ;
8084 48.84 31.355 -4.9  ;
8085 50.57 30.96 -4.9  ;
8086 52.3 31.355 -4.9  ;
8088 54.18 31.355 -4.9  ;
8089 57.225 30.96 -4.9  ;
8090 60.27 31.355 -4.9  ;
8091 63.315 30.96 -4.9  ;
8092 66.36 31.355 -4.9  ;
8094 70.37 31.355 -4.9  ;
8095 72.37 30.96 -4.9  ;
8096 74.37 31.355 -4.9  ;
8097 77.035 30.96 -4.9  ;
8098 79.7 31.355 -4.9  ;
8100 85.79 31.355 -4.9  ;
8157 -12.26 23.5 -4.9  ;
8158 -9.33 23.75 -4.9  ;
8159 -12.26 24.0 -4.9  ;
8160 -6.395 23.5 -4.9  ;
8163 -0.53 23.5 -4.9  ;
8164 2.4 23.75 -4.9  ;
8165 -0.53 24.0 -4.9  ;
8166 5.065 23.5 -4.9  ;
8167 7.73 23.75 -4.9  ;
8168 5.065 24.0 -4.9  ;
8170 13.59 23.75 -4.9  ;
8171 10.66 24.0 -4.9  ;
8172 16.525 23.5 -4.9  ;
8173 19.46 23.75 -4.9  ;
8174 16.525 24.0 -4.9  ;
8176 25.32 23.75 -4.9  ;
8177 22.39 24.0 -4.9  ;
8178 26.445 23.5 -4.9  ;
8179 27.57 23.75 -4.9  ;
8180 26.445 24.0 -4.9  ;
8182 29.66 23.75 -4.9  ;
8183 28.535 24.0 -4.9  ;
8184 30.155 23.5 -4.9  ;
8185 30.49 23.75 -4.9  ;
8186 29.995 24.0 -4.9  ;
8187 30.74 23.895 -4.9  ;
8189 31.32 23.895 -4.9  ;
8190 31.03 24.29 -4.9  ;
8191 31.735 23.5 -4.9  ;
8192 32.15 23.895 -4.9  ;
8193 31.735 24.29 -4.9  ;
8195 32.565 23.895 -4.9  ;
8196 32.23 24.29 -4.9  ;
8197 36.155 23.5 -4.9  ;
8198 39.49 23.895 -4.9  ;
8199 35.9 24.29 -4.9  ;
8201 46.16 23.895 -4.9  ;
8202 42.825 24.29 -4.9  ;
8203 48.165 23.5 -4.9  ;
8204 50.17 23.895 -4.9  ;
8205 48.165 24.29 -4.9  ;
8206 52.175 23.5 -4.9  ;
8208 52.175 24.29 -4.9  ;
8209 55.905 23.5 -4.9  ;
8210 57.63 23.895 -4.9  ;
8211 55.905 24.29 -4.9  ;
8212 58.57 23.5 -4.9  ;
8214 58.57 24.29 -4.9  ;
8215 62.555 23.5 -4.9  ;
8216 65.6 23.895 -4.9  ;
8217 62.555 24.29 -4.9  ;
8218 68.645 23.5 -4.9  ;
8220 68.645 24.29 -4.9  ;
8221 73.695 23.5 -4.9  ;
8222 75.7 23.895 -4.9  ;
8223 73.695 24.29 -4.9  ;
8224 77.7 23.5 -4.9  ;
8225 79.7 23.895 -4.9  ;
8227 82.365 23.5 -4.9  ;
8229 82.365 24.29 -4.9  ;
8315 -15.19 23.25 -4.9  ;
8316 -12.26 23.0 -4.9  ;
8317 -9.33 23.25 -4.9  ;
8318 -6.395 23.0 -4.9  ;
8319 -3.46 23.25 -4.9  ;
8321 2.4 23.25 -4.9  ;
8322 5.065 23.0 -4.9  ;
8323 7.73 23.25 -4.9  ;
8324 10.66 23.0 -4.9  ;
8325 13.59 23.25 -4.9  ;
8326 16.525 23.0 -4.9  ;
8328 22.39 23.0 -4.9  ;
8329 25.32 23.25 -4.9  ;
8330 26.445 23.0 -4.9  ;
8331 27.57 23.25 -4.9  ;
8332 28.855 23.0 -4.9  ;
8334 30.315 23.0 -4.9  ;
8335 30.49 23.25 -4.9  ;
8336 30.74 23.105 -4.9  ;
8337 31.03 22.71 -4.9  ;
8338 31.32 23.105 -4.9  ;
8340 32.15 23.105 -4.9  ;
8341 32.74 22.71 -4.9  ;
8342 33.075 23.105 -4.9  ;
8343 36.41 22.71 -4.9  ;
8344 39.49 23.105 -4.9  ;
8345 42.825 22.71 -4.9  ;
8347 48.165 22.71 -4.9  ;
8348 50.17 23.105 -4.9  ;
8349 52.175 22.71 -4.9  ;
8350 54.18 23.105 -4.9  ;
8351 55.905 22.71 -4.9  ;
8353 58.57 22.71 -4.9  ;
8354 59.51 23.105 -4.9  ;
8355 62.555 22.71 -4.9  ;
8356 65.6 23.105 -4.9  ;
8357 68.645 22.71 -4.9  ;
8359 73.695 22.71 -4.9  ;
8360 75.7 23.105 -4.9  ;
8361 77.7 22.71 -4.9  ;
8362 79.7 23.105 -4.9  ;
8363 82.365 22.71 -4.9  ;
9777 -20.53 32.0 -0.35  ;
9778 -17.6 31.75 -0.35  ;
9780 -17.6 32.25 -0.35  ;
9781 -11.735 31.75 -0.35  ;
9782 -8.8 32.0 -0.35  ;
9783 -11.735 32.25 -0.35  ;
9784 -5.87 31.75 -0.35  ;
9785 -2.94 32.0 -0.35  ;
9787 -0.27 31.75 -0.35  ;
9788 2.4 32.0 -0.35  ;
9789 -0.27 32.25 -0.35  ;
9790 5.33 31.75 -0.35  ;
9791 8.26 32.0 -0.35  ;
9793 11.19 31.75 -0.35  ;
9794 14.12 32.0 -0.35  ;
9795 11.19 32.25 -0.35  ;
9796 17.05 31.75 -0.35  ;
9797 19.98 32.0 -0.35  ;
9799 21.105 31.75 -0.35  ;
9800 22.23 32.0 -0.35  ;
9801 21.105 32.25 -0.35  ;
9802 23.355 31.75 -0.35  ;
9803 24.32 32.0 -0.35  ;
9804 23.195 32.25 -0.35  ;
9806 25.15 32.0 -0.35  ;
9807 24.655 32.25 -0.35  ;
9808 25.565 31.75 -0.35  ;
9809 25.98 32.0 -0.35  ;
9810 25.565 32.25 -0.35  ;
9812 26.56 32.0 -0.35  ;
9813 26.27 32.25 -0.35  ;
9814 26.81 32.145 -0.35  ;
9815 27.145 31.75 -0.35  ;
9816 27.225 32.145 -0.35  ;
9818 30.82 31.75 -0.35  ;
9819 34.16 32.145 -0.35  ;
9820 30.565 32.54 -0.35  ;
9821 37.495 31.75 -0.35  ;
9822 40.83 32.145 -0.35  ;
9823 37.495 32.54 -0.35  ;
9825 44.84 32.145 -0.35  ;
9826 42.835 32.54 -0.35  ;
9827 46.84 31.75 -0.35  ;
9828 48.84 32.145 -0.35  ;
9829 46.84 32.54 -0.35  ;
9831 52.3 32.145 -0.35  ;
9832 50.57 32.54 -0.35  ;
9833 53.24 31.75 -0.35  ;
9834 54.18 32.145 -0.35  ;
9835 53.24 32.54 -0.35  ;
9837 60.27 32.145 -0.35  ;
9838 57.225 32.54 -0.35  ;
9839 63.315 31.75 -0.35  ;
9840 66.36 32.145 -0.35  ;
9843 70.37 32.145 -0.35  ;
9844 68.365 32.54 -0.35  ;
9845 72.37 31.75 -0.35  ;
9846 74.37 32.145 -0.35  ;
9847 72.37 32.54 -0.35  ;
9848 77.035 31.75 -0.35  ;
9850 77.035 32.54 -0.35  ;
9851 82.745 31.75 -0.35  ;
9852 85.79 32.145 -0.35  ;
9853 82.745 32.54 -0.35  ;
9936 -20.53 31.5 -0.35  ;
9938 -14.67 31.5 -0.35  ;
9939 -11.735 31.25 -0.35  ;
9940 -8.8 31.5 -0.35  ;
9941 -5.87 31.25 -0.35  ;
9942 -2.94 31.5 -0.35  ;
9943 -0.27 31.25 -0.35  ;
9945 5.33 31.25 -0.35  ;
9946 8.26 31.5 -0.35  ;
9947 11.19 31.25 -0.35  ;
9948 14.12 31.5 -0.35  ;
9949 17.05 31.25 -0.35  ;
9951 21.105 31.25 -0.35  ;
9952 22.23 31.5 -0.35  ;
9953 23.515 31.25 -0.35  ;
9954 24.64 31.5 -0.35  ;
9955 24.975 31.25 -0.35  ;
9957 25.565 31.25 -0.35  ;
9958 25.98 31.5 -0.35  ;
9959 26.27 31.25 -0.35  ;
9960 26.56 31.5 -0.35  ;
9963 27.735 31.355 -0.35  ;
9964 31.075 30.96 -0.35  ;
9965 34.16 31.355 -0.35  ;
9966 37.495 30.96 -0.35  ;
9967 40.83 31.355 -0.35  ;
9968 42.835 30.96 -0.35  ;
9970 46.84 30.96 -0.35  ;
9971 48.84 31.355 -0.35  ;
9972 50.57 30.96 -0.35  ;
9973 52.3 31.355 -0.35  ;
9974 53.24 30.96 -0.35  ;
9976 57.225 30.96 -0.35  ;
9977 60.27 31.355 -0.35  ;
9978 63.315 30.96 -0.35  ;
9979 66.36 31.355 -0.35  ;
9980 68.365 30.96 -0.35  ;
9982 72.37 30.96 -0.35  ;
9983 74.37 31.355 -0.35  ;
9984 77.035 30.96 -0.35  ;
9985 79.7 31.355 -0.35  ;
9986 82.745 30.96 -0.35  ;
9987 85.79 31.355 -0.35  ;
10043 -15.19 23.75 -0.35  ;
10044 -12.26 23.5 -0.35  ;
10046 -12.26 24.0 -0.35  ;
10047 -6.395 23.5 -0.35  ;
10048 -3.46 23.75 -0.35  ;
10049 -6.395 24.0 -0.35  ;
10050 -0.53 23.5 -0.35  ;
10052 -0.53 24.0 -0.35  ;
10053 5.065 23.5 -0.35  ;
10054 7.73 23.75 -0.35  ;
10055 5.065 24.0 -0.35  ;
10056 10.66 23.5 -0.35  ;
10058 10.66 24.0 -0.35  ;
10059 16.525 23.5 -0.35  ;
10060 19.46 23.75 -0.35  ;
10061 16.525 24.0 -0.35  ;
10062 22.39 23.5 -0.35  ;
10063 25.32 23.75 -0.35  ;
10065 26.445 23.5 -0.35  ;
10066 27.57 23.75 -0.35  ;
10067 26.445 24.0 -0.35  ;
10068 28.695 23.5 -0.35  ;
10069 29.66 23.75 -0.35  ;
10071 30.155 23.5 -0.35  ;
10072 30.49 23.75 -0.35  ;
10073 29.995 24.0 -0.35  ;
10074 30.905 23.5 -0.35  ;
10075 31.32 23.75 -0.35  ;
10077 31.61 23.5 -0.35  ;
10078 31.9 23.75 -0.35  ;
10079 31.61 24.0 -0.35  ;
10080 32.15 23.895 -0.35  ;
10083 32.23 24.29 -0.35  ;
10084 36.155 23.5 -0.35  ;
10085 39.49 23.895 -0.35  ;
10086 35.9 24.29 -0.35  ;
10087 42.825 23.5 -0.35  ;
10088 46.16 23.895 -0.35  ;
10090 48.165 23.5 -0.35  ;
10091 50.17 23.895 -0.35  ;
10092 48.165 24.29 -0.35  ;
10093 52.175 23.5 -0.35  ;
10094 54.18 23.895 -0.35  ;
10096 55.905 23.5 -0.35  ;
10097 57.63 23.895 -0.35  ;
10098 55.905 24.29 -0.35  ;
10099 58.57 23.5 -0.35  ;
10100 59.51 23.895 -0.35  ;
10102 62.555 23.5 -0.35  ;
10103 65.6 23.895 -0.35  ;
10104 62.555 24.29 -0.35  ;
10105 68.645 23.5 -0.35  ;
10106 71.69 23.895 -0.35  ;
10107 68.645 24.29 -0.35  ;
10109 75.7 23.895 -0.35  ;
10110 73.695 24.29 -0.35  ;
10111 77.7 23.5 -0.35  ;
10112 79.7 23.895 -0.35  ;
10113 77.7 24.29 -0.35  ;
10116 82.365 24.29 -0.35  ;
10203 -12.26 23.0 -0.35  ;
10204 -9.33 23.25 -0.35  ;
10205 -6.395 23.0 -0.35  ;
10206 -3.46 23.25 -0.35  ;
10207 -0.53 23.0 -0.35  ;
10208 2.4 23.25 -0.35  ;
10210 7.73 23.25 -0.35  ;
10211 10.66 23.0 -0.35  ;
10212 13.59 23.25 -0.35  ;
10213 16.525 23.0 -0.35  ;
10214 19.46 23.25 -0.35  ;
10216 25.32 23.25 -0.35  ;
10217 26.445 23.0 -0.35  ;
10218 27.57 23.25 -0.35  ;
10219 28.855 23.0 -0.35  ;
10220 29.98 23.25 -0.35  ;
10222 30.49 23.25 -0.35  ;
10223 30.905 23.0 -0.35  ;
10224 31.32 23.25 -0.35  ;
10225 31.61 23.0 -0.35  ;
10226 31.9 23.25 -0.35  ;
10227 32.15 23.105 -0.35  ;
10229 33.075 23.105 -0.35  ;
10230 36.41 22.71 -0.35  ;
10231 39.49 23.105 -0.35  ;
10232 42.825 22.71 -0.35  ;
10233 46.16 23.105 -0.35  ;
10235 50.17 23.105 -0.35  ;
10236 52.175 22.71 -0.35  ;
10237 54.18 23.105 -0.35  ;
10238 55.905 22.71 -0.35  ;
10239 57.63 23.105 -0.35  ;
10241 59.51 23.105 -0.35  ;
10242 62.555 22.71 -0.35  ;
10243 65.6 23.105 -0.35  ;
10244 68.645 22.71 -0.35  ;
10245 71.69 23.105 -0.35  ;
10246 73.695 22.71 -0.35  ;
10248 77.7 22.71 -0.35  ;
10249 79.7 23.105 -0.35  ;
10250 82.365 22.71 -0.35  ;
11664 -20.53 31.75 -0.56  ;
11665 -17.6 31.75 -0.77  ;
11666 -14.67 31.75 -0.56  ;
11667 -11.735 31.75 -0.77  ;
11669 -5.87 31.75 -0.77  ;
11670 -2.94 31.75 -0.56  ;
11671 -0.27 31.75 -0.77  ;
11672 2.4 31.75 -0.56  ;
11673 5.33 31.75 -0.77  ;
11675 11.19 31.75 -0.77  ;
11676 14.12 31.75 -0.56  ;
11677 17.05 31.75 -0.77  ;
11678 19.98 31.75 -0.56  ;
11679 21.105 31.75 -0.77  ;
11681 23.355 31.75 -0.77  ;
11682 24.48 31.75 -0.56  ;
11683 24.815 31.75 -0.77  ;
11684 25.15 31.75 -0.56  ;
11685 25.565 31.75 -0.77  ;
11686 25.98 31.75 -0.56  ;
11688 26.56 31.75 -0.56  ;
11689 26.81 31.75 -0.56  ;
11690 27.145 31.75 -0.77  ;
11691 27.48 31.75 -0.56  ;
11692 30.82 31.75 -0.77  ;
11694 37.495 31.75 -0.77  ;
11695 40.83 31.75 -0.56  ;
11696 42.835 31.75 -0.77  ;
11697 44.84 31.75 -0.56  ;
11698 46.84 31.75 -0.77  ;
11700 50.57 31.75 -0.77  ;
11701 52.3 31.75 -0.56  ;
11702 53.24 31.75 -0.77  ;
11703 54.18 31.75 -0.56  ;
11704 57.225 31.75 -0.77  ;
11705 60.27 31.75 -0.56  ;
11707 66.36 31.75 -0.56  ;
11708 68.365 31.75 -0.77  ;
11709 70.37 31.75 -0.56  ;
11710 72.37 31.75 -0.77  ;
11711 74.37 31.75 -0.56  ;
11713 79.7 31.75 -0.56  ;
11714 82.745 31.75 -0.77  ;
11715 85.79 31.75 -0.56  ;
11771 -20.53 31.75 -2.08  ;
11772 -17.6 31.75 -3.39  ;
11773 -14.67 31.75 -2.08  ;
11774 -11.735 31.75 -3.39  ;
11776 -5.87 31.75 -3.39  ;
11777 -2.94 31.75 -2.08  ;
11778 -0.27 31.75 -3.39  ;
11779 2.4 31.75 -2.08  ;
11780 5.33 31.75 -3.39  ;
11782 11.19 31.75 -3.39  ;
11783 14.12 31.75 -2.08  ;
11784 17.05 31.75 -3.39  ;
11785 19.98 31.75 -2.08  ;
11786 21.105 31.75 -3.39  ;
11787 22.23 31.75 -2.08  ;
11789 24.48 31.75 -2.08  ;
11790 24.815 31.75 -3.39  ;
11791 25.15 31.75 -2.08  ;
11792 25.565 31.75 -2.945  ;
11793 25.98 31.75 -1.635  ;
11795 26.56 31.75 -1.32  ;
11796 25.4 31.75 -3.935  ;
11797 25.69 31.75 -3.075  ;
11798 25.98 31.75 -3.62  ;
11799 25.69 31.75 -4.48  ;
11801 26.81 31.75 -3.175  ;
11802 26.395 31.75 -4.48  ;
11803 27.145 31.75 -1.87  ;
11804 27.48 31.75 -3.175  ;
11805 27.145 31.75 -4.48  ;
11806 30.82 31.75 -1.87  ;
11808 30.82 31.75 -4.48  ;
11809 37.495 31.75 -1.87  ;
11810 40.83 31.75 -3.175  ;
11811 37.495 31.75 -4.48  ;
11812 42.835 31.75 -1.87  ;
11814 42.835 31.75 -4.48  ;
11815 46.84 31.75 -1.87  ;
11816 48.84 31.75 -3.175  ;
11817 46.84 31.75 -4.48  ;
11818 50.57 31.75 -1.87  ;
11820 50.57 31.75 -4.48  ;
11821 53.24 31.75 -1.87  ;
11822 54.18 31.75 -3.175  ;
11823 53.24 31.75 -4.48  ;
11824 57.225 31.75 -1.87  ;
11825 60.27 31.75 -3.175  ;
11827 63.315 31.75 -1.87  ;
11828 66.36 31.75 -3.175  ;
11829 63.315 31.75 -4.48  ;
11830 68.365 31.75 -1.87  ;
11831 70.37 31.75 -3.175  ;
11833 72.37 31.75 -1.87  ;
11834 74.37 31.75 -3.175  ;
11835 72.37 31.75 -4.48  ;
11836 77.035 31.75 -1.87  ;
11837 79.7 31.75 -3.175  ;
11839 82.745 31.75 -1.87  ;
11840 85.79 31.75 -3.175  ;
11841 82.745 31.75 -4.48  ;
11918 -20.53 31.75 -3.935  ;
11919 -14.67 31.75 -3.935  ;
11921 -8.8 31.75 -3.935  ;
11922 -11.735 31.75 -4.48  ;
11923 -2.94 31.75 -3.935  ;
11924 -5.87 31.75 -4.48  ;
11925 2.4 31.75 -3.935  ;
11926 -0.27 31.75 -4.48  ;
11928 5.33 31.75 -4.48  ;
11929 14.12 31.75 -3.935  ;
11930 11.19 31.75 -4.48  ;
11931 19.98 31.75 -3.935  ;
11932 17.05 31.75 -4.48  ;
11934 21.105 31.75 -4.48  ;
11935 24.48 31.75 -3.935  ;
11936 23.355 31.75 -4.48  ;
11937 25.15 31.75 -3.935  ;
11938 24.815 31.75 -4.48  ;
11940 27.48 31.75 -1.32  ;
11941 34.16 31.75 -1.32  ;
11942 40.83 31.75 -1.32  ;
11943 44.84 31.75 -1.32  ;
11944 48.84 31.75 -1.32  ;
11945 52.3 31.75 -1.32  ;
11947 60.27 31.75 -1.32  ;
11948 66.36 31.75 -1.32  ;
11949 70.37 31.75 -1.32  ;
11950 74.37 31.75 -1.32  ;
11951 79.7 31.75 -1.32  ;
11989 -20.53 31.75 -4.69  ;
11991 -8.8 31.75 -4.69  ;
11992 -2.94 31.75 -4.69  ;
11993 2.4 31.75 -4.69  ;
11994 8.26 31.75 -4.69  ;
11995 14.12 31.75 -4.69  ;
11997 22.23 31.75 -4.69  ;
11998 24.48 31.75 -4.69  ;
11999 25.15 31.75 -4.69  ;
12000 25.4 31.75 -4.69  ;
12003 27.48 31.75 -4.69  ;
12004 34.16 31.75 -4.69  ;
12005 40.83 31.75 -4.69  ;
12006 44.84 31.75 -4.69  ;
12007 48.84 31.75 -4.69  ;
12008 52.3 31.75 -4.69  ;
12010 60.27 31.75 -4.69  ;
12011 66.36 31.75 -4.69  ;
12012 70.37 31.75 -4.69  ;
12013 74.37 31.75 -4.69  ;
12014 79.7 31.75 -4.69  ;
12044 -15.19 23.5 -0.56  ;
12045 -12.26 23.5 -0.77  ;
12046 -9.33 23.5 -0.56  ;
12048 -3.46 23.5 -0.56  ;
12049 -0.53 23.5 -0.77  ;
12050 2.4 23.5 -0.56  ;
12051 5.065 23.5 -0.77  ;
12052 7.73 23.5 -0.56  ;
12054 13.59 23.5 -0.56  ;
12055 16.525 23.5 -0.77  ;
12056 19.46 23.5 -0.56  ;
12057 22.39 23.5 -0.77  ;
12058 25.32 23.5 -0.56  ;
12060 27.57 23.5 -0.56  ;
12061 28.695 23.5 -0.77  ;
12062 29.82 23.5 -0.56  ;
12063 30.155 23.5 -0.77  ;
12064 30.49 23.5 -0.56  ;
12065 30.905 23.5 -0.77  ;
12067 31.61 23.5 -0.77  ;
12068 31.9 23.5 -0.56  ;
12069 32.15 23.5 -0.56  ;
12070 32.485 23.5 -0.77  ;
12071 32.82 23.5 -0.56  ;
12073 39.49 23.5 -0.56  ;
12074 42.825 23.5 -0.77  ;
12075 46.16 23.5 -0.56  ;
12076 48.165 23.5 -0.77  ;
12077 50.17 23.5 -0.56  ;
12079 54.18 23.5 -0.56  ;
12080 55.905 23.5 -0.77  ;
12081 57.63 23.5 -0.56  ;
12082 58.57 23.5 -0.77  ;
12083 59.51 23.5 -0.56  ;
12084 62.555 23.5 -0.77  ;
12086 68.645 23.5 -0.77  ;
12087 71.69 23.5 -0.56  ;
12088 73.695 23.5 -0.77  ;
12089 75.7 23.5 -0.56  ;
12090 77.7 23.5 -0.77  ;
12092 82.365 23.5 -0.77  ;
12151 -15.19 23.5 -2.08  ;
12152 -12.26 23.5 -3.39  ;
12153 -9.33 23.5 -2.08  ;
12155 -3.46 23.5 -2.08  ;
12156 -0.53 23.5 -3.39  ;
12157 2.4 23.5 -2.08  ;
12158 5.065 23.5 -3.39  ;
12159 7.73 23.5 -2.08  ;
12161 13.59 23.5 -2.08  ;
12162 16.525 23.5 -3.39  ;
12163 19.46 23.5 -2.08  ;
12164 22.39 23.5 -3.39  ;
12165 25.32 23.5 -2.08  ;
12166 26.445 23.5 -3.39  ;
12168 28.695 23.5 -3.39  ;
12169 29.82 23.5 -2.08  ;
12170 30.155 23.5 -3.39  ;
12171 30.49 23.5 -2.08  ;
12172 30.905 23.5 -2.945  ;
12174 31.61 23.5 -2.185  ;
12175 31.9 23.5 -1.32  ;
12176 30.74 23.5 -3.935  ;
12177 31.03 23.5 -3.075  ;
12178 31.32 23.5 -3.62  ;
12180 31.735 23.5 -2.315  ;
12181 32.15 23.5 -3.175  ;
12182 31.735 23.5 -4.48  ;
12183 32.485 23.5 -1.87  ;
12184 32.82 23.5 -3.175  ;
12185 32.485 23.5 -4.48  ;
12187 39.49 23.5 -3.175  ;
12188 36.155 23.5 -4.48  ;
12189 42.825 23.5 -1.87  ;
12190 46.16 23.5 -3.175  ;
12191 42.825 23.5 -4.48  ;
12193 50.17 23.5 -3.175  ;
12194 48.165 23.5 -4.48  ;
12195 52.175 23.5 -1.87  ;
12196 54.18 23.5 -3.175  ;
12197 52.175 23.5 -4.48  ;
12199 57.63 23.5 -3.175  ;
12200 55.905 23.5 -4.48  ;
12201 58.57 23.5 -1.87  ;
12202 59.51 23.5 -3.175  ;
12203 58.57 23.5 -4.48  ;
12204 62.555 23.5 -1.87  ;
12206 62.555 23.5 -4.48  ;
12207 68.645 23.5 -1.87  ;
12208 71.69 23.5 -3.175  ;
12209 68.645 23.5 -4.48  ;
12210 73.695 23.5 -1.87  ;
12212 73.695 23.5 -4.48  ;
12213 77.7 23.5 -1.87  ;
12214 79.7 23.5 -3.175  ;
12215 77.7 23.5 -4.48  ;
12216 82.365 23.5 -1.87  ;
12218 82.365 23.5 -4.48  ;
12298 -15.19 23.5 -3.935  ;
12300 -12.26 23.5 -4.48  ;
12301 -3.46 23.5 -3.935  ;
12302 -6.395 23.5 -4.48  ;
12303 2.4 23.5 -3.935  ;
12304 -0.53 23.5 -4.48  ;
12305 7.73 23.5 -3.935  ;
12307 13.59 23.5 -3.935  ;
12308 10.66 23.5 -4.48  ;
12309 19.46 23.5 -3.935  ;
12310 16.525 23.5 -4.48  ;
12311 25.32 23.5 -3.935  ;
12313 27.57 23.5 -3.935  ;
12314 26.445 23.5 -4.48  ;
12315 29.82 23.5 -3.935  ;
12316 28.695 23.5 -4.48  ;
12317 30.49 23.5 -3.935  ;
12319 32.15 23.5 -1.32  ;
12320 32.82 23.5 -1.32  ;
12321 39.49 23.5 -1.32  ;
12322 46.16 23.5 -1.32  ;
12323 50.17 23.5 -1.32  ;
12324 54.18 23.5 -1.32  ;
12326 59.51 23.5 -1.32  ;
12327 65.6 23.5 -1.32  ;
12328 71.69 23.5 -1.32  ;
12329 75.7 23.5 -1.32  ;
12330 79.7 23.5 -1.32  ;
12370 -9.33 23.5 -4.69  ;
12371 -3.46 23.5 -4.69  ;
12372 2.4 23.5 -4.69  ;
12373 7.73 23.5 -4.69  ;
12374 13.59 23.5 -4.69  ;
12376 25.32 23.5 -4.69  ;
12377 27.57 23.5 -4.69  ;
12378 29.82 23.5 -4.69  ;
12379 30.49 23.5 -4.69  ;
12380 30.74 23.5 -4.69  ;
12382 32.15 23.5 -4.69  ;
12383 32.82 23.5 -4.69  ;
12384 39.49 23.5 -4.69  ;
12385 46.16 23.5 -4.69  ;
12386 50.17 23.5 -4.69  ;
12387 54.18 23.5 -4.69  ;
12389 59.51 23.5 -4.69  ;
12390 65.6 23.5 -4.69  ;
12391 71.69 23.5 -4.69  ;
12392 75.7 23.5 -4.69  ;
12393 79.7 23.5 -4.69  ;
14359 -20.53 32.25 -0.77  ;
14360 -20.53 32.0 -0.77  ;
14361 -20.53 32.25 -0.56  ;
14362 19.98 32.25 -0.77  ;
14363 19.98 32.0 -0.77  ;
14364 19.98 32.25 -0.56  ;
14366 22.23 32.0 -0.77  ;
14367 22.23 32.25 -0.56  ;
14368 24.16 32.25 -0.77  ;
14369 24.32 32.0 -0.77  ;
14370 24.16 32.25 -0.56  ;
14372 27.225 32.145 -0.77  ;
14373 26.97 32.54 -0.56  ;
14389 -20.53 31.25 -0.77  ;
14391 -20.53 31.5 -0.77  ;
14392 2.4 31.25 -0.77  ;
14393 2.4 31.25 -0.56  ;
14394 2.4 31.5 -0.77  ;
14395 19.98 31.25 -0.77  ;
14397 19.98 31.5 -0.77  ;
14398 22.23 31.25 -0.77  ;
14399 22.23 31.25 -0.56  ;
14400 22.23 31.5 -0.77  ;
14403 24.64 31.5 -0.77  ;
14404 27.99 30.96 -0.77  ;
14405 27.99 30.96 -0.56  ;
14406 27.735 31.355 -0.77  ;
14407 40.83 30.96 -0.77  ;
14408 40.83 30.96 -0.56  ;
14410 54.18 30.96 -0.77  ;
14411 54.18 30.96 -0.56  ;
14412 54.18 31.355 -0.77  ;
14413 66.36 30.96 -0.77  ;
14414 66.36 30.96 -0.56  ;
14416 79.7 30.96 -0.77  ;
14417 79.7 30.96 -0.56  ;
14418 79.7 31.355 -0.77  ;
14452 -20.53 32.25 -3.39  ;
14454 -20.53 32.25 -2.08  ;
14455 19.98 32.25 -3.39  ;
14456 19.98 32.0 -3.39  ;
14457 19.98 32.25 -2.08  ;
14458 22.23 32.25 -3.39  ;
14460 22.23 32.25 -2.08  ;
14461 24.16 32.25 -3.39  ;
14462 24.32 32.0 -3.39  ;
14463 24.16 32.25 -2.08  ;
14464 26.97 32.54 -1.87  ;
14465 27.225 32.145 -1.87  ;
14482 -20.53 31.25 -3.39  ;
14483 -20.53 31.25 -2.08  ;
14484 -20.53 31.5 -3.39  ;
14486 2.4 31.25 -2.08  ;
14487 2.4 31.5 -3.39  ;
14488 19.98 31.25 -3.39  ;
14489 19.98 31.25 -2.08  ;
14490 19.98 31.5 -3.39  ;
14492 22.23 31.25 -2.08  ;
14493 22.23 31.5 -3.39  ;
14494 24.8 31.25 -3.39  ;
14495 24.8 31.25 -2.08  ;
14496 24.64 31.5 -3.39  ;
14498 27.99 30.96 -1.32  ;
14499 27.735 31.355 -1.87  ;
14500 40.83 30.96 -1.87  ;
14501 40.83 30.96 -1.32  ;
14502 40.83 31.355 -1.87  ;
14503 54.18 30.96 -1.87  ;
14505 54.18 31.355 -1.87  ;
14506 66.36 30.96 -1.87  ;
14507 66.36 30.96 -1.32  ;
14508 66.36 31.355 -1.87  ;
14509 79.7 30.96 -1.87  ;
14511 79.7 31.355 -1.87  ;
14545 -20.53 32.25 -4.48  ;
14546 -20.53 32.0 -4.48  ;
14547 -20.53 32.25 -3.935  ;
14549 19.98 32.0 -4.48  ;
14550 19.98 32.25 -3.935  ;
14551 22.23 32.25 -4.48  ;
14552 22.23 32.0 -4.48  ;
14553 22.23 32.25 -3.935  ;
14555 24.32 32.0 -4.48  ;
14556 24.16 32.25 -3.935  ;
14557 26.97 32.54 -4.48  ;
14558 27.225 32.145 -4.48  ;
14559 26.97 32.54 -3.175  ;
14575 -20.53 31.25 -4.48  ;
14576 -20.53 31.25 -3.935  ;
14577 -20.53 31.5 -4.48  ;
14578 2.4 31.25 -4.48  ;
14580 2.4 31.5 -4.48  ;
14581 19.98 31.25 -4.48  ;
14582 19.98 31.25 -3.935  ;
14583 19.98 31.5 -4.48  ;
14584 22.23 31.25 -4.48  ;
14585 22.23 31.25 -3.935  ;
14587 24.8 31.25 -4.48  ;
14588 24.8 31.25 -3.935  ;
14589 24.64 31.5 -4.48  ;
14590 27.99 30.96 -4.48  ;
14591 27.99 30.96 -3.175  ;
14593 40.83 30.96 -4.48  ;
14594 40.83 30.96 -3.175  ;
14595 40.83 31.355 -4.48  ;
14596 54.18 30.96 -4.48  ;
14597 54.18 30.96 -3.175  ;
14599 66.36 30.96 -4.48  ;
14600 66.36 30.96 -3.175  ;
14601 66.36 31.355 -4.48  ;
14602 79.7 30.96 -4.48  ;
14603 79.7 30.96 -3.175  ;
14604 79.7 31.355 -4.48  ;
14638 -20.53 32.25 -4.69  ;
14639 19.98 32.25 -4.69  ;
14640 22.23 32.25 -4.69  ;
14648 -20.53 31.25 -4.69  ;
14650 19.98 31.25 -4.69  ;
14651 22.23 31.25 -4.69  ;
14652 24.8 31.25 -4.69  ;
14653 27.99 30.96 -4.69  ;
14654 40.83 30.96 -4.69  ;
14656 66.36 30.96 -4.69  ;
14657 79.7 30.96 -4.69  ;
14669 -15.19 24.0 -0.77  ;
14670 -15.19 23.75 -0.77  ;
14671 -15.19 24.0 -0.56  ;
14672 2.4 24.0 -0.77  ;
14673 2.4 23.75 -0.77  ;
14675 25.32 24.0 -0.77  ;
14676 25.32 23.75 -0.77  ;
14677 25.32 24.0 -0.56  ;
14678 27.57 24.0 -0.77  ;
14679 27.57 23.75 -0.77  ;
14681 29.5 24.0 -0.77  ;
14682 29.66 23.75 -0.77  ;
14683 29.5 24.0 -0.56  ;
14684 32.31 24.29 -0.77  ;
14685 32.565 23.895 -0.77  ;
14686 32.31 24.29 -0.56  ;
14688 54.18 23.895 -0.77  ;
14689 54.18 24.29 -0.56  ;
14690 79.7 24.29 -0.77  ;
14691 79.7 23.895 -0.77  ;
14692 79.7 24.29 -0.56  ;
14717 -15.19 23.0 -0.77  ;
14719 -15.19 23.25 -0.77  ;
14720 7.73 23.0 -0.77  ;
14721 7.73 23.0 -0.56  ;
14722 7.73 23.25 -0.77  ;
14723 25.32 23.0 -0.77  ;
14724 25.32 23.0 -0.56  ;
14726 27.57 23.0 -0.77  ;
14727 27.57 23.0 -0.56  ;
14728 27.57 23.25 -0.77  ;
14729 30.14 23.0 -0.77  ;
14730 30.14 23.0 -0.56  ;
14732 33.33 22.71 -0.77  ;
14733 33.33 22.71 -0.56  ;
14734 33.075 23.105 -0.77  ;
14735 59.51 22.71 -0.77  ;
14736 59.51 22.71 -0.56  ;
14765 -15.19 24.0 -3.39  ;
14766 -15.19 23.75 -3.39  ;
14767 -15.19 24.0 -2.08  ;
14768 2.4 24.0 -3.39  ;
14770 2.4 24.0 -2.08  ;
14771 25.32 24.0 -3.39  ;
14772 25.32 23.75 -3.39  ;
14773 25.32 24.0 -2.08  ;
14774 27.57 24.0 -3.39  ;
14776 27.57 24.0 -2.08  ;
14777 29.5 24.0 -3.39  ;
14778 29.66 23.75 -3.39  ;
14779 29.5 24.0 -2.08  ;
14780 32.31 24.29 -1.87  ;
14782 32.31 24.29 -1.32  ;
14783 54.18 24.29 -1.87  ;
14784 54.18 23.895 -1.87  ;
14785 54.18 24.29 -1.32  ;
14786 79.7 24.29 -1.87  ;
14787 79.7 23.895 -1.87  ;
14814 -15.19 23.0 -2.08  ;
14815 -15.19 23.25 -3.39  ;
14816 7.73 23.0 -3.39  ;
14817 7.73 23.0 -2.08  ;
14818 7.73 23.25 -3.39  ;
14820 25.32 23.0 -2.08  ;
14821 25.32 23.25 -3.39  ;
14822 27.57 23.0 -3.39  ;
14823 27.57 23.0 -2.08  ;
14824 27.57 23.25 -3.39  ;
14825 30.14 23.0 -3.39  ;
14827 29.98 23.25 -3.39  ;
14828 33.33 22.71 -1.87  ;
14829 33.33 22.71 -1.32  ;
14830 33.075 23.105 -1.87  ;
14831 59.51 22.71 -1.87  ;
14833 59.51 23.105 -1.87  ;
14861 -15.19 24.0 -4.48  ;
14862 -15.19 23.75 -4.48  ;
14863 -15.19 24.0 -3.935  ;
14865 2.4 23.75 -4.48  ;
14866 2.4 24.0 -3.935  ;
14867 25.32 24.0 -4.48  ;
14868 25.32 23.75 -4.48  ;
14869 25.32 24.0 -3.935  ;
14871 27.57 23.75 -4.48  ;
14872 27.57 24.0 -3.935  ;
14873 29.5 24.0 -4.48  ;
14874 29.66 23.75 -4.48  ;
14875 29.5 24.0 -3.935  ;
14877 32.565 23.895 -4.48  ;
14878 32.31 24.29 -3.175  ;
14879 54.18 24.29 -4.48  ;
14880 54.18 23.895 -4.48  ;
14883 79.7 23.895 -4.48  ;
14884 79.7 24.29 -3.175  ;
14909 -15.19 23.0 -4.48  ;
14910 -15.19 23.0 -3.935  ;
14911 -15.19 23.25 -4.48  ;
14912 7.73 23.0 -4.48  ;
14913 7.73 23.0 -3.935  ;
14915 25.32 23.0 -4.48  ;
14916 25.32 23.0 -3.935  ;
14917 25.32 23.25 -4.48  ;
14918 27.57 23.0 -4.48  ;
14919 27.57 23.0 -3.935  ;
14921 30.14 23.0 -4.48  ;
14922 30.14 23.0 -3.935  ;
14923 29.98 23.25 -4.48  ;
14924 33.33 22.71 -4.48  ;
14925 33.33 22.71 -3.175  ;
14926 33.075 23.105 -4.48  ;
14928 59.51 22.71 -3.175  ;
14929 59.51 23.105 -4.48  ;
14957 -15.19 24.0 -4.69  ;
14959 25.32 24.0 -4.69  ;
14960 27.57 24.0 -4.69  ;
14961 29.5 24.0 -4.69  ;
14962 32.31 24.29 -4.69  ;
14963 54.18 24.29 -4.69  ;
14964 79.7 24.29 -4.69  ;
14973 -15.19 23.0 -4.69  ;
14974 7.73 23.0 -4.69  ;
14975 25.32 23.0 -4.69  ;
14976 27.57 23.0 -4.69  ;
14978 33.33 22.71 -4.69  ;
14979 59.51 22.71 -4.69  ;
1 -21.04 32.54 0.0  ;
2 -20.53 31.75 0.0  ;
21 -3.46 23.5 0.0  ;
28 -3.45 32.54 0.0  ;
47 8.26 31.75 0.0  ;
66 25.32 23.5 0.0  ;
91 24.64 32.54 0.0  ;
110 26.56 31.75 0.0  ;
129 32.82 23.5 0.0  ;
154 44.33 32.54 0.0  ;
173 52.3 31.75 0.0  ;
192 65.6 23.5 0.0  ;
217 73.86 32.54 0.0  ;
236 85.79 31.75 0.0  ;
501 8.26 32.25 -0.35  ;
508 26.56 32.25 -0.35  ;
514 48.84 32.54 -0.35  ;
520 74.37 32.54 -0.35  ;
552 -14.67 31.75 -0.35  ;
558 19.98 31.75 -0.35  ;
565 27.48 31.75 -0.35  ;
571 54.18 31.75 -0.35  ;
577 85.79 31.75 -0.35  ;
609 -2.94 31.25 -0.35  ;
615 24.8 31.25 -0.35  ;
621 34.16 30.96 -0.35  ;
628 66.36 30.96 -0.35  ;
666 13.59 24.0 -0.35  ;
672 31.32 24.0 -0.35  ;
678 50.17 24.29 -0.35  ;
685 79.7 24.29 -0.35  ;
716 -15.19 23.5 -0.35  ;
721 13.59 23.5 -0.35  ;
722 19.46 23.5 -0.35  ;
729 32.15 23.5 -0.35  ;
735 57.63 23.5 -0.35  ;
773 -3.46 23.0 -0.35  ;
779 27.57 23.0 -0.35  ;
786 39.49 22.71 -0.35  ;
792 65.6 22.71 -0.35  ;
1651 -20.53 32.25 -4.9  ;
1657 14.12 32.25 -4.9  ;
1664 26.81 32.54 -4.9  ;
1670 52.3 32.54 -4.9  ;
1676 79.7 32.54 -4.9  ;
1708 -8.8 31.75 -4.9  ;
1714 22.23 31.75 -4.9  ;
1720 27.48 31.75 -4.9  ;
1727 60.27 31.75 -4.9  ;
1765 2.4 31.25 -4.9  ;
1771 25.15 31.25 -4.9  ;
1777 40.83 30.96 -4.9  ;
1784 70.37 30.96 -4.9  ;
1821 13.59 24.0 -4.9  ;
1828 31.32 24.29 -4.9  ;
1834 54.18 24.29 -4.9  ;
1840 79.7 24.29 -4.9  ;
1872 -9.33 23.5 -4.9  ;
1878 25.32 23.5 -4.9  ;
1885 32.82 23.5 -4.9  ;
1891 59.51 23.5 -4.9  ;
1929 2.4 23.0 -4.9  ;
1935 30.14 23.0 -4.9  ;
1941 39.49 22.71 -4.9  ;
1948 71.69 22.71 -4.9  ;
2807 -14.67 31.75 -0.77  ;
2813 19.98 31.75 -0.77  ;
2819 26.81 31.75 -0.77  ;
2826 54.18 31.75 -0.77  ;
2832 85.79 31.75 -0.77  ;
2864 -2.94 31.75 -3.39  ;
2870 24.48 31.75 -3.39  ;
2876 26.81 31.75 -1.87  ;
2881 48.84 31.75 -1.87  ;
2882 52.3 31.75 -1.87  ;
2887 74.37 31.75 -1.87  ;
2888 79.7 31.75 -1.87  ;
2889 85.79 31.75 -1.87  ;
2939 52.3 31.75 -4.48  ;
2946 85.79 31.75 -4.48  ;
2977 -3.46 23.5 -0.77  ;
2984 29.82 23.5 -0.77  ;
2990 39.49 23.5 -0.77  ;
2996 65.6 23.5 -0.77  ;
3034 7.73 23.5 -3.39  ;
3040 30.49 23.5 -3.39  ;
3047 39.49 23.5 -1.87  ;
3053 65.6 23.5 -1.87  ;
3091 -3.46 23.5 -4.48  ;
3097 27.57 23.5 -4.48  ;
3104 39.49 23.5 -4.48  ;
3110 65.6 23.5 -4.48  ;
4045 31.58 23.5 -2.76  ;
4057 25.98 31.901 -0.77  ;
4114 -22.0 32.54 1.0  ;
4120 54.18 30.75 -4.48  ;
4190 7.73 21.25 -4.48  ;
4215 59.51 20.0 -4.48  ;
4234 79.7 29.5 -4.48  ;
4367 2.4 27.63 -2.63  ;
4379 54.18 27.63 -2.63  ;
4474 2.4 24.5 -1.22  ;
4480 54.18 24.5 -1.22  ;
4588 54.18 27.13 -2.85  ;
4594 79.7 27.13 -2.85  ;
4657 2.4 28.654 -3.086  ;
4681 54.18 28.654 -3.086  ;
4682 59.51 21.976 -3.794  ;
4801 2.4 25.026 -1.458  ;
4847 79.7 26.078 -1.934  ;
4948 7.73 20.928 -1.934  ;
4967 54.18 29.702 -1.696  ;
4973 59.51 20.404 -2.172  ;
4992 79.7 29.178 -1.934  ;
5087 2.4 26.078 -3.322  ;
5112 54.18 25.552 -3.558  ;
5137 79.7 25.026 -3.794  ;
5232 25.97 22.5 -0.77  ;
5295 27.582 20.0 -0.77  ;
5339 22.246 28.25 -4.48  ;
5401 27.99 19.38 -2.63  ;
5434 20.63 30.75 -4.03  ;
5447 27.665 19.88 -2.85  ;
5548 26.987 20.928 -1.934  ;
5592 21.647 29.178 -3.322  ;
5641 24.331 25.026 -1.458  ;
5687 23.653 26.078 -3.322  ;
5737 27.48 31.75 1.0  ;
5788 32.05 20.06 -0.77  ;
5908 29.078 29.286 -0.77  ;
5914 33.786 22.012 -0.77  ;
6001 28.854 24.99 -0.77  ;
6002 30.906 26.46 -0.77  ;
6097 28.27 32.46 -3.62  ;
6192 30.47 22.5 -4.48  ;
6217 35.05 20.06 -1.38  ;
6287 25.762 29.774 -2.7  ;
6293 29.394 28.798 -1.82  ;
6299 34.102 21.524 -2.7  ;
6388 31.538 25.48 -2.7  ;
6481 28.362 25.75 -4.48  ;
6482 28.938 29.5 -4.48  ;
6596 40.636 31.55 -4.48  ;
6615 38.646 29.5 -4.48  ;
6628 42.45 30.75 -4.48  ;
6634 79.996 23.7 -4.48  ;
6716 53.856 23.7 -4.48  ;
6721 66.064 31.55 -4.48  ;
6722 78.08 24.5 -4.48  ;
6792 44.472 29.5 -4.48  ;
6798 61.192 28.25 -4.48  ;
6805 84.868 27.0 -4.48  ;
6861 31.32 23.651 -1.512  ;
6880 47.32 35.0 -0.77  ;
6931 31.32 23.349 -2.254  ;
6988 -12.0 27.625 0.0  ;
7007 -11.735 31.75 0.0  ;
7013 -0.795 19.375 0.0  ;
7026 -6.38 32.54 0.0  ;
7045 5.065 27.625 0.0  ;
7064 16.255 19.375 0.0  ;
7076 13.865 32.145 0.0  ;
7081 22.125 19.375 0.0  ;
7095 22.39 23.5 0.0  ;
7127 24.225 32.145 0.0  ;
7146 30.155 23.5 0.0  ;
7177 26.27 31.75 0.0  ;
7196 27.225 32.145 0.0  ;
7201 34.815 19.375 0.0  ;
7221 30.31 32.54 0.0  ;
7240 43.495 27.625 0.0  ;
7253 42.835 31.75 0.0  ;
7272 46.33 32.54 0.0  ;
7291 54.965 27.625 0.0  ;
7304 53.24 31.75 0.0  ;
7321 57.225 31.75 0.0  ;
7322 60.015 32.145 0.0  ;
7341 68.645 23.5 0.0  ;
7373 74.115 32.145 0.0  ;
7392 82.365 23.5 0.0  ;
7891 -17.6 31.75 -4.9  ;
7897 -5.87 31.75 -4.9  ;
7904 8.26 32.0 -4.9  ;
7910 19.98 32.0 -4.9  ;
7916 24.32 32.0 -4.9  ;
7921 25.4 32.145 -4.9  ;
7922 25.69 31.75 -4.9  ;
7929 27.225 32.145 -4.9  ;
7935 40.83 32.145 -4.9  ;
7941 48.84 32.145 -4.9  ;
7948 53.24 32.54 -4.9  ;
7954 63.315 32.54 -4.9  ;
7960 72.37 32.54 -4.9  ;
8049 -20.53 31.5 -4.9  ;
8055 -2.94 31.5 -4.9  ;
8061 14.12 31.5 -4.9  ;
8068 24.975 31.25 -4.9  ;
8074 26.81 31.355 -4.9  ;
8080 40.83 31.355 -4.9  ;
8087 53.24 30.96 -4.9  ;
8093 68.365 30.96 -4.9  ;
8099 82.745 30.96 -4.9  ;
8156 -15.19 23.75 -4.9  ;
8161 -3.46 23.75 -4.9  ;
8162 -6.395 24.0 -4.9  ;
8169 10.66 23.5 -4.9  ;
8175 22.39 23.5 -4.9  ;
8181 28.695 23.5 -4.9  ;
8188 31.03 23.5 -4.9  ;
8194 32.485 23.5 -4.9  ;
8200 42.825 23.5 -4.9  ;
8207 54.18 23.895 -4.9  ;
8213 59.51 23.895 -4.9  ;
8219 71.69 23.895 -4.9  ;
8226 77.7 24.29 -4.9  ;
8320 -0.53 23.0 -4.9  ;
8327 19.46 23.25 -4.9  ;
8333 29.98 23.25 -4.9  ;
8339 31.735 22.71 -4.9  ;
8346 46.16 23.105 -4.9  ;
8352 57.63 23.105 -4.9  ;
8358 71.69 23.105 -4.9  ;
9779 -14.67 32.0 -0.35  ;
9786 -5.87 32.25 -0.35  ;
9792 5.33 32.25 -0.35  ;
9798 17.05 32.25 -0.35  ;
9805 24.815 31.75 -0.35  ;
9811 26.27 31.75 -0.35  ;
9817 26.89 32.54 -0.35  ;
9824 42.835 31.75 -0.35  ;
9830 50.57 31.75 -0.35  ;
9836 57.225 31.75 -0.35  ;
9841 63.315 32.54 -0.35  ;
9842 68.365 31.75 -0.35  ;
9849 79.7 32.145 -0.35  ;
9937 -17.6 31.25 -0.35  ;
9944 2.4 31.5 -0.35  ;
9950 19.98 31.5 -0.35  ;
9956 25.15 31.5 -0.35  ;
9961 26.81 31.355 -0.35  ;
9962 27.4 30.96 -0.35  ;
9969 44.84 31.355 -0.35  ;
9975 54.18 31.355 -0.35  ;
9981 70.37 31.355 -0.35  ;
10045 -9.33 23.75 -0.35  ;
10051 2.4 23.75 -0.35  ;
10057 13.59 23.75 -0.35  ;
10064 22.39 24.0 -0.35  ;
10070 28.535 24.0 -0.35  ;
10076 30.905 24.0 -0.35  ;
10081 32.485 23.5 -0.35  ;
10082 32.565 23.895 -0.35  ;
10089 42.825 24.29 -0.35  ;
10095 52.175 24.29 -0.35  ;
10101 58.57 24.29 -0.35  ;
10108 73.695 23.5 -0.35  ;
10114 82.365 23.5 -0.35  ;
10202 -15.19 23.25 -0.35  ;
10209 5.065 23.0 -0.35  ;
10215 22.39 23.0 -0.35  ;
10221 30.315 23.0 -0.35  ;
10228 32.74 22.71 -0.35  ;
10234 48.165 22.71 -0.35  ;
10240 58.57 22.71 -0.35  ;
10247 75.7 23.105 -0.35  ;
11668 -8.8 31.75 -0.56  ;
11674 8.26 31.75 -0.56  ;
11680 22.23 31.75 -0.56  ;
11687 26.27 31.75 -0.77  ;
11693 34.16 31.75 -0.56  ;
11699 48.84 31.75 -0.56  ;
11706 63.315 31.75 -0.77  ;
11712 77.035 31.75 -0.77  ;
11775 -8.8 31.75 -2.08  ;
11781 8.26 31.75 -2.08  ;
11788 23.355 31.75 -3.39  ;
11794 26.27 31.75 -2.185  ;
11800 26.395 31.75 -2.315  ;
11807 34.16 31.75 -3.175  ;
11813 44.84 31.75 -3.175  ;
11819 52.3 31.75 -3.175  ;
11826 57.225 31.75 -4.48  ;
11832 68.365 31.75 -4.48  ;
11838 77.035 31.75 -4.48  ;
11920 -17.6 31.75 -4.48  ;
11927 8.26 31.75 -3.935  ;
11933 22.23 31.75 -3.935  ;
11939 26.81 31.75 -1.32  ;
11946 54.18 31.75 -1.32  ;
11952 85.79 31.75 -1.32  ;
11990 -14.67 31.75 -4.69  ;
11996 19.98 31.75 -4.69  ;
12001 25.98 31.75 -4.69  ;
12002 26.81 31.75 -4.69  ;
12009 54.18 31.75 -4.69  ;
12015 85.79 31.75 -4.69  ;
12047 -6.395 23.5 -0.77  ;
12053 10.66 23.5 -0.77  ;
12059 26.445 23.5 -0.77  ;
12066 31.32 23.5 -0.56  ;
12072 36.155 23.5 -0.77  ;
12078 52.175 23.5 -0.77  ;
12085 65.6 23.5 -0.56  ;
12091 79.7 23.5 -0.56  ;
12154 -6.395 23.5 -3.39  ;
12160 10.66 23.5 -3.39  ;
12167 27.57 23.5 -2.08  ;
12173 31.32 23.5 -1.635  ;
12179 31.03 23.5 -4.48  ;
12186 36.155 23.5 -1.87  ;
12192 48.165 23.5 -1.87  ;
12198 55.905 23.5 -1.87  ;
12205 65.6 23.5 -3.175  ;
12211 75.7 23.5 -3.175  ;
12299 -9.33 23.5 -3.935  ;
12306 5.065 23.5 -4.48  ;
12312 22.39 23.5 -4.48  ;
12318 30.155 23.5 -4.48  ;
12325 57.63 23.5 -1.32  ;
12369 -15.19 23.5 -4.69  ;
12375 19.46 23.5 -4.69  ;
12381 31.32 23.5 -4.69  ;
12388 57.63 23.5 -4.69  ;
14365 22.23 32.25 -0.77  ;
14371 26.97 32.54 -0.77  ;
14390 -20.53 31.25 -0.56  ;
14396 19.98 31.25 -0.56  ;
14401 24.8 31.25 -0.77  ;
14402 24.8 31.25 -0.56  ;
14409 40.83 31.355 -0.77  ;
14415 66.36 31.355 -0.77  ;
14453 -20.53 32.0 -3.39  ;
14459 22.23 32.0 -3.39  ;
14466 26.97 32.54 -1.32  ;
14485 2.4 31.25 -3.39  ;
14491 22.23 31.25 -3.39  ;
14497 27.99 30.96 -1.87  ;
14504 54.18 30.96 -1.32  ;
14510 79.7 30.96 -1.32  ;
14548 19.98 32.25 -4.48  ;
14554 24.16 32.25 -4.48  ;
14579 2.4 31.25 -3.935  ;
14586 22.23 31.5 -4.48  ;
14592 27.735 31.355 -4.48  ;
14598 54.18 31.355 -4.48  ;
14641 24.16 32.25 -4.69  ;
14642 26.97 32.54 -4.69  ;
14649 2.4 31.25 -4.69  ;
14655 54.18 30.96 -4.69  ;
14674 2.4 24.0 -0.56  ;
14680 27.57 24.0 -0.56  ;
14687 54.18 24.29 -0.77  ;
14718 -15.19 23.0 -0.56  ;
14725 25.32 23.25 -0.77  ;
14731 29.98 23.25 -0.77  ;
14737 59.51 23.105 -0.77  ;
14769 2.4 23.75 -3.39  ;
14775 27.57 23.75 -3.39  ;
14781 32.565 23.895 -1.87  ;
14788 79.7 24.29 -1.32  ;
14813 -15.19 23.0 -3.39  ;
14819 25.32 23.0 -3.39  ;
14826 30.14 23.0 -2.08  ;
14832 59.51 22.71 -1.32  ;
14864 2.4 24.0 -4.48  ;
14870 27.57 24.0 -4.48  ;
14876 32.31 24.29 -4.48  ;
14881 54.18 24.29 -3.175  ;
14882 79.7 24.29 -4.48  ;
14914 7.73 23.25 -4.48  ;
14920 27.57 23.25 -4.48  ;
14927 59.51 22.71 -4.48  ;
14958 2.4 24.0 -4.69  ;
14977 30.14 23.0 -4.69  ;
