3 -15.19 23.5 0.0  ;
11 -14.67 31.75 0.0  ;
497 -14.67 32.25 -0.35  ;
607 -14.67 31.25 -0.35  ;
661 -15.19 24.0 -0.35  ;
771 -15.19 23.0 -0.35  ;
1652 -14.67 32.25 -4.9  ;
1707 -14.67 31.75 -4.9  ;
1762 -14.67 31.25 -4.9  ;
1816 -15.19 24.0 -4.9  ;
1871 -15.19 23.5 -4.9  ;
1926 -15.19 23.0 -4.9  ;
2862 -14.67 31.75 -3.39  ;
2921 -14.67 31.75 -4.48  ;
2975 -15.19 23.5 -0.77  ;
3030 -15.19 23.5 -3.39  ;
3089 -15.19 23.5 -4.48  ;
6984 -14.925 32.145 0.0  ;
6986 -17.86 27.625 0.0  ;
6987 -12.26 23.5 0.0  ;
7009 -12.245 32.54 0.0  ;
7892 -14.67 32.0 -4.9  ;
8050 -17.6 31.25 -4.9  ;
8051 -14.67 31.5 -4.9  ;
8157 -12.26 23.5 -4.9  ;
8159 -12.26 24.0 -4.9  ;
8315 -15.19 23.25 -4.9  ;
8316 -12.26 23.0 -4.9  ;
9781 -11.735 31.75 -0.35  ;
9783 -11.735 32.25 -0.35  ;
9938 -14.67 31.5 -0.35  ;
9939 -11.735 31.25 -0.35  ;
10043 -15.19 23.75 -0.35  ;
10044 -12.26 23.5 -0.35  ;
10046 -12.26 24.0 -0.35  ;
10203 -12.26 23.0 -0.35  ;
11666 -14.67 31.75 -0.56  ;
11667 -11.735 31.75 -0.77  ;
11773 -14.67 31.75 -2.08  ;
11774 -11.735 31.75 -3.39  ;
11919 -14.67 31.75 -3.935  ;
11922 -11.735 31.75 -4.48  ;
12044 -15.19 23.5 -0.56  ;
12045 -12.26 23.5 -0.77  ;
12151 -15.19 23.5 -2.08  ;
12152 -12.26 23.5 -3.39  ;
12298 -15.19 23.5 -3.935  ;
12300 -12.26 23.5 -4.48  ;
14669 -15.19 24.0 -0.77  ;
14670 -15.19 23.75 -0.77  ;
14671 -15.19 24.0 -0.56  ;
14717 -15.19 23.0 -0.77  ;
14719 -15.19 23.25 -0.77  ;
14765 -15.19 24.0 -3.39  ;
14766 -15.19 23.75 -3.39  ;
14767 -15.19 24.0 -2.08  ;
14814 -15.19 23.0 -2.08  ;
14815 -15.19 23.25 -3.39  ;
14861 -15.19 24.0 -4.48  ;
14862 -15.19 23.75 -4.48  ;
14863 -15.19 24.0 -3.935  ;
14909 -15.19 23.0 -4.48  ;
14910 -15.19 23.0 -3.935  ;
14911 -15.19 23.25 -4.48  ;
14957 -15.19 24.0 -4.69  ;
14973 -15.19 23.0 -4.69  ;
552 -14.67 31.75 -0.35  ;
716 -15.19 23.5 -0.35  ;
2807 -14.67 31.75 -0.77  ;
6988 -12.0 27.625 0.0  ;
7007 -11.735 31.75 0.0  ;
8156 -15.19 23.75 -4.9  ;
9779 -14.67 32.0 -0.35  ;
10202 -15.19 23.25 -0.35  ;
11990 -14.67 31.75 -4.69  ;
12369 -15.19 23.5 -4.69  ;
14718 -15.19 23.0 -0.56  ;
14813 -15.19 23.0 -3.39  ;
