5 -4.53 7.0 0.0  ;
13 -4.0 15.25 0.0  ;
14 1.33 7.0 0.0  ;
22 1.87 15.25 0.0  ;
31 7.73 15.25 0.0  ;
775 7.73 23.0 -0.35  ;
828 1.87 15.75 -0.35  ;
829 7.73 15.75 -0.35  ;
882 -4.0 15.25 -0.35  ;
883 1.87 15.25 -0.35  ;
884 7.73 15.25 -0.35  ;
938 1.87 14.75 -0.35  ;
939 7.73 14.75 -0.35  ;
991 -4.53 7.5 -0.35  ;
992 1.33 7.5 -0.35  ;
1046 -4.53 7.0 -0.35  ;
1047 1.33 7.0 -0.35  ;
1102 1.33 6.5 -0.35  ;
1982 -4.0 15.75 -4.9  ;
1983 1.87 15.75 -4.9  ;
1984 7.73 15.75 -4.9  ;
2037 -4.0 15.25 -4.9  ;
2038 1.87 15.25 -4.9  ;
2039 7.73 15.25 -4.9  ;
2092 -4.0 14.75 -4.9  ;
2094 7.73 14.75 -4.9  ;
2146 -4.53 7.5 -4.9  ;
2147 1.33 7.5 -4.9  ;
2201 -4.53 7.0 -4.9  ;
2202 1.33 7.0 -4.9  ;
2256 -4.53 6.5 -4.9  ;
3145 -4.0 15.25 -0.77  ;
3146 1.87 15.25 -0.77  ;
3147 7.73 15.25 -0.77  ;
3200 -4.0 15.25 -3.39  ;
3201 1.87 15.25 -3.39  ;
3202 7.73 15.25 -3.39  ;
3259 -4.0 15.25 -4.48  ;
3260 1.87 15.25 -4.48  ;
3313 -4.53 7.0 -0.77  ;
3314 1.33 7.0 -0.77  ;
3368 -4.53 7.0 -3.39  ;
3427 -4.53 7.0 -4.48  ;
3428 1.33 7.0 -4.48  ;
4151 7.73 16.25 -4.48  ;
4191 7.73 20.0 -4.48  ;
4192 7.73 18.75 -4.48  ;
4193 7.73 17.5 -4.48  ;
4331 7.73 22.5 -4.03  ;
4368 7.73 19.88 -2.85  ;
4369 7.73 19.38 -2.63  ;
4439 7.73 18.88 -2.41  ;
4475 7.73 16.25 -1.22  ;
4511 7.73 22.5 -1.22  ;
4547 7.73 19.88 -2.41  ;
4583 7.73 18.88 -2.85  ;
4658 7.73 21.976 -3.794  ;
4659 7.73 21.452 -3.558  ;
4660 7.73 20.928 -3.322  ;
4661 7.73 20.404 -3.086  ;
4803 7.73 17.828 -1.934  ;
4804 7.73 17.302 -1.696  ;
4805 7.73 16.776 -1.458  ;
4946 7.73 21.976 -1.458  ;
4947 7.73 21.452 -1.696  ;
4949 7.73 20.404 -2.172  ;
5090 7.73 18.354 -3.086  ;
5091 7.73 17.828 -3.322  ;
5092 7.73 17.302 -3.558  ;
6992 -7.195 11.125 0.0  ;
6993 -1.6 7.0 0.0  ;
7012 -1.065 15.25 0.0  ;
7015 4.535 11.125 0.0  ;
7029 4.8 15.25 0.0  ;
7030 5.065 19.375 0.0  ;
8424 -4.0 15.5 -4.9  ;
8426 -1.065 15.25 -4.9  ;
8427 1.87 15.5 -4.9  ;
8429 4.8 15.25 -4.9  ;
8430 7.73 15.5 -4.9  ;
8431 4.8 15.75 -4.9  ;
8582 -6.93 14.75 -4.9  ;
8583 -4.0 15.0 -4.9  ;
8584 -1.065 14.75 -4.9  ;
8585 1.87 15.0 -4.9  ;
8587 7.73 15.0 -4.9  ;
8688 -4.53 7.25 -4.9  ;
8689 -1.6 7.0 -4.9  ;
8690 1.33 7.25 -4.9  ;
8691 -1.6 7.5 -4.9  ;
8847 -4.53 6.75 -4.9  ;
8848 -1.6 6.5 -4.9  ;
8849 1.33 6.75 -4.9  ;
10311 -4.0 15.5 -0.35  ;
10313 -1.065 15.25 -0.35  ;
10314 1.87 15.5 -0.35  ;
10315 -1.065 15.75 -0.35  ;
10317 7.73 15.5 -0.35  ;
10318 4.8 15.75 -0.35  ;
10470 -4.0 15.0 -0.35  ;
10471 -1.065 14.75 -0.35  ;
10472 1.87 15.0 -0.35  ;
10473 4.8 14.75 -0.35  ;
10576 -1.6 7.0 -0.35  ;
10577 1.33 7.25 -0.35  ;
10578 -1.6 7.5 -0.35  ;
10734 -4.53 6.75 -0.35  ;
10735 -1.6 6.5 -0.35  ;
10736 1.33 6.75 -0.35  ;
12159 7.73 23.5 -2.08  ;
12305 7.73 23.5 -3.935  ;
12427 -1.065 15.25 -0.77  ;
12428 1.87 15.25 -0.56  ;
12429 4.8 15.25 -0.77  ;
12430 7.73 15.25 -0.56  ;
12534 -1.065 15.25 -3.39  ;
12535 1.87 15.25 -2.08  ;
12536 4.8 15.25 -3.39  ;
12537 7.73 15.25 -2.08  ;
12679 -4.0 15.25 -3.935  ;
12681 1.87 15.25 -3.935  ;
12682 -1.065 15.25 -4.48  ;
12683 7.73 15.25 -3.935  ;
12684 4.8 15.25 -4.48  ;
12750 -4.0 15.25 -4.69  ;
12751 1.87 15.25 -4.69  ;
12752 7.73 15.25 -4.69  ;
12804 -4.53 7.0 -0.56  ;
12806 1.33 7.0 -0.56  ;
12911 -4.53 7.0 -2.08  ;
12913 1.33 7.0 -2.08  ;
13058 -4.53 7.0 -3.935  ;
13059 1.33 7.0 -3.935  ;
13060 -1.6 7.0 -4.48  ;
13129 -4.53 7.0 -4.69  ;
13130 1.33 7.0 -4.69  ;
14720 7.73 23.0 -0.77  ;
14721 7.73 23.0 -0.56  ;
14722 7.73 23.25 -0.77  ;
14816 7.73 23.0 -3.39  ;
14817 7.73 23.0 -2.08  ;
14818 7.73 23.25 -3.39  ;
14913 7.73 23.0 -3.935  ;
14992 7.73 15.75 -0.77  ;
14993 7.73 15.5 -0.77  ;
14994 7.73 15.75 -0.56  ;
15088 7.73 15.75 -3.39  ;
15089 7.73 15.5 -3.39  ;
15090 7.73 15.75 -2.08  ;
15184 7.73 15.75 -4.48  ;
15185 7.73 15.5 -4.48  ;
15278 7.73 15.75 -4.69  ;
15309 -4.53 7.5 -0.77  ;
15310 -4.53 7.25 -0.77  ;
15311 -4.53 7.5 -0.56  ;
15357 -4.53 6.5 -0.77  ;
15358 -4.53 6.5 -0.56  ;
15359 -4.53 6.75 -0.77  ;
15405 -4.53 7.5 -3.39  ;
15406 -4.53 7.25 -3.39  ;
15453 -4.53 6.5 -3.39  ;
15454 -4.53 6.5 -2.08  ;
15455 -4.53 6.75 -3.39  ;
15502 -4.53 7.25 -4.48  ;
15503 -4.53 7.5 -3.935  ;
15549 -4.53 6.5 -4.48  ;
15550 -4.53 6.5 -3.935  ;
15551 -4.53 6.75 -4.48  ;
15597 -4.53 7.5 -4.69  ;
15613 -4.53 6.5 -4.69  ;
937 -4.0 14.75 -0.35  ;
1101 -4.53 6.5 -0.35  ;
2093 1.87 14.75 -4.9  ;
2257 1.33 6.5 -4.9  ;
3034 7.73 23.5 -3.39  ;
3261 7.73 15.25 -4.48  ;
3369 1.33 7.0 -3.39  ;
4619 7.73 16.25 -4.03  ;
4802 7.73 18.354 -2.172  ;
4948 7.73 20.928 -1.934  ;
5093 7.73 16.776 -3.794  ;
6994 -1.335 11.125 0.0  ;
8428 -1.065 15.75 -4.9  ;
8586 4.8 14.75 -4.9  ;
10316 4.8 15.25 -0.35  ;
10474 7.73 15.0 -0.35  ;
10575 -4.53 7.25 -0.35  ;
10581 4.265 7.5 -0.35  ;
12426 -4.0 15.25 -0.56  ;
12533 -4.0 15.25 -2.08  ;
12805 -1.6 7.0 -0.77  ;
12912 -1.6 7.0 -3.39  ;
15186 7.73 15.75 -3.935  ;
15407 -4.53 7.5 -2.08  ;
15501 -4.53 7.5 -4.48  ;
