4 -9.86 15.25 0.0  ;
13 -4.0 15.25 0.0  ;
22 1.87 15.25 0.0  ;
30 2.4 23.5 0.0  ;
664 2.4 24.0 -0.35  ;
719 2.4 23.5 -0.35  ;
774 2.4 23.0 -0.35  ;
826 -9.86 15.75 -0.35  ;
827 -4.0 15.75 -0.35  ;
828 1.87 15.75 -0.35  ;
881 -9.86 15.25 -0.35  ;
882 -4.0 15.25 -0.35  ;
883 1.87 15.25 -0.35  ;
936 -9.86 14.75 -0.35  ;
938 1.87 14.75 -0.35  ;
1819 2.4 24.0 -4.9  ;
1874 2.4 23.5 -4.9  ;
1981 -9.86 15.75 -4.9  ;
1982 -4.0 15.75 -4.9  ;
1983 1.87 15.75 -4.9  ;
2037 -4.0 15.25 -4.9  ;
2038 1.87 15.25 -4.9  ;
2091 -9.86 14.75 -4.9  ;
2092 -4.0 14.75 -4.9  ;
2978 2.4 23.5 -0.77  ;
3033 2.4 23.5 -3.39  ;
3092 2.4 23.5 -4.48  ;
3144 -9.86 15.25 -0.77  ;
3145 -4.0 15.25 -0.77  ;
3146 1.87 15.25 -0.77  ;
3199 -9.86 15.25 -3.39  ;
3200 -4.0 15.25 -3.39  ;
3201 1.87 15.25 -3.39  ;
3258 -9.86 15.25 -4.48  ;
3259 -4.0 15.25 -4.48  ;
3260 1.87 15.25 -4.48  ;
4150 2.4 24.5 -4.48  ;
4618 2.4 24.5 -4.03  ;
5089 2.4 25.026 -3.794  ;
6990 -6.93 15.25 0.0  ;
6992 -7.195 11.125 0.0  ;
7012 -1.065 15.25 0.0  ;
7029 4.8 15.25 0.0  ;
7030 5.065 19.375 0.0  ;
7044 5.065 23.5 0.0  ;
8163 -0.53 23.5 -4.9  ;
8164 2.4 23.75 -4.9  ;
8166 5.065 23.5 -4.9  ;
8168 5.065 24.0 -4.9  ;
8321 2.4 23.25 -4.9  ;
8322 5.065 23.0 -4.9  ;
8422 -9.86 15.5 -4.9  ;
8423 -6.93 15.25 -4.9  ;
8424 -4.0 15.5 -4.9  ;
8425 -6.93 15.75 -4.9  ;
8426 -1.065 15.25 -4.9  ;
8427 1.87 15.5 -4.9  ;
8429 4.8 15.25 -4.9  ;
8431 4.8 15.75 -4.9  ;
8581 -9.86 15.0 -4.9  ;
8582 -6.93 14.75 -4.9  ;
8583 -4.0 15.0 -4.9  ;
8584 -1.065 14.75 -4.9  ;
8585 1.87 15.0 -4.9  ;
10053 5.065 23.5 -0.35  ;
10055 5.065 24.0 -0.35  ;
10208 2.4 23.25 -0.35  ;
10309 -9.86 15.5 -0.35  ;
10311 -4.0 15.5 -0.35  ;
10312 -6.93 15.75 -0.35  ;
10313 -1.065 15.25 -0.35  ;
10314 1.87 15.5 -0.35  ;
10315 -1.065 15.75 -0.35  ;
10318 4.8 15.75 -0.35  ;
10469 -6.93 14.75 -0.35  ;
10470 -4.0 15.0 -0.35  ;
10471 -1.065 14.75 -0.35  ;
10472 1.87 15.0 -0.35  ;
10473 4.8 14.75 -0.35  ;
12050 2.4 23.5 -0.56  ;
12051 5.065 23.5 -0.77  ;
12157 2.4 23.5 -2.08  ;
12158 5.065 23.5 -3.39  ;
12303 2.4 23.5 -3.935  ;
12304 -0.53 23.5 -4.48  ;
12372 2.4 23.5 -4.69  ;
12424 -9.86 15.25 -0.56  ;
12425 -6.93 15.25 -0.77  ;
12427 -1.065 15.25 -0.77  ;
12428 1.87 15.25 -0.56  ;
12429 4.8 15.25 -0.77  ;
12531 -9.86 15.25 -2.08  ;
12532 -6.93 15.25 -3.39  ;
12534 -1.065 15.25 -3.39  ;
12535 1.87 15.25 -2.08  ;
12536 4.8 15.25 -3.39  ;
12679 -4.0 15.25 -3.935  ;
12680 -6.93 15.25 -4.48  ;
12681 1.87 15.25 -3.935  ;
12682 -1.065 15.25 -4.48  ;
12684 4.8 15.25 -4.48  ;
12749 -9.86 15.25 -4.69  ;
12750 -4.0 15.25 -4.69  ;
12751 1.87 15.25 -4.69  ;
14672 2.4 24.0 -0.77  ;
14673 2.4 23.75 -0.77  ;
14768 2.4 24.0 -3.39  ;
14770 2.4 24.0 -2.08  ;
14865 2.4 23.75 -4.48  ;
14866 2.4 24.0 -3.935  ;
14989 -9.86 15.75 -0.77  ;
14991 -9.86 15.75 -0.56  ;
15037 -9.86 14.75 -0.77  ;
15038 -9.86 14.75 -0.56  ;
15039 -9.86 15.0 -0.77  ;
15086 -9.86 15.5 -3.39  ;
15087 -9.86 15.75 -2.08  ;
15133 -9.86 14.75 -3.39  ;
15134 -9.86 14.75 -2.08  ;
15181 -9.86 15.75 -4.48  ;
15182 -9.86 15.5 -4.48  ;
15183 -9.86 15.75 -3.935  ;
15229 -9.86 14.75 -4.48  ;
15231 -9.86 15.0 -4.48  ;
15277 -9.86 15.75 -4.69  ;
15309 -4.53 7.5 -0.77  ;
15311 -4.53 7.5 -0.56  ;
937 -4.0 14.75 -0.35  ;
1929 2.4 23.0 -4.9  ;
2036 -9.86 15.25 -4.9  ;
2093 1.87 14.75 -4.9  ;
4474 2.4 24.5 -1.22  ;
6994 -1.335 11.125 0.0  ;
7013 -0.795 19.375 0.0  ;
8320 -0.53 23.0 -4.9  ;
8428 -1.065 15.75 -4.9  ;
8586 4.8 14.75 -4.9  ;
10051 2.4 23.75 -0.35  ;
10209 5.065 23.0 -0.35  ;
10310 -6.93 15.25 -0.35  ;
10316 4.8 15.25 -0.35  ;
10468 -9.86 15.0 -0.35  ;
12306 5.065 23.5 -4.48  ;
12426 -4.0 15.25 -0.56  ;
12533 -4.0 15.25 -2.08  ;
12678 -9.86 15.25 -3.935  ;
14674 2.4 24.0 -0.56  ;
14769 2.4 23.75 -3.39  ;
14864 2.4 24.0 -4.48  ;
14958 2.4 24.0 -4.69  ;
14990 -9.86 15.5 -0.77  ;
15085 -9.86 15.75 -3.39  ;
15135 -9.86 15.0 -3.39  ;
15230 -9.86 14.75 -3.935  ;
15293 -9.86 14.75 -4.69  ;
15407 -4.53 7.5 -2.08  ;
