5 -4.53 7.0 0.0  ;
6 0.81 -1.25 0.0  ;
14 1.33 7.0 0.0  ;
23 7.2 7.0 0.0  ;
31 7.73 15.25 0.0  ;
829 7.73 15.75 -0.35  ;
884 7.73 15.25 -0.35  ;
939 7.73 14.75 -0.35  ;
991 -4.53 7.5 -0.35  ;
992 1.33 7.5 -0.35  ;
993 7.2 7.5 -0.35  ;
1046 -4.53 7.0 -0.35  ;
1047 1.33 7.0 -0.35  ;
1048 7.2 7.0 -0.35  ;
1102 1.33 6.5 -0.35  ;
1103 7.2 6.5 -0.35  ;
1156 0.81 -0.75 -0.35  ;
1211 0.81 -1.25 -0.35  ;
2146 -4.53 7.5 -4.9  ;
2147 1.33 7.5 -4.9  ;
2148 7.2 7.5 -4.9  ;
2201 -4.53 7.0 -4.9  ;
2202 1.33 7.0 -4.9  ;
2203 7.2 7.0 -4.9  ;
2256 -4.53 6.5 -4.9  ;
2258 7.2 6.5 -4.9  ;
2311 0.81 -0.75 -4.9  ;
3147 7.73 15.25 -0.77  ;
3313 -4.53 7.0 -0.77  ;
3314 1.33 7.0 -0.77  ;
3315 7.2 7.0 -0.77  ;
3368 -4.53 7.0 -3.39  ;
3370 7.2 7.0 -3.39  ;
3427 -4.53 7.0 -4.48  ;
3428 1.33 7.0 -4.48  ;
3429 7.2 7.0 -4.48  ;
4475 7.73 16.25 -1.22  ;
6993 -1.6 7.0 0.0  ;
6995 -1.86 2.875 0.0  ;
6997 4.0 2.875 0.0  ;
7014 4.265 7.0 0.0  ;
7015 4.535 11.125 0.0  ;
8429 4.8 15.25 -4.9  ;
8688 -4.53 7.25 -4.9  ;
8689 -1.6 7.0 -4.9  ;
8690 1.33 7.25 -4.9  ;
8691 -1.6 7.5 -4.9  ;
8692 4.265 7.0 -4.9  ;
8694 4.265 7.5 -4.9  ;
8847 -4.53 6.75 -4.9  ;
8848 -1.6 6.5 -4.9  ;
8849 1.33 6.75 -4.9  ;
8850 4.265 6.5 -4.9  ;
10317 7.73 15.5 -0.35  ;
10576 -1.6 7.0 -0.35  ;
10577 1.33 7.25 -0.35  ;
10578 -1.6 7.5 -0.35  ;
10579 4.265 7.0 -0.35  ;
10580 7.2 7.25 -0.35  ;
10734 -4.53 6.75 -0.35  ;
10735 -1.6 6.5 -0.35  ;
10736 1.33 6.75 -0.35  ;
10737 4.265 6.5 -0.35  ;
10738 7.2 6.75 -0.35  ;
10841 0.81 -1.0 -0.35  ;
11000 0.81 -1.5 -0.35  ;
12430 7.73 15.25 -0.56  ;
12684 4.8 15.25 -4.48  ;
12804 -4.53 7.0 -0.56  ;
12806 1.33 7.0 -0.56  ;
12807 4.265 7.0 -0.77  ;
12808 7.2 7.0 -0.56  ;
12911 -4.53 7.0 -2.08  ;
12913 1.33 7.0 -2.08  ;
12914 4.265 7.0 -3.39  ;
12915 7.2 7.0 -2.08  ;
13058 -4.53 7.0 -3.935  ;
13059 1.33 7.0 -3.935  ;
13060 -1.6 7.0 -4.48  ;
13061 7.2 7.0 -3.935  ;
13062 4.265 7.0 -4.48  ;
13129 -4.53 7.0 -4.69  ;
13130 1.33 7.0 -4.69  ;
13131 7.2 7.0 -4.69  ;
14992 7.73 15.75 -0.77  ;
14993 7.73 15.5 -0.77  ;
14994 7.73 15.75 -0.56  ;
15309 -4.53 7.5 -0.77  ;
15310 -4.53 7.25 -0.77  ;
15311 -4.53 7.5 -0.56  ;
15357 -4.53 6.5 -0.77  ;
15358 -4.53 6.5 -0.56  ;
15359 -4.53 6.75 -0.77  ;
15405 -4.53 7.5 -3.39  ;
15406 -4.53 7.25 -3.39  ;
15453 -4.53 6.5 -3.39  ;
15454 -4.53 6.5 -2.08  ;
15455 -4.53 6.75 -3.39  ;
15502 -4.53 7.25 -4.48  ;
15503 -4.53 7.5 -3.935  ;
15549 -4.53 6.5 -4.48  ;
15550 -4.53 6.5 -3.935  ;
15551 -4.53 6.75 -4.48  ;
15597 -4.53 7.5 -4.69  ;
15613 -4.53 6.5 -4.69  ;
15629 0.81 -0.75 -0.77  ;
15630 0.81 -1.0 -0.77  ;
15631 0.81 -0.75 -0.56  ;
15677 0.81 -1.75 -0.77  ;
15679 0.81 -1.5 -0.77  ;
15725 0.81 -0.75 -3.39  ;
15726 0.81 -1.0 -3.39  ;
15727 0.81 -0.75 -2.08  ;
15821 0.81 -0.75 -4.48  ;
15823 0.81 -0.75 -3.935  ;
15917 0.81 -0.75 -4.69  ;
1101 -4.53 6.5 -0.35  ;
1266 0.81 -1.75 -0.35  ;
2257 1.33 6.5 -4.9  ;
3369 1.33 7.0 -3.39  ;
3482 0.81 -1.25 -0.77  ;
8586 4.8 14.75 -4.9  ;
8693 7.2 7.25 -4.9  ;
8851 7.2 6.75 -4.9  ;
10474 7.73 15.0 -0.35  ;
10575 -4.53 7.25 -0.35  ;
10581 4.265 7.5 -0.35  ;
12805 -1.6 7.0 -0.77  ;
12912 -1.6 7.0 -3.39  ;
13184 0.81 -1.25 -0.56  ;
13291 0.81 -1.25 -2.08  ;
15407 -4.53 7.5 -2.08  ;
15501 -4.53 7.5 -4.48  ;
15678 0.81 -1.75 -0.56  ;
