3 -15.19 23.5 0.0  ;
4 -9.86 15.25 0.0  ;
12 -9.33 23.5 0.0  ;
661 -15.19 24.0 -0.35  ;
662 -9.33 24.0 -0.35  ;
717 -9.33 23.5 -0.35  ;
771 -15.19 23.0 -0.35  ;
772 -9.33 23.0 -0.35  ;
826 -9.86 15.75 -0.35  ;
881 -9.86 15.25 -0.35  ;
936 -9.86 14.75 -0.35  ;
1816 -15.19 24.0 -4.9  ;
1817 -9.33 24.0 -4.9  ;
1871 -15.19 23.5 -4.9  ;
1926 -15.19 23.0 -4.9  ;
1927 -9.33 23.0 -4.9  ;
2975 -15.19 23.5 -0.77  ;
2976 -9.33 23.5 -0.77  ;
3030 -15.19 23.5 -3.39  ;
3031 -9.33 23.5 -3.39  ;
3089 -15.19 23.5 -4.48  ;
3090 -9.33 23.5 -4.48  ;
3144 -9.86 15.25 -0.77  ;
6987 -12.26 23.5 0.0  ;
6989 -12.525 19.375 0.0  ;
8157 -12.26 23.5 -4.9  ;
8158 -9.33 23.75 -4.9  ;
8159 -12.26 24.0 -4.9  ;
8315 -15.19 23.25 -4.9  ;
8316 -12.26 23.0 -4.9  ;
8317 -9.33 23.25 -4.9  ;
10043 -15.19 23.75 -0.35  ;
10044 -12.26 23.5 -0.35  ;
10046 -12.26 24.0 -0.35  ;
10203 -12.26 23.0 -0.35  ;
10204 -9.33 23.25 -0.35  ;
10309 -9.86 15.5 -0.35  ;
12044 -15.19 23.5 -0.56  ;
12045 -12.26 23.5 -0.77  ;
12046 -9.33 23.5 -0.56  ;
12151 -15.19 23.5 -2.08  ;
12152 -12.26 23.5 -3.39  ;
12153 -9.33 23.5 -2.08  ;
12298 -15.19 23.5 -3.935  ;
12300 -12.26 23.5 -4.48  ;
12370 -9.33 23.5 -4.69  ;
12424 -9.86 15.25 -0.56  ;
12531 -9.86 15.25 -2.08  ;
14669 -15.19 24.0 -0.77  ;
14670 -15.19 23.75 -0.77  ;
14671 -15.19 24.0 -0.56  ;
14717 -15.19 23.0 -0.77  ;
14719 -15.19 23.25 -0.77  ;
14765 -15.19 24.0 -3.39  ;
14766 -15.19 23.75 -3.39  ;
14767 -15.19 24.0 -2.08  ;
14814 -15.19 23.0 -2.08  ;
14815 -15.19 23.25 -3.39  ;
14861 -15.19 24.0 -4.48  ;
14862 -15.19 23.75 -4.48  ;
14863 -15.19 24.0 -3.935  ;
14909 -15.19 23.0 -4.48  ;
14910 -15.19 23.0 -3.935  ;
14911 -15.19 23.25 -4.48  ;
14957 -15.19 24.0 -4.69  ;
14973 -15.19 23.0 -4.69  ;
14989 -9.86 15.75 -0.77  ;
14991 -9.86 15.75 -0.56  ;
15037 -9.86 14.75 -0.77  ;
15038 -9.86 14.75 -0.56  ;
15039 -9.86 15.0 -0.77  ;
15086 -9.86 15.5 -3.39  ;
15087 -9.86 15.75 -2.08  ;
15181 -9.86 15.75 -4.48  ;
15183 -9.86 15.75 -3.935  ;
15277 -9.86 15.75 -4.69  ;
716 -15.19 23.5 -0.35  ;
1872 -9.33 23.5 -4.9  ;
8156 -15.19 23.75 -4.9  ;
10045 -9.33 23.75 -0.35  ;
10202 -15.19 23.25 -0.35  ;
10468 -9.86 15.0 -0.35  ;
12299 -9.33 23.5 -3.935  ;
12369 -15.19 23.5 -4.69  ;
14718 -15.19 23.0 -0.56  ;
14813 -15.19 23.0 -3.39  ;
14990 -9.86 15.5 -0.77  ;
15085 -9.86 15.75 -3.39  ;
