42 8 0.15384615384615385
41 48 1.0
40 48 1.0
38 48 1.0
37 52 1.0
36 48 1.0
35 48 1.0
34 48 1.0
33 48 1.0
32 655 0.48771407297096053
31 1477 0.5502980625931445
30 826 0.615958240119314
29 605 0.6767337807606264
28 918 0.6845637583892618
27 612 0.6837988826815642
26 1833 0.6824274013402829
59 170 0.5882352941176471
58 306 1.0
57 64 0.23529411764705882
56 238 1.0
55 238 1.0
54 39 0.007358490566037735
53 4382 0.8267924528301887
51 13855 0.6479749321859508
50 16965 0.7929793400018696
49 1261 0.05893900444028979
48 13 0.003620161514898357
47 4431 0.720722186076773
