46 48 1.0
45 48 1.0
44 48 1.0
43 48 1.0
41 31 0.6458333333333334
40 48 1.0
39 47 0.9791666666666666
32 918 0.6835443037974683
31 1833 0.6829359165424739
30 836 0.6234153616703952
29 503 0.5626398210290827
28 673 0.5018642803877703
27 395 0.441340782122905
26 1031 0.3838421444527178
62 151 0.592156862745098
61 272 1.0
60 272 1.0
59 54 0.18685121107266436
58 306 1.0
57 135 0.4963235294117647
54 4643 0.8760377358490566
53 1056 0.19924528301886793
51 17246 0.8065662706949771
50 11403 0.5329999065158456
48 3108 0.8654970760233918
