46 48 1.0
45 48 1.0
44 48 1.0
43 48 1.0
42 52 1.0
41 12 0.25
39 48 1.0
38 48 1.0
37 52 1.0
36 48 1.0
35 48 1.0
34 12 0.25
32 1343 1.0
31 2684 1.0
30 1341 1.0
29 894 1.0
28 1341 1.0
27 895 1.0
62 255 1.0
61 261 0.9595588235294118
60 89 0.3272058823529412
59 289 1.0
58 306 1.0
57 262 0.9632352941176471
56 78 0.3277310924369748
55 238 1.0
54 4102 0.7739622641509434
53 4102 0.7739622641509434
52 7919 0.37067028646320915
51 17805 0.8327097558694229
50 7921 0.3702439936430775
49 17816 0.832717924748773
48 2797 0.7788916736285157
47 4774 0.7765126870527
