7 6.14 -9.5 0.0  ;
1376 6.14 -9.5 -0.35  ;
1431 6.14 -10.0 -0.35  ;
1486 11.48 -17.25 -0.35  ;
2476 6.14 -9.0 -4.9  ;
2531 6.14 -9.5 -4.9  ;
3651 6.14 -9.5 -0.77  ;
3706 6.14 -9.5 -3.39  ;
3765 6.14 -9.5 -4.48  ;
6999 9.07 -9.5 0.0  ;
7001 8.81 -13.625 0.0  ;
9220 6.14 -9.25 -4.9  ;
9379 6.14 -9.75 -4.9  ;
9486 11.48 -17.5 -4.9  ;
11107 6.14 -9.25 -0.35  ;
11108 9.07 -9.5 -0.35  ;
11266 6.14 -9.75 -0.35  ;
11267 9.07 -10.0 -0.35  ;
11373 11.48 -17.5 -0.35  ;
13564 6.14 -9.5 -0.56  ;
13565 9.07 -9.5 -0.77  ;
13671 6.14 -9.5 -2.08  ;
13818 6.14 -9.5 -3.935  ;
13889 6.14 -9.5 -4.69  ;
15949 6.14 -9.0 -0.77  ;
15951 6.14 -9.0 -0.56  ;
15997 6.14 -10.0 -0.77  ;
15998 6.14 -10.0 -0.56  ;
15999 6.14 -9.75 -0.77  ;
16046 6.14 -9.25 -3.39  ;
16047 6.14 -9.0 -2.08  ;
16093 6.14 -10.0 -3.39  ;
16094 6.14 -10.0 -2.08  ;
16141 6.14 -9.0 -4.48  ;
16142 6.14 -9.25 -4.48  ;
16143 6.14 -9.0 -3.935  ;
16189 6.14 -10.0 -4.48  ;
16191 6.14 -9.75 -4.48  ;
16237 6.14 -9.0 -4.69  ;
16269 11.48 -17.25 -0.77  ;
16270 11.48 -17.5 -0.77  ;
16271 11.48 -17.25 -0.56  ;
16362 11.48 -17.25 -3.39  ;
16363 11.48 -17.5 -3.39  ;
16364 11.48 -17.25 -2.08  ;
16456 11.48 -17.5 -4.48  ;
16457 11.48 -17.25 -3.935  ;
16548 11.48 -17.25 -4.69  ;
1321 6.14 -9.0 -0.35  ;
2586 6.14 -10.0 -4.9  ;
2641 11.48 -17.25 -4.9  ;
15950 6.14 -9.25 -0.77  ;
16045 6.14 -9.0 -3.39  ;
16095 6.14 -9.75 -3.39  ;
16190 6.14 -10.0 -3.935  ;
16253 6.14 -10.0 -4.69  ;
16455 11.48 -17.25 -4.48  ;
