7 6.14 -9.5 0.0  ;
8 11.48 -17.75 0.0  ;
1376 6.14 -9.5 -0.35  ;
1431 6.14 -10.0 -0.35  ;
1486 11.48 -17.25 -0.35  ;
1541 11.48 -17.75 -0.35  ;
1596 11.48 -18.25 -0.35  ;
3651 6.14 -9.5 -0.77  ;
3706 6.14 -9.5 -3.39  ;
3820 11.48 -17.75 -0.77  ;
7001 8.81 -13.625 0.0  ;
7004 11.735 -18.145 0.0  ;
11107 6.14 -9.25 -0.35  ;
11266 6.14 -9.75 -0.35  ;
11373 11.48 -17.5 -0.35  ;
11547 11.48 -18.0 -0.35  ;
13564 6.14 -9.5 -0.56  ;
13671 6.14 -9.5 -2.08  ;
13818 6.14 -9.5 -3.935  ;
13944 11.48 -17.75 -0.56  ;
15949 6.14 -9.0 -0.77  ;
15951 6.14 -9.0 -0.56  ;
15997 6.14 -10.0 -0.77  ;
15998 6.14 -10.0 -0.56  ;
15999 6.14 -9.75 -0.77  ;
16046 6.14 -9.25 -3.39  ;
16047 6.14 -9.0 -2.08  ;
16093 6.14 -10.0 -3.39  ;
16094 6.14 -10.0 -2.08  ;
16189 6.14 -10.0 -4.48  ;
16269 11.48 -17.25 -0.77  ;
16270 11.48 -17.5 -0.77  ;
16271 11.48 -17.25 -0.56  ;
16332 11.48 -18.25 -0.77  ;
16333 11.48 -18.25 -0.56  ;
16334 11.48 -18.0 -0.77  ;
16426 11.48 -18.25 -2.08  ;
9 11.99 -18.54 0.0  ;
1321 6.14 -9.0 -0.35  ;
14061 11.48 -17.75 -2.08  ;
15950 6.14 -9.25 -0.77  ;
16095 6.14 -9.75 -3.39  ;
16190 6.14 -10.0 -3.935  ;
16253 6.14 -10.0 -4.69  ;
