44 36 0.75
43 48 1.0
42 52 1.0
41 48 1.0
40 48 1.0
39 48 1.0
38 48 1.0
37 52 1.0
36 48 1.0
35 29 0.6041666666666666
32 838 0.62397617274758
31 1831 0.6821907600596125
30 915 0.6823266219239373
29 610 0.6823266219239373
28 915 0.6823266219239373
27 603 0.6737430167597765
26 1655 0.6161578555472822
60 200 0.7352941176470589
59 289 1.0
58 116 0.3790849673202614
57 272 1.0
56 238 1.0
55 80 0.33613445378151263
54 1826 0.34452830188679245
53 3891 0.7341509433962264
51 17461 0.8166214573005331
50 16576 0.7747966719641021
49 62 0.0028978733348913295
48 1091 0.3038150932887775
47 2302 0.374430709173715
