46 48 1.0
45 48 1.0
44 48 1.0
43 2 0.041666666666666664
42 1 0.019230769230769232
41 48 1.0
40 48 1.0
39 48 1.0
38 48 1.0
37 52 1.0
36 2 0.041666666666666664
34 48 1.0
33 48 1.0
32 1343 1.0
31 2684 1.0
30 1341 1.0
27 895 1.0
26 2686 1.0
62 240 0.9411764705882353
61 102 0.375
60 272 1.0
59 289 1.0
58 286 0.934640522875817
57 100 0.36764705882352944
56 238 1.0
55 238 1.0
54 4100 0.7735849056603774
53 4100 0.7735849056603774
52 14875 0.6962647444298821
51 12155 0.5684688055373679
50 14881 0.695568851079742
49 12163 0.5684973124561814
48 2779 0.7738791423001949
47 4756 0.7735849056603774
