10659
10661
10659
10659
10663
10663
10663
10663
10664
10663
10663
10663
10662
10661
10663
10663
10665
10664
10665
10663
10664
10665
10665
10665
10667
10667
10665
10666
10665
10666
10664
10666
10667
10669
10670
10667
10665
10667
10669
10668
10671
10667
10668
10670
10671
10668
10669
10669
10669
10673
10671
10670
10670
10671
10673
10672
10671
10670
10668
10671
10671
10674
10674
10673
10673
10672
10671
10673
10671
10675
10673
10675
10677
10674
10674
10675
10673
10675
10675
10676
10675
10676
10675
10674
10675
10675
10676
10678
10679
10677
10678
10676
10678
10677
10679
10679
10679
10677
10677
10678
10677
10679
10679
10679
10679
10680
10679
10679
10679
10679
10680
10680
10680
10679
10679
10682
10681
10682
10679
10682
10681
10681
10683
10682
10681
10683
10681
10681
10682
10683
10683
10682
10684
10685
10685
10683
10683
10683
10686
10685
10685
10687
10685
10686
10685
10687
10687
10687
10685
10686
10687
10687
10687
10689
10689
10688
10689
10687
10687
10687
10689
10687
10688
10689
10689
10689
10689
10691
10689
10690
10691
10691
10691
10691
10691
10691
10690
10691
10693
10692
10693
10693
10693
10693
10692
10693
10693
10694
10693
10695
10693
10695
10694
10694
10695
10695
10695
10695
10695
10695
10695
10695
10695
10695
10695
10696
10697
10697
10696
10698
10697
10697
10697
10697
10698
10697
10697
10698
10697
10699
10699
10699
10699
10701
10699
10700
10701
10701
10700
10700
10701
10700
10701
10702
10701
10701
10703
10702
10702
10702
10701
10703
10703
10703
10703
10703
10703
10703
10703
10705
10703
10703
10703
10704
10705
10705
10706
10706
10704
10706
10705
10707
10706
10708
10706
10707
10707
10707
10707
10705
10706
10708
10709
10708
10709
10709
10708
10707
10707
10708
10709
10710
10710
10711
10710
10711
10709
10711
10711
10710
10710
10711
10711
10711
10711
10712
10711
10713
10711
10711
10711
10711
10713
10713
10713
10713
10714
10713
10714
10715
10714
10714
10715
10715
10715
10716
10715
10716
10716
10715
10718
10717
10716
10717
10717
10716
10717
10716
10718
10717
10718
10717
10719
10718
10717
10719
10719
10719
10719
10719
10721
10720
10719
10719
10719
10721
10723
10720
10719
10721
10721
10721
10722
10721
10721
10722
10722
10723
10723
10721
10722
10723
10722
10723
10723
10723
10725
10724
10724
10727
10725
10723
10725
10725
10725
10724
10727
10724
10726
10727
10727
10725
10727
10727
10726
10727
10727
10727
10727
10727
10728
10727
10727
10727
10727
10727
10728
10728
10729
10728
10729
10731
10730
10731
10729
10731
10731
10731
10729
10731
10732
10731
10731
10731
10732
10733
10731
10733
10733
10732
10733
10731
10733
10733
10733
10734
10735
10734
10733
10735
10735
10735
10735
10735
10734
10735
10737
10735
10737
10735
10738
10737
10737
10735
10737
10736
10739
10739
10735
10737
10739
10739
10738
10739
10739
10738
10739
10738
10739
10740
10739
10740
10740
10740
10739
10739
10741
10741
10741
10742
10743
10741
10742
10742
10742
10743
10743
10743
10743
10743
10743
10743
10743
10744
10743
10743
10744
10744
10743
10743
10745
10745
10745
10745
10745
10745
10745
10747
10746
10746
10745
10747
10747
10747
10747
10747
10748
10747
10746
10747
10749
10746
10749
10749
10748
10749
10749
10748
10750
10750
10749
10748
10750
10750
10750
10751
10751
10751
10751
10751
10750
10751
10751
10751
10751
10751
10751
10751
10751
10751
10751
10752
10751
10753
10751
10754
10754
10753
10754
10754
10753
10754
10753
10753
10755
10755
10757
10757
10756
10756
10754
10756
10756
10757
10756
10757
10757
10757
10757
10758
10757
10758
10758
10759
10758
10759
10759
10758
10759
10758
10759
10759
10759
10760
10759
10759
10759
10759
10759
10761
10761
10761
10761
10760
10759
10761
10762
10762
10763
10761
10761
10763
10762
10763
10763
10762
10763
10763
10763
10763
10765
10765
10764
10764
10763
10765
10765
10766
10763
10767
10767
10766
10766
10766
10767
10767
10767
10767
10767
10767
10767
10767
10767
10767
10767
10767
10769
10767
10768
10767
10768
10768
10769
10770
10770
10770
10770
10771
10772
10771
10771
10771
10770
10772
10771
10773
10773
10772
10771
10773
10772
10773
10773
10775
10774
10774
10774
10775
10773
10774
10774
10775
10775
10775
10775
10774
10775
10777
10776
10775
10776
10775
10775
10776
10775
10776
10775
10776
10777
10777
10777
10777
10777
10777
10777
10777
10779
10777
10779
10777
10779
10779
10779
10779
10781
10777
10781
10781
10779
10781
10781
10783
10782
10781
10782
10783
10781
10783
10782
10783
10783
10782
10783
10783
10782
10782
10783
10784
10784
10784
10784
10784
10783
10784
10784
10785
10786
10785
10785
10786
10786
10787
10786
10786
10786
10786
10788
10787
10786
10787
10788
10789
10785
10788
10790
10790
10790
10787
10790
10788
10790
10791
10790
10791
10789
10789
10791
10791
10791
10791
10791
10791
10791
10791
10791
10791
10791
10793
10791
10791
10791
10793
10793
10793
10793
10793
10794
10794
10795
10795
10795
10793
10795
10795
10795
10795
10796
10797
10794
10797
10795
10797
10797
10797
10797
10797
10797
10796
10798
10796
10797
10797
10799
10798
10799
10798
10799
10799
10798
10797
10799
10799
10799
10799
10801
10800
10800
10799
10801
10801
10801
10802
10802
10801
10801
10801
10801
10803
10801
10802
10803
10802
10802
10803
10803
10803
10804
10804
10805
10805
10804
10805
10806
10805
10806
10807
10806
10806
10805
10805
10806
10805
10806
10807
10807
10807
10807
10806
10807
10807
10807
10809
10807
10807
10807
10808
10808
10809
10810
10809
10809
10808
10811
10810
10810
10809
10809
10811
10811
10812
10810
10810
10811
10813
10812
10813
10814
10813
10811
10813
10813
10813
10814
10813
10815
10813
10814
10815
10814
10815
10815
10815
10815
10815
10815
10815
10817
10815
10817
10818
10815
10816
10818
10817
10819
10817
10819
10817
10817
10819
10819
10818
10818
10818
10821
10817
10821
10820
10818
10820
10820
10820
10819
10821
10821
10822
10821
10819
10820
10823
10821
10821
10822
10822
10820
10821
10821
10823
10823
10822
10822
10823
10823
10823
10823
10825
10823
10823
10825
10823
10825
10825
10824
10827
10826
10824
10824
10825
10825
10825
10826
10829
10827
10825
10825
10826
10825
10827
10828
10825
10827
10829
10828
10829
10827
10828
10828
10829
10829
10829
10829
10829
10831
10830
10830
10831
10830
10832
10834
10831
10829
10830
10833
10831
10832
10834
10831
10831
10832
10833
10833
10834
10833
10831
10834
10833
10836
10835
10836
10835
10832
10834
10838
10835
10835
10835
10835
10833
10838
10839
10835
10839
10837
10836
10836
10839
10837
10838
10835
10839
10839
10838
10839
10839
10838
10839
10839
10837
10839
10840
10839
10842
10840
10839
10840
10839
10841
10841
10841
10841
10840
10841
10843
10843
10845
10843
10841
10842
10841
10841
10841
10843
10845
10844
10844
10843
10842
10845
10845
10845
10845
10846
10843
10845
10846
10847
10847
10847
10846
10847
10846
10846
10847
10847
10848
10845
10845
10847
10849
10847
10848
10849
10849
10848
10847
10850
10848
10849
10848
10852
10849
10850
10851
10851
10852
10850
10851
10850
10850
10850
10851
10850
10851
10852
10853
10853
10853
10854
10853
10853
10854
10853
10853
10853
10854
10855
10855
10854
10854
10855
10855
10855
10855
10855
10855
10855
10855
10856
10855
10855
10855
10857
10857
10857
10857
10857
10855
10857
10856
10857
10859
10859
10859
10859
10859
10858
10859
10861
10861
10860
10859
10860
10860
10861
10861
10861
10861
10863
10860
10863
10861
10863
10862
10862
10861
10861
10863
10863
10862
10862
10863
10863
10863
10865
10863
10864
10865
10863
10863
10865
10867
10865
10863
10863
10865
10866
10867
10868
10868
10867
10865
10865
10867
10869
10867
10866
10869
10867
10869
10867
10868
10869
10867
10869
10869
10869
10869
10869
10869
10871
10867
10871
10870
10871
10870
10871
10870
10871
10871
10871
10871
10871
10871
10871
10871
10871
10871
10872
10873
10873
10874
10872
10874
10873
10873
10874
10873
10871
10875
10875
10875
10875
10875
10875
10875
10876
10875
10875
10877
10877
10873
10877
10876
10876
10876
10878
10878
10878
10879
10877
10877
10877
10877
10878
10879
10879
10880
10879
10882
10881
10879
10881
10880
10881
10880
10879
10881
10880
10882
10882
10881
10881
10881
10882
10881
10883
10883
10882
10885
10883
10883
10884
10883
10883
10883
10883
10886
10886
10885
10887
10885
10886
10883
10887
10885
10885
10885
10887
10887
10887
10886
10885
10887
10887
10887
10887
10887
10887
10887
10889
10890
10888
10889
10889
10889
10888
10889
10890
10889
10889
10891
10889
10891
10889
10889
10891
10893
10891
10893
10892
10891
10892
10891
10893
10890
10893
10893
10893
10892
10895
10893
10895
10892
10893
10895
10895
10895
10893
10897
10895
10893
10897
10896
10895
10895
10894
10896
10897
10895
10894
10895
10895
10895
10898
10899
10899
10896
10898
10899
10899
10895
10897
10901
10897
10897
10898
10901
10899
10898
10899
10901
10901
10901
10903
10901
10899
10899
10901
10903
10902
10903
10902
10902
10903
10901
10901
10901
10902
10903
10903
10903
10903
10905
10905
10902
10903
10904
10903
10903
10903
10903
10905
10905
10903
10905
10906
10908
10905
10906
10906
10908
10906
10907
10907
10907
10909
10909
10905
10906
10906
10909
10907
10906
10908
10910
10911
10907
10909
10909
10911
10909
10908
10911
10910
10911
10911
10911
10911
10912
10913
10912
10910
10911
10913
10911
10913
10911
10911
10911
10916
10915
10913
10915
10915
10913
10917
10913
10913
10913
10914
10915
10917
10916
10915
10915
10918
10915
10914
10916
10917
10919
10917
10919
10916
10917
10917
10914
10918
10918
10918
10919
10918
10919
10919
10919
10918
10919
10919
10919
10919
10919
10919
10921
10920
10919
10919
10919
10920
10921
10921
10919
10921
10923
10925
10922
10923
10919
10921
10922
10925
10923
10925
10923
10922
10925
10925
10925
10924
10924
10924
10926
10927
10925
10923
10926
10927
10925
10926
10925
10927
10927
10927
10927
10927
10927
10927
10929
10927
10927
10927
10928
10929
10928
10928
10928
10930
10928
10929
10928
10929
10929
10929
10931
10931
10930
10931
10930
10929
10930
10931
10931
10933
10931
10931
10933
10933
10933
10933
10933
10933
10932
10933
10935
10933
10933
10934
10934
10935
10935
10931
10935
10936
10935
10935
10935
10935
10936
10937
10935
10935
10936
10937
10935
10935
10935
10937
10937
10936
10937
10939
10938
10937
10939
10937
10937
10939
10939
10938
10941
10939
10939
10941
10939
10940
10940
10940
10940
10942
10941
10940
10943
10943
10942
10941
10943
10943
10941
10943
10943
10943
10943
10942
10943
10943
10943
10943
10944
10943
10943
10945
10944
10943
10946
10945
10943
10944
10947
10945
10945
10947
10947
10945
10946
10946
10946
10947
10946
10948
10949
10948
10949
10949
10948
10949
10950
10949
10950
10949
10950
10950
10951
10950
10951
10951
10950
10951
10951
10951
10951
10951
10951
10951
10953
10952
10953
10951
10952
10951
10953
10954
10953
10953
10953
10953
10953
10954
10953
10955
10954
10955
10953
10955
10956
10953
10955
10957
10956
10955
10955
10955
10956
10955
10956
10958
10957
10956
10958
10958
10959
10957
10959
10957
10957
10959
10958
10959
10958
10959
10959
10960
10960
10961
10961
10961
10961
10961
10960
10961
10960
10962
10961
10961
10963
10963
10963
10962
10963
10962
10962
10963
10963
10963
10964
10963
10963
10965
10964
10965
10965
10965
10966
10965
10965
10966
10965
10965
10965
10965
10967
10966
10967
10966
10967
10967
10967
10967
10968
10967
10969
10968
10967
10968
10968
10967
10968
10967
10969
10971
10970
10968
10971
10969
10970
10969
10972
10970
10969
10971
10971
10972
10973
10971
10971
10973
10972
10973
10972
10973
10972
10973
10973
10973
10973
10973
10972
10972
10975
10973
10974
10975
10975
10975
10975
10975
10974
10976
10975
10975
10975
10975
10975
10977
10975
10979
10978
10979
10978
10977
10977
10978
10977
10979
10979
10979
10979
10980
10979
10979
10980
10979
10981
10979
10981
10980
10981
10981
10980
10980
10983
10980
10983
10981
10982
10983
10983
10982
10983
10983
10983
10983
10983
10983
10983
10983
10983
10983
10985
10984
10983
10986
10984
10985
10983
10984
10985
10986
10985
10987
10985
10986
10987
10986
10987
10986
10987
10986
10987
10987
10986
10987
10987
10988
10989
10988
10989
10989
10990
10990
10990
10989
10989
10989
10990
10991
10990
10991
10991
10991
10991
10991
10991
10991
10991
10991
10993
10992
10991
10992
10991
10994
10992
10994
10993
10993
10993
10994
10993
10997
10995
10993
10995
10995
10993
10994
10995
10996
10996
10996
10996
10995
10995
10997
10999
10998
10998
10999
10997
10999
10997
10999
10997
10998
10999
10999
10998
10999
10998
10999
11000
10999
10999
10999
10999
11000
11000
10999
11000
11002
11001
10999
11002
11001
11002
11001
11001
11002
11003
11001
11002
11003
11003
11003
11002
11003
11001
11003
11004
11005
11003
11003
11004
11003
11005
11006
11004
11004
11006
11006
11005
11005
11006
11007
11007
11005
11006
11007
11007
11007
11007
11007
11007
11007
11007
11007
11007
11009
11009
11011
11009
11009
11008
11007
11009
11009
11009
11011
11012
11011
11010
11011
11012
11011
11011
11010
11011
11011
11012
11012
11012
11013
11013
11012
11013
11014
11015
11013
11014
11014
11014
11015
11015
11014
11015
11015
11015
11016
11015
11015
11015
11015
11015
11017
11017
11015
11017
11017
11016
11016
11017
11018
11017
11017
11017
11020
11019
11019
11019
11020
11019
11018
11020
11020
11021
11020
11017
11019
11019
11021
11020
11021
11021
11020
11021
11023
11021
11023
11022
11023
11023
11023
11023
11023
11023
11022
11023
11023
11024
11023
11023
11024
11023
11024
11024
11024
11024
11026
11025
11026
11025
11025
11024
11027
11027
11026
11026
11027
11027
11027
11028
11029
11027
11027
11028
11028
11028
11028
11029
11029
11029
11028
11029
11030
11030
11028
11030
11030
11031
11031
11031
11029
11031
11031
11031
11031
11031
11033
11032
11032
11033
11032
11031
11033
11034
11033
11034
11032
11032
11033
11033
11033
11035
11034
11035
11034
11035
11035
11035
11036
11035
11035
11036
11037
11037
11037
11035
11037
11037
11037
11037
11039
11038
11036
11037
11037
11038
11037
11039
11038
11039
11039
11041
11039
11041
11040
11040
11039
11041
11041
11041
11040
11041
11039
11042
11041
11040
11041
11042
11043
11042
11043
11043
11042
11042
11043
11043
11043
11042
11045
11043
11043
11045
11045
11045
11045
11045
11045
11045
11045
11046
11047
11047
11045
11047
11047
11047
11046
11047
11047
11048
11047
11047
11046
11048
11048
11047
11048
11047
11049
11049
11048
11048
11049
11048
11050
11049
11049
11048
11049
11051
11049
11049
11051
11053
11052
11051
11051
11051
11052
11052
11055
11053
11051
11053
11053
11052
11054
11052
11055
11055
11056
11054
11053
11055
11054
11055
11055
11056
11055
11055
11055
11057
11055
11054
11055
11057
11055
11057
11057
11057
11056
11057
11059
11058
11055
11059
11059
11059
11059
11059
11059
11059
11059
11058
11060
11060
11061
11062
11060
11059
11061
11061
11062
11062
11059
11061
11061
11063
11063
11062
11059
11062
11063
11066
11065
11065
11065
11063
11063
11063
11061
11061
11063
11064
11065
11063
11065
11064
11065
11063
11068
11067
11066
11066
11065
11066
11065
11067
11065
11063
11063
11066
11067
11067
11068
11069
11067
11071
11069
11069
11069
11066
11067
11071
11069
11071
11069
11071
11069
11071
11071
11071
11070
11071
11071
11073
11073
11071
11071
11070
11073
11072
11073
11073
11071
11072
11071
11075
11072
11074
11075
11075
11073
11075
11075
11077
11075
11071
11075
11076
11077
11076
11075
11073
11077
11076
11076
11077
11075
11077
11079
11077
11076
11075
11079
11079
11079
11078
11079
11079
11079
11077
11079
11080
11081
11081
11079
11079
11079
11080
11081
11081
11079
11079
11080
11082
11081
11081
11082
11081
11082
11084
11081
11082
11082
11083
11083
11082
11082
11083
11085
11085
11085
11082
11081
11086
11084
11085
11085
11086
11087
11085
11084
11085
11087
11087
11085
11086
11087
11087
11085
11087
11090
11087
11088
11085
11088
11088
11087
11087
11087
11089
11093
11091
11090
11089
11089
11090
11091
11091
11090
11091
11093
11090
11090
11090
11090
11091
11091
11091
11092
11093
11092
11093
11093
11093
11093
11094
11092
11094
11093
11095
11094
11094
11095
11095
11095
11095
11097
11095
11095
11097
11095
11095
11095
11093
11095
11097
11097
11097
11097
11097
11099
11096
11097
11098
11099
11099
11097
11097
11097
11099
11099
11100
11098
11098
11097
11100
11099
11102
11099
11099
11101
11102
11103
11099
11101
11105
11103
11103
11099
11103
11103
11102
11103
11103
11101
11102
11103
11104
11104
11103
11102
11105
11104
11103
11103
11106
11109
11106
11103
11107
11107
11107
11104
11104
11105
11106
11106
11107
11107
11109
11107
11107
11107
11109
11107
11106
11108
11110
11107
11107
11111
11109
11110
11109
11111
11111
11109
11110
11113
11111
11107
11110
11111
11112
11110
11111
11111
11113
11112
11111
11113
11111
11114
11111
11113
11114
11112
11112
11113
11111
11114
11114
11114
11115
11112
11113
11115
11115
11114
11113
11115
11115
11115
11116
11117
11117
11114
11117
11118
11116
11117
11119
11118
11119
11116
11117
11117
11118
11119
11119
11119
11119
11118
11119
11121
11120
11117
11117
11119
11122
11122
11119
11119
11123
11121
11120
11121
11121
11122
11123
11119
11124
11123
11123
11122
11123
11123
11122
11123
11125
11124
11121
11124
11127
11125
11124
11123
11125
11125
11127
11126
11125
11125
11126
11127
11127
11126
11125
11127
11127
11127
11127
11127
11127
11127
11127
11129
11128
11127
11130
11128
11129
11129
11131
11129
11128
11128
11130
11129
11129
11127
11131
11131
11131
11132
11133
11130
11131
11131
11132
11132
11132
11132
11132
11133
11132
11134
11133
11131
11132
11133
11134
11135
11133
11135
11134
11135
11135
11135
11135
11134
11135
11133
11135
11135
11135
11137
11137
11136
11135
11135
11139
11137
11135
11137
11138
11137
11138
11138
11137
11138
11140
11137
11137
11139
11141
11140
11141
11141
11142
11140
11137
11140
11141
11140
11141
11139
11142
11143
11141
11142
11143
11143
11142
11141
11143
11144
11143
11141
11145
11143
11143
11143
11143
11145
11143
11143
11145
11145
11143
11144
11147
11144
11144
11146
11147
11144
11143
11147
11147
11145
11147
11147
11149
11145
11146
11147
11146
11147
11149
11148
11146
11148
11147
11150
11149
11150
11148
11151
11149
11149
11149
11151
11149
11151
11151
11148
11150
11152
11149
11150
11154
11153
11151
11153
11154
11150
11152
11155
11153
11154
11154
11155
11155
11152
11155
11154
11155
11154
11153
11156
11155
11154
11157
11156
11155
11155
11157
11155
11155
11157
11158
11156
11157
11158
11157
11157
11159
11157
11157
11159
11159
11159
11159
11158
11159
11160
11159
11159
11159
11159
11158
11163
11160
11161
11159
11160
11159
11159
11162
11159
11160
11162
11162
11162
11161
11163
11161
11164
11163
11162
11163
11164
11162
11164
11165
11163
11161
11166
11165
11164
11166
11165
11164
11166
11165
11166
11164
11167
11165
11167
11167
11167
11167
11167
11167
11167
11167
11166
11169
11167
11167
11167
11169
11168
11169
11169
11168
11169
11171
11169
11169
11169
11172
11171
11171
11171
11171
11170
11172
11171
11171
11172
11172
11174
11172
11173
11171
11171
11171
11174
11173
11175
11175
11175
11173
11172
11175
11174
11173
11175
11175
11174
11175
11174
11175
11175
11176
11175
11177
11177
11176
11175
11175
11177
11177
11176
11176
11175
11177
11179
11178
11179
11176
11179
11180
11179
11178
11181
11180
11177
11181
11181
11180
11180
11180
11181
11180
11181
11180
11182
11183
11181
11181
11183
11183
11182
11182
11183
11183
11182
11182
11184
11184
11183
11183
11185
11182
11183
11183
11184
11184
11187
11185
11184
11187
11185
11185
11185
11188
11184
11185
11187
11186
11187
11187
11191
11187
11189
11187
11189
11187
11188
11191
11186
11189
11189
11189
11189
11190
11189
11189
11190
11190
11190
11191
11189
11191
11191
11189
11193
11192
11189
11191
11193
11191
11191
11195
11191
11191
11195
11191
11191
11191
11193
11191
11191
11194
11192
11194
11195
11194
11194
11195
11193
11197
11193
11195
11196
11195
11193
11196
11195
11196
11198
11195
11195
11198
11197
11197
11198
11196
11198
11199
11199
11197
11198
11198
11198
11199
11199
11199
11199
11199
11199
11199
11201
11200
11199
11199
11201
11202
11203
11199
11201
11202
11201
11202
11202
11201
11202
11203
11203
11203
11203
11202
11205
11205
11205
11204
11204
11204
11205
11205
11206
11205
11205
11205
11205
11206
11207
11207
11205
11207
11207
11205
11207
11207
11207
11207
11207
11208
11207
11209
11208
11207
11209
11207
11208
11209
11208
11209
11211
11209
11209
11211
11211
11211
11210
11209
11209
11213
11212
11212
11211
11210
11212
11211
11213
11213
11212
11212
11213
11212
11211
11213
11214
11215
11214
11213
11215
11213
11214
11215
11215
11214
11216
11216
11215
11215
11217
11215
11215
11215
11216
11217
11217
11217
11216
11218
11217
11218
11219
11218
11218
11218
11219
11218
11219
11219
11217
11220
11219
11220
11220
11219
11220
11220
11219
11221
11220
11223
11220
11221
11220
11219
11222
11222
11221
11221
11221
11223
11222
11223
11223
11223
11223
11223
11223
11223
11224
11224
11224
11225
11223
11225
11223
11226
11225
11226
11224
11226
11225
11226
11226
11225
11227
11226
11227
11227
11227
11227
11227
11228
11228
11228
11228
11227
11229
11228
11230
11229
11229
11229
11228
11229
11229
11230
11231
11230
11230
11229
11231
11230
11231
11231
11231
11230
11231
11231
11233
11231
11233
11233
11233
11233
11233
11233
11234
11235
11235
11233
11233
11235
11233
11235
11235
11235
11235
11236
11236
11237
11237
11235
11236
11238
11235
11237
11234
11237
11237
11237
11235
11237
11237
11238
11237
11239
11239
11237
11239
11239
11239
11239
11239
11241
11239
11239
11239
11239
11240
11241
11241
11242
11240
11240
11239
11239
11240
11242
11243
11241
11242
11243
11241
11243
11243
11241
11243
11243
11243
11243
11243
11244
11246
11243
11244
11243
11245
11245
11246
11245
11246
11245
11247
11246
11246
11246
11245
11247
11247
11247
11247
11247
11247
11247
11248
11248
11249
11247
11248
11249
11248
11248
11249
11250
11249
11249
11249
11249
11249
11249
11251
11251
11251
11251
11251
11252
11251
11252
11251
11251
11251
11253
11253
11252
11253
11252
11253
11253
11253
11254
11254
11253
11254
11254
11255
11255
11255
11255
11255
11255
11255
11256
11255
11255
11255
11256
11255
11257
11257
11255
11257
11255
11257
11258
11258
11258
11258
11258
11258
11257
11258
11258
11259
11259
11259
11260
11259
11260
11259
11260
11259
11260
11261
11261
11260
11261
11262
11262
11261
11261
11261
11263
11264
11261
11262
11263
11263
11263
11263
11263
11263
11263
11263
11263
11263
11263
11263
11264
11263
11265
11266
11265
11265
11265
11265
11265
11264
11267
11267
11267
11267
11267
11267
11267
11269
11267
11269
11267
11269
11267
11268
11267
11270
11269
11270
11269
11269
11271
11269
11271
11271
11271
11271
11271
11270
11272
11271
11271
11271
11271
11271
11271
11271
11271
11271
11273
11271
11274
11271
11275
11272
11273
11272
11273
11273
11275
11273
11274
11275
11274
11274
11277
11275
11276
11276
11275
11275
11277
11275
11275
11276
11277
11276
11277
11276
11277
11277
11278
11278
11279
11279
11278
11280
11279
11278
11279
11279
11278
11279
11279
11281
11279
11279
11279
11279
11280
11281
11281
11281
11281
11281
11282
11283
11282
11281
11281
11283
11282
11283
11282
11282
11282
11284
11284
11283
11284
11284
11285
11286
11284
11285
11286
11286
11287
11287
11285
11285
11286
11287
11287
11287
11285
11287
11287
11287
11288
11287
11287
11287
11288
11287
11288
11288
11289
11289
11288
11288
11288
11289
11289
11288
11288
11290
11290
11290
11291
11289
11291
11291
11293
11291
11291
11290
11293
11292
11293
11292
11293
11292
11293
11294
11293
11293
11295
11294
11293
11294
11295
11295
11295
11295
11295
11296
11295
11295
11295
11296
11297
11295
11295
11295
11296
11295
11296
11298
11297
11297
11297
11297
11299
11297
11299
11299
11298
11298
11300
11299
11299
11299
11299
11298
11300
11302
11300
11300
11301
11301
11301
11302
11300
11300
11301
11301
11301
11303
11302
11301
11303
11303
11303
11303
11303
11303
11303
11302
11303
11303
11303
11303
11304
11303
11303
11305
11304
11305
11305
11306
11305
11306
11306
11305
11307
11304
11307
11307
11306
11309
11308
11309
11307
11309
11308
11308
11309
11307
11309
11310
11307
11309
11309
11308
11308
11311
11307
11309
11311
11310
11308
11310
11311
11310
11311
11311
11312
11311
11311
11313
11312
11311
11311
11314
11313
11311
11313
11314
11311
11311
11313
11313
11313
11313
11315
11316
11313
11312
11316
11315
11314
11315
11317
11316
11315
11317
11316
11317
11315
11317
11317
11317
11317
11318
11317
11316
11316
11319
11319
11319
11319
11319
11318
11319
11319
11319
11321
11319
11319
11323
11320
11319
11321
11322
11319
11321
11321
11320
11321
11319
11321
11324
11323
11322
11322
11321
11321
11324
11323
11321
11325
11324
11322
11323
11323
11325
11323
11323
11322
11325
11327
11327
11326
11327
11325
11325
11325
11327
11325
11326
11329
11328
11327
11327
11327
11327
11329
11327
11326
11329
11328
11329
11329
11331
11327
11327
11330
11330
11329
11328
11329
11329
11333
11329
11328
11331
11332
11328
11335
11331
11332
11334
11334
11327
11333
11333
11332
11334
11334
11333
11334
11335
11331
11335
11335
11335
11334
11335
11335
11334
11337
11334
11335
11337
11335
11335
11335
11335
11335
11335
11338
11335
11339
11337
11335
11337
11339
11337
11339
11339
11338
11338
11339
11339
11340
11340
11339
11341
11342
11340
11339
11341
11339
11340
11341
11341
11343
11341
11341
11342
11342
11342
11341
11341
11343
11343
11342
11342
11343
11345
11341
11343
11343
11343
11343
11343
11342
11345
11345
11347
11343
11345
11346
11348
11346
11345
11345
11346
11347
11345
11345
11345
11346
11347
11347
11347
11345
11346
11347
11347
11346
11348
11347
11349
11350
11348
11350
11351
11349
11350
11351
11349
11350
11350
11351
11351
11351
11351
11351
11351
11351
11351
11354
11351
11352
11351
11353
11352
11352
11351
11352
11355
11352
11352
11353
11353
11353
11352
11354
11355
11353
11353
11355
11354
11356
11357
11355
11356
11357
11355
11359
11357
11356
11359
11357
11358
11359
11357
11357
11358
11357
11359
11359
11359
11358
11359
11358
11359
11359
11361
11359
11359
11359
11359
11359
11360
11359
11361
11361
11360
11361
11362
11360
11363
11361
11359
11363
11363
11359
11362
11363
11359
11363
11366
11363
11364
11362
11364
11366
11363
11363
11366
11363
11365
11365
11365
11365
11366
11364
11367
11367
11367
11367
11367
11367
11367
11367
11367
11367
11366
11368
11369
11368
11365
11371
11369
11367
11367
11367
11370
11371
11368
11370
11371
11370
11371
11369
11371
11372
11370
11369
11372
11371
11373
11374
11369
11371
11373
11369
11375
11373
11371
11373
11373
11371
11372
11373
11371
11373
11373
11375
11375
11373
11373
11378
11377
11375
11377
11374
11375
11377
11373
11377
11377
11375
11376
11377
11377
11378
11377
11376
11376
11377
11377
11377
11376
11379
11377
11379
11381
11378
11379
11379
11379
11377
11382
11381
11381
11379
11381
11381
11383
11382
11381
11382
11382
11381
11383
11383
11382
11383
11383
11383
11382
11382
11383
11383
11383
11383
11384
11383
11383
11383
11385
11383
11385
11383
11384
11386
11386
11384
11385
11386
11386
11385
11386
11388
11387
11387
11388
11388
11387
11386
11389
11389
11385
11387
11385
11389
11389
11388
11389
11390
11387
11391
11391
11388
11391
11389
11391
11390
11389
11390
11391
11391
11391
11389
11391
11391
11391
11391
11391
11393
11391
11391
11391
11394
11391
11393
11393
11392
11394
11394
11395
11395
11393
11394
11396
11395
11393
11394
11395
11395
11396
11396
11397
11396
11395
11398
11397
11397
11395
11397
11397
11398
11398
11398
11399
11399
11396
11398
11398
11399
11398
11399
11399
11399
11399
11399
11399
11399
11399
11400
11400
11400
11399
11400
11400
11400
11402
11401
11402
11403
11401
11402
11404
11404
11402
11402
11402
11403
11402
11404
11404
11404
11403
11405
11404
11405
11403
11404
11405
11405
11405
11405
11407
11406
11406
11405
11407
11407
11406
11407
11407
11405
11407
11408
11407
11407
11408
11411
11409
11407
11409
11407
11408
11410
11410
11412
11409
11408
11410
11411
11411
11408
11409
11412
11410
11412
11411
11414
11411
11411
11411
11414
11413
11409
11413
11414
11412
11412
11415
11415
11413
11412
11414
11415
11413
11413
11415
11415
11415
11412
11415
11415
11415
11415
11415
11417
11415
11415
11415
11415
11417
11415
11418
11419
11416
11416
11415
11419
11417
11415
11418
11419
11419
11418
11419
11420
11418
11420
11421
11420
11419
11418
11421
11421
11421
11422
11422
11421
11421
11422
11422
11423
11423
11421
11422
11425
11422
11423
11423
11423
11421
11423
11423
11423
11423
11424
11424
11424
11423
11425
11425
11425
11427
11426
11427
11426
11425
11426
11426
11428
11426
11425
11426
11427
11428
11427
11428
11428
11427
11428
11428
11427
11429
11429
11429
11430
11428
11430
11429
11429
11428
11431
11431
11430
11429
11431
11431
11431
11431
11431
11431
11431
11431
11431
11432
11432
11431
11433
11431
11431
11431
11432
11432
11433
11432
11434
11434
11435
11433
11435
11432
11434
11434
11435
11436
11434
11435
11436
11437
11435
11437
11437
11435
11436
11437
11437
11437
11437
11438
11437
11438
11437
11439
11439
11439
11439
11437
11439
11437
11439
11438
11439
11440
11439
11440
11441
11441
11442
11442
11443
11440
11441
11440
11441
11442
11443
11442
11443
11443
11442
11441
11443
11443
11443
11443
11442
11443
11442
11443
11445
11443
11445
11446
11445
11444
11446
11447
11446
11446
11447
11446
11445
11446
11446
11446
11445
11447
11447
11447
11447
11447
11447
11447
11447
11447
11447
11449
11447
11447
11447
11447
11450
11450
11449
11449
11450
11449
11451
11451
11449
11450
11451
11453
11451
11450
11451
11451
11452
11453
11454
11450
11451
11453
11451
11452
11452
11453
11453
11455
11455
11455
11454
11455
11454
11455
11455
11454
11454
11455
11455
11455
11455
11455
11455
11457
11457
11458
11458
11458
11457
11456
11457
11457
11458
11458
11457
11458
11458
11457
11458
11458
11459
11459
11460
11459
11460
11461
11461
11461
11460
11462
11461
11462
11461
11463
11461
11462
11461
11462
11461
11463
11463
11463
11463
11462
11463
11463
11463
11463
11464
11464
11463
11463
11463
11465
11464
11464
11465
11466
11464
11466
11465
11464
11464
11465
11466
11465
11467
11465
11467
11467
11467
11468
11467
11467
11467
11469
11468
11468
11469
11469
11469
11469
11470
11470
11469
11471
11471
11471
11470
11469
11471
11471
11469
11470
11471
11470
11472
11471
11472
11471
11471
11471
11472
11473
11473
11472
11471
11473
11474
11475
11473
11472
11474
11473
11473
11474
11473
11474
11475
11472
11475
11474
11475
11477
11476
11477
11478
11476
11477
11477
11477
11477
11478
11479
11477
11478
11478
11479
11479
11478
11475
11479
11477
11479
11479
11479
11479
11481
11479
11481
11479
11479
11479
11479
11481
11481
11480
11481
11483
11481
11480
11483
11482
11483
11482
11481
11483
11483
11483
11484
11484
11483
11485
11483
11484
11483
11483
11485
11484
11483
11483
11485
11484
11485
11487
11484
11485
11487
11487
11487
11487
11486
11489
11487
11485
11487
11488
11487
11487
11488
11487
11489
11488
11487
11489
11489
11490
11489
11488
11492
11490
11489
11490
11492
11489
11490
11492
11490
11490
11491
11491
11492
11491
11492
11493
11494
11493
11493
11493
11494
11494
11494
11493
11493
11492
11493
11495
11495
11495
11495
11494
11495
11495
11495
11495
11497
11495
11495
11495
11496
11497
11495
11495
11497
11495
11497
11497
11497
11496
11499
11497
11498
11498
11498
11500
11498
11500
11499
11499
11499
11498
11500
11499
11500
11502
11500
11501
11500
11501
11501
11501
11499
11501
11502
11501
11502
11502
11502
11502
11504
11503
11504
11503
11503
11503
11502
11503
11503
11503
11504
11503
11503
11503
11505
11505
11507
11504
11504
11506
11507
11506
11505
11505
11507
11505
11507
11507
11506
11507
11506
11508
11508
11508
11508
11509
11509
11507
11509
11508
11508
11509
11509
11509
11511
11509
11510
11511
11511
11509
11511
11511
11511
11511
11511
11511
11510
11513
11511
11511
11511
11511
11511
11512
11512
11513
11511
11514
11515
11512
11513
11515
11514
11513
11515
11515
11515
11515
11516
11517
11513
11515
11514
11515
11518
11517
11517
11516
11516
11517
11518
11518
11517
11517
11516
11517
11519
11517
11519
11519
11518
11519
11519
11519
11519
11519
11519
11518
11519
11521
11519
11520
11520
11521
11520
11519
11519
11523
11519
11522
11522
11521
11521
11522
11523
11523
11519
11523
11522
11523
11522
11524
11524
11523
11525
11524
11524
11525
11525
11525
11523
11525
11525
11526
11526
11525
11525
11527
11527
11527
11527
11529
11527
11527
11527
11527
11527
11528
11527
11528
11528
11529
11527
11529
11531
11527
11529
11527
11530
11529
11531
11529
11530
11529
11531
11530
11530
11529
11532
11531
11530
11530
11531
11531
11531
11533
11531
11533
11533
11533
11533
11532
11534
11533
11534
11534
11535
11533
11533
11535
11534
11535
11534
11534
11536
11535
11536
11535
11535
11535
11536
11537
11539
11537
11537
11537
11536
11536
11537
11539
11539
11535
11539
11540
11537
11540
11539
11537
11539
11540
11539
11539
11539
11540
11541
11541
11541
11542
11541
11538
11543
11542
11541
11543
11543
11543
11543
11542
11543
11543
11541
11544
11543
11544
11545
11541
11543
11543
11543
11547
11543
11543
11547
11544
11545
11547
11545
11546
11544
11544
11545
11545
11545
11545
11545
11550
11543
11548
11547
11543
11551
11548
11546
11548
11548
11549
11549
11549
11549
11550
11549
11551
11547
11550
11549
11545
11549
11547
11550
11550
11547
11553
11551
11552
11553
11552
11551
11550
11554
11554
11553
11553
11549
11553
11555
11551
11553
11555
11552
11553
11557
11553
11552
11554
11555
11552
11554
11557
11555
11555
11555
11557
11555
11557
11555
11559
11555
11558
11558
11555
11558
11555
11558
11560
11557
11558
11561
11558
11559
11559
11559
11559
11555
11559
11559
11560
11560
11561
11559
11560
11563
11560
11559
11561
11559
11563
11561
11561
11561
11563
11565
11561
11563
11561
11559
11565
11560
11567
11563
11564
11564
11563
11563
11564
11563
11567
11561
11565
11564
11565
11569
11562
11565
11565
11567
11567
11567
11569
11567
11567
11564
11567
11569
11567
11569
11568
11567
11571
11564
11569
11569
11569
11570
11568
11569
11570
11572
11571
11571
11571
11571
11572
11569
11571
11565
11574
11569
11572
11573
11573
11570
11567
11575
11572
11569
11575
11573
11571
11576
11571
11573
11575
11572
11574
11578
11571
11573
11577
11574
11575
11576
11575
11575
11571
11577
11575
11573
11579
11573
11581
11575
11577
11578
11575
11581
11579
11579
11579
11577
11579
11579
11578
11575
11579
11579
11578
11578
11576
11579
11579
11581
11580
11581
11582
11578
11585
11581
11580
11582
11583
11583
11583
11581
11585
11579
11583
11582
11583
11582
11583
11584
11584
11583
11585
11583
11585
11583
11585
11583
11585
11585
11585
11583
11583
11587
11585
11587
11585
11585
11589
11585
11585
11588
11586
11589
11586
11590
11588
11587
11589
11589
11588
11586
11589
11589
11587
11588
11591
11588
11589
11589
11591
11590
11591
11590
11591
11593
11590
11591
11591
11591
11593
11591
11591
11592
11590
11591
11592
11593
11594
11593
11592
11593
11594
11593
11593
11594
11593
11595
11594
11595
11593
11596
11594
11597
11595
11595
11597
11595
11596
11595
11595
11597
11596
11598
11597
11597
11597
11599
11597
11597
11599
11597
11599
11599
11598
11599
11599
11599
11599
11599
11599
11599
11599
11599
11601
11599
11603
11598
11601
11600
11603
11599
11601
11602
11603
11603
11601
11605
11599
11604
11602
11603
11603
11603
11607
11603
11603
11601
11603
11603
11604
11605
11606
11605
11605
11607
11604
11607
11603
11603
11603
11606
11606
11607
11605
11607
11607
11607
11607
11609
11607
11607
11608
11607
11609
11607
11607
11608
11609
11611
11607
11608
11609
11609
11609
11610
11610
11611
11610
11609
11611
11609
11614
11608
11611
11607
11613
11610
11611
11614
11611
11613
11613
11613
11612
11613
11612
11615
11613
11617
11615
11614
11615
11615
11614
11614
11615
11614
11617
11613
11617
11614
11618
11615
11615
11615
11615
11617
11616
11619
11615
11617
11615
11618
11617
11618
11619
11617
11620
11618
11620
11618
11619
11620
11619
11620
11619
11621
11620
11622
11620
11620
11620
11621
11621
11620
11623
11622
11622
11622
11622
11622
11623
11623
11623
11623
11623
11622
11625
11623
11623
11623
11623
11624
11624
11623
11623
11625
11623
11627
11624
11627
11624
11625
11625
11626
11625
11626
11628
11629
11626
11625
11628
11625
11626
11627
11627
11628
11627
11630
11629
11629
11629
11631
11629
11629
11629
11631
11631
11632
11631
11629
11632
11631
11629
11632
11629
11631
11631
11630
11631
11631
11631
11633
11632
11631
11632
11634
11632
11632
11634
11635
11633
11631
11633
11636
11633
11633
11633
11635
11635
11634
11639
11638
11635
11635
11636
11637
11637
11637
11638
11637
11637
11639
11637
11637
11636
11637
11639
11639
11637
11639
11638
11639
11639
11638
11639
11639
11639
11639
11641
11639
11639
11639
11641
11639
11642
11641
11640
11640
11640
11641
11641
11640
11642
11643
11643
11642
11643
11642
11644
11643
11645
11645
11643
11643
11645
11644
11643
11645
11645
11645
11644
11645
11645
11643
11644
11647
11646
11647
11643
11647
11648
11647
11644
11647
11647
11647
11647
11647
11647
11645
11650
11648
11647
11647
11648
11648
11649
11649
11649
11651
11648
11649
11649
11649
11651
11649
11651
11649
11650
11650
11652
11651
11651
11650
11653
11653
11652
11652
11653
11653
11651
11654
11654
11653
11652
11655
11654
11655
11655
11655
11655
11655
11654
11655
11657
11655
11655
11655
11657
11657
11655
11657
11658
11655
11655
11657
11657
11655
11656
11656
11657
11655
11659
11658
11659
11659
11659
11659
11659
11659
11661
11661
11659
11659
11659
11661
11659
11661
11663
11661
11662
11661
11659
11662
11661
11661
11661
11663
11662
11663
11663
11662
11663
11663
11663
11663
11664
11662
11663
11663
11664
11665
11664
11664
11663
11666
11665
11665
11663
11665
11665
11665
11665
11665
11665
11667
11667
11666
11667
11668
11667
11668
11669
11668
11667
11667
11667
11670
11670
11668
11669
11670
11669
11669
11669
11671
11669
11671
11669
11670
11670
11671
11671
11670
11671
11671
11671
11671
11671
11671
11672
11671
11671
11673
11673
11671
11673
11673
11673
11671
11673
11672
11672
11675
11673
11673
11675
11673
11673
11674
11675
11676
11676
11675
11677
11675
11677
11677
11676
11675
11677
11678
11677
11677
11677
11679
11679
11678
11677
11679
11679
11679
11679
11679
11679
11677
11679
11679
11681
11679
11680
11679
11681
11681
11682
11680
11679
11681
11682
11680
11683
11683
11681
11682
11683
11684
11684
11684
11683
11684
11683
11683
11683
11684
11684
11685
11683
11686
11684
11684
11685
11685
11686
11685
11684
11686
11686
11687
11687
11686
11687
11687
11687
11687
11686
11686
11687
11687
11687
11687
11688
11687
11689
11687
11687
11691
11687
11689
11689
11691
11689
11690
11690
11690
11689
11691
11689
11689
11691
11690
11691
11691
11691
11693
11691
11693
11693
11692
11692
11691
11693
11693
11693
11692
11693
11692
11694
11694
11693
11693
11695
11694
11695
11695
11695
11693
11695
11695
11696
11695
11695
11695
11697
11697
11696
11697
11697
11696
11697
11697
11697
11696
11698
11698
11698
11696
11699
11699
11699
11699
11699
11701
11699
11699
11700
11701
11700
11701
11699
11700
11701
11700
11701
11702
11702
11702
11702
11703
11701
11703
11701
11703
11703
11703
11703
11703
11704
11703
11703
11705
11703
11704
11704
11703
11705
11705
11703
11706
11707
11705
11705
11704
11706
11706
11705
11706
11707
11705
11707
11706
11707
11707
11708
11708
11708
11709
11708
11708
11708
11708
11708
11709
11709
11709
11708
11709
11709
11711
11711
11711
11709
11711
11709
11711
11711
11711
11711
11713
11713
11711
11711
11711
11711
11712
11713
11713
11715
11712
11714
11713
11714
11715
11715
11714
11715
11714
11715
11715
11716
11716
11717
11715
11715
11717
11716
11715
11717
11716
11716
11717
11719
11717
11716
11717
11718
11717
11718
11718
11718
11719
11718
11718
11719
11719
11719
11720
11719
11719
11719
11720
11719
11719
11720
11722
11721
11719
11719
11721
11721
11721
11721
11720
11719
11722
11721
11723
11722
11723
11723
11723
11724
11723
11722
11725
11723
11725
11723
11725
11724
11723
11726
11723
11724
11727
11726
11727
11726
11727
11727
11726
11727
11727
11727
11727
11726
11727
11726
11727
11727
11727
11727
11727
11728
11727
11729
11728
11729
11731
11729
11730
11730
11729
11731
11731
11730
11729
11731
11731
11731
11732
11732
11732
11731
11730
11731
11734
11731
11731
11733
11733
11733
11733
11731
11733
11735
11734
11735
11735
11735
11733
11734
11735
11735
11735
11733
11735
11735
11737
11735
11736
11735
11737
11737
11736
11735
11737
11736
11735
11738
11736
11737
11739
11739
11738
11737
11739
11738
11739
11739
11739
11740
11741
11738
11739
11739
11741
11740
11741
11741
11739
11740
11741
11740
11742
11742
11741
11743
11741
11743
11743
11743
11743
11743
11743
11743
11745
11745
11743
11743
11743
11744
11745
11744
11743
11744
11743
11745
11745
11746
11746
11745
11746
11746
11745
11747
11746
11747
11746
11748
11748
11747
11747
11747
11747
11749
11748
11749
11748
11748
11747
11749
11747
11751
11749
11750
11749
11751
11749
11751
11749
11751
11751
11751
11750
11751
11751
11751
11751
11751
11751
11751
11752
11752
11751
11752
11753
11753
11753
11753
11753
11752
11754
11753
11754
11755
11755
11753
11753
11753
11755
11756
11756
11756
11756
11755
11755
11756
11755
11756
11757
11757
11757
11757
11755
11757
11759
11757
11758
11757
11759
11758
11758
11759
11759
11759
11759
11759
11758
11759
11759
11759
11759
11759
11760
11759
11759
11761
11761
11761
11759
11761
11761
11761
11761
11761
11763
11763
11763
11760
11762
11762
11763
11762
11763
11763
11763
11765
11763
11763
11765
11764
11763
11765
11765
11765
11765
11765
11766
11766
11765
11765
11766
11765
11766
11767
11766
11767
11767
11767
11767
11767
11767
11767
11767
11767
11767
11769
11768
11768
11769
11769
11768
11767
11769
11768
11771
11770
11770
11771
11769
11771
11772
11772
11771
11771
11772
11770
11773
11773
11770
11771
11773
11772
11774
11773
11773
11772
11770
11775
11772
11769
11775
11773
11775
11771
11775
11773
11775
11775
11775
11775
11771
11775
11775
11775
11775
11775
11777
11779
11775
11775
11779
11775
11775
11775
11777
11776
11775
11777
11777
11777
11775
11777
11775
11779
11778
11780
11779
11782
11775
11779
11775
11781
11778
11783
11777
11782
11783
11778
11783
11777
11781
11781
11783
11781
11783
11781
11781
11783
11783
11783
11780
11785
11782
11785
11783
11787
11784
11783
11783
11786
11784
11788
11781
11785
11781
11783
11785
11787
11787
11785
11783
11786
11787
11788
11786
11787
11785
11786
11787
11785
11783
11786
11786
11790
11785
11787
11788
11786
11787
11789
11789
11789
11790
11789
11791
11788
11793
11789
11792
11787
11791
11788
11791
11789
11789
11791
11790
11791
11791
11791
11792
11793
11791
11792
11793
11793
11791
11793
11791
11792
11794
11795
11794
11793
11794
11793
11792
11793
11793
11795
11795
11795
11795
11795
11795
11795
11795
11797
11797
11797
11797
11799
11795
11795
11798
11797
11795
11796
11798
11798
11797
11799
11797
11799
11796
11798
11797
11799
11798
11802
11799
11801
11799
11801
11800
11801
11799
11802
11799
11799
11799
11800
11801
11799
11800
11802
11801
11803
11800
11805
11799
11801
11802
11801
11801
11803
11804
11803
11803
11799
11803
11805
11805
11805
11805
11805
11804
11806
11805
11807
11805
11804
11807
11805
11809
11803
11807
11804
11805
11807
11805
11802
11809
11806
11807
11806
11810
11807
11810
11807
11809
11807
11810
11810
11811
11807
11808
11810
11810
11807
11813
11810
11811
11809
11810
11809
11810
11811
11809
11812
11814
11814
11810
11813
11809
11814
11811
11813
11813
11813
11814
11811
11815
11813
11813
11813
11814
11815
11813
11813
11815
11813
11814
11816
11815
11814
11815
11817
11814
11815
11814
11818
11816
11817
11815
11817
11817
11815
11817
11817
11817
11817
11817
11819
11819
11818
11817
11819
11817
11817
11818
11819
11819
11818
11821
11821
11819
11820
11822
11821
11817
11821
11823
11823
11821
11821
11823
11822
11821
11823
11822
11823
11822
11823
11824
11823
11823
11824
11823
11822
11824
11824
11825
11823
11823
11825
11827
11824
11825
11827
11825
11823
11824
11827
11827
11827
11825
11825
11827
11825
11825
11827
11825
11826
11828
11827
11828
11828
11826
11831
11829
11829
11828
11830
11831
11827
11829
11829
11829
11828
11829
11832
11830
11829
11830
11831
11831
11829
11831
11831
11831
11831
11831
11833
11831
11830
11833
11835
11832
11833
11834
11833
11832
11833
11835
11834
11835
11833
11833
11835
11835
11833
11833
11835
11835
11834
11835
11834
11835
11834
11833
11837
11834
11837
11837
11837
11836
11837
11838
11838
11837
11837
11838
11840
11838
11839
11838
11839
11837
11839
11841
11837
11838
11838
11839
11839
11839
11841
11839
11841
11839
11842
11842
11841
11841
11838
11843
11842
11843
11844
11843
11845
11843
11843
11843
11842
11846
11842
11845
11843
11843
11843
11841
11847
11845
11845
11845
11845
11846
11843
11845
11845
11846
11847
11846
11845
11847
11848
11845
11847
11849
11847
11847
11847
11847
11847
11846
11847
11849
11851
11847
11849
11847
11851
11849
11847
11849
11849
11848
11847
11849
11851
11849
11849
11852
11851
11850
11849
11852
11853
11850
11849
11855
11852
11853
11853
11853
11852
11852
11852
11854
11854
11855
11854
11854
11855
11854
11853
11856
11854
11855
11854
11855
11855
11855
11855
11855
11857
11857
11856
11857
11855
11856
11855
11855
11858
11855
11856
11857
11857
11855
11857
11859
11857
11859
11857
11859
11859
11859
11859
11857
11859
11861
11860
11861
11859
11859
11861
11859
11863
11860
11862
11859
11860
11861
11861
11862
11861
11861
11863
11864
11862
11862
11862
11863
11863
11864
11865
11863
11863
11863
11862
11865
11863
11863
11864
11865
11863
11865
11864
11865
11867
11863
11867
11866
11865
11867
11866
11866
11866
11867
11867
11867
11866
11867
11869
11868
11868
11868
11870
11869
11867
11870
11867
11868
11869
11869
11868
11870
11868
11870
11869
11871
11871
11871
11872
11870
11870
11871
11871
11871
11873
11871
11871
11871
11873
11871
11873
11871
11872
11871
11873
11874
11874
11873
11873
11875
11873
11874
11873
11873
11875
11875
11873
11874
11877
11875
11875
11877
11877
11876
11876
11876
11875
11876
11875
11877
11877
11875
11876
11879
11879
11878
11879
11877
11879
11877
11879
11879
11879
11879
11879
11879
11879
11879
11879
11879
11879
11880
11879
11879
11881
11881
11880
11881
11881
11883
11881
11883
11882
11883
11881
11881
