14045
14047
14043
14045
14045
14046
14045
14047
14047
14047
14045
14045
14045
14045
14045
14045
14047
14047
14047
14044
14045
14046
14047
14046
14047
14046
14048
14047
14045
14046
14046
14047
14047
14048
14047
14047
14045
14047
14047
14047
14049
14050
14047
14047
14047
14045
14048
14047
14048
14050
14049
14047
14047
14051
14050
14049
14047
14048
14045
14049
14047
14050
14049
14048
14047
14049
14049
14050
14047
14051
14050
14050
14049
14047
14047
14047
14048
14049
14051
14049
14050
14047
14048
14047
14048
14049
14049
14050
14049
14051
14049
14047
14049
14051
14051
14049
14049
14051
14050
14049
14049
14051
14049
14051
14051
14050
14052
14050
14053
14051
14049
14051
14051
14051
14050
14050
14051
14051
14050
14051
14052
14052
14052
14049
14051
14051
14051
14051
14053
14050
14051
14051
14051
14051
14052
14051
14051
14052
14052
14053
14052
14051
14053
14052
14053
14053
14051
14053
14053
14051
14053
14053
14052
14054
14052
14053
14055
14053
14053
14053
14053
14053
14053
14055
14053
14054
14054
14053
14055
14053
14054
14054
14054
14055
14055
14053
14053
14054
14055
14054
14055
14055
14055
14055
14055
14055
14055
14054
14055
14055
14055
14055
14055
14053
14055
14055
14055
14055
14055
14055
14055
14055
14057
14055
14055
14055
14055
14056
14055
14056
14055
14057
14056
14057
14057
14055
14055
14056
14057
14055
14055
14056
14055
14055
14055
14057
14056
14055
14056
14057
14057
14055
14058
14056
14057
14057
14055
14057
14057
14058
14057
14057
14057
14057
14057
14058
14058
14057
14058
14059
14057
14057
14055
14056
14057
14058
14059
14057
14058
14058
14057
14059
14058
14057
14059
14058
14060
14057
14057
14059
14059
14057
14060
14059
14061
14059
14058
14059
14058
14059
14061
14059
14059
14059
14060
14060
14059
14059
14058
14060
14058
14059
14060
14059
14059
14059
14060
14060
14059
14060
14059
14061
14062
14062
14061
14061
14061
14059
14060
14062
14060
14061
14060
14059
14061
14059
14061
14059
14059
14061
14060
14062
14059
14061
14063
14062
14061
14062
14062
14063
14063
14062
14061
14063
14062
14061
14061
14063
14062
14062
14064
14062
14064
14063
14062
14063
14062
14061
14062
14063
14063
14065
14063
14063
14065
14063
14063
14063
14063
14064
14063
14063
14062
14062
14063
14064
14063
14063
14063
14063
14065
14063
14063
14063
14064
14063
14065
14063
14063
14065
14063
14065
14065
14064
14065
14065
14063
14065
14063
14065
14065
14063
14065
14064
14063
14064
14065
14065
14065
14065
14065
14064
14065
14065
14065
14065
14065
14065
14066
14066
14067
14066
14064
14065
14065
14067
14066
14067
14067
14067
14067
14067
14068
14067
14067
14067
14067
14066
14069
14066
14067
14067
14068
14067
14067
14065
14067
14067
14067
14069
14069
14067
14068
14067
14069
14065
14068
14067
14068
14069
14069
14069
14069
14069
14068
14069
14068
14067
14071
14068
14069
14067
14068
14068
14069
14068
14068
14069
14069
14068
14069
14071
14069
14070
14069
14069
14070
14070
14070
14068
14068
14069
14069
14070
14069
14071
14071
14069
14070
14070
14071
14071
14071
14071
14071
14071
14071
14071
14070
14070
14071
14071
14071
14071
14071
14072
14070
14071
14071
14069
14073
14071
14072
14071
14071
14071
14071
14071
14070
14071
14071
14071
14071
14071
14072
14073
14071
14071
14073
14071
14073
14071
14073
14071
14071
14071
14073
14072
14072
14073
14071
14073
14071
14071
14072
14071
14073
14073
14073
14071
14074
14073
14073
14075
14073
14073
14075
14075
14074
14072
14074
14073
14075
14075
14074
14075
14074
14075
14074
14074
14075
14074
14075
14075
14073
14073
14075
14075
14075
14073
14075
14077
14073
14076
14075
14075
14077
14075
14075
14076
14075
14077
14077
14075
14075
14075
14075
14075
14075
14077
14075
14076
14075
14075
14077
14075
14077
14076
14076
14076
14079
14077
14075
14077
14076
14078
14075
14077
14077
14078
14076
14078
14076
14078
14077
14077
14078
14078
14077
14078
14077
14078
14076
14077
14077
14077
14077
14079
14077
14079
14077
14078
14079
14077
14077
14079
14078
14078
14079
14079
14079
14079
14079
14079
14079
14079
14079
14078
14079
14079
14077
14078
14079
14079
14079
14079
14079
14079
14079
14080
14079
14079
14079
14079
14079
14080
14079
14081
14079
14079
14079
14079
14079
14079
14079
14079
14079
14079
14081
14082
14079
14080
14079
14081
14080
14081
14081
14081
14081
14081
14080
14079
14081
14081
14081
14081
14081
14083
14080
14081
14082
14082
14081
14083
14079
14081
14083
14082
14081
14082
14083
14081
14083
14083
14081
14083
14083
14082
14083
14082
14081
14083
14081
14083
14083
14084
14083
14083
14082
14085
14082
14083
14083
14082
14083
14084
14083
14084
14086
14085
14085
14085
14085
14083
14085
14083
14084
14085
14083
14085
14085
14085
14084
14085
14085
14086
14085
14085
14086
14085
14084
14084
14084
14086
14087
14085
14087
14086
14085
14085
14085
14085
14087
14086
14086
14087
14086
14087
14085
14087
14086
14087
14087
14087
14086
14087
14085
14086
14086
14087
14086
14087
14087
14087
14088
14086
14088
14087
14087
14087
14087
14087
14087
14087
14087
14087
14087
14087
14088
14087
14087
14087
14087
14087
14087
14087
14088
14089
14089
14089
14090
14088
14088
14089
14087
14087
14088
14089
14089
14087
14089
14090
14089
14089
14089
14089
14089
14087
14090
14091
14087
14089
14089
14089
14089
14090
14089
14089
14089
14089
14091
14089
14091
14091
14091
14090
14090
14090
14093
14091
14091
14091
14091
14090
14089
14090
14092
14090
14089
14091
14091
14089
14090
14090
14091
14093
14091
14091
14092
14090
14092
14091
14092
14092
14090
14094
14092
14094
14091
14093
14092
14093
14094
14093
14093
14094
14093
14093
14092
14094
14093
14092
14093
14092
14093
14093
14093
14093
14095
14092
14094
14094
14093
14095
14095
14095
14095
14095
14095
14095
14094
14095
14094
14094
14095
14095
14097
14093
14096
14095
14094
14093
14095
14095
14095
14095
14094
14095
14094
14094
14095
14095
14093
14095
14095
14093
14094
14094
14093
14093
14095
14095
14097
14098
14095
14096
14096
14095
14097
14098
14096
14096
14095
14097
14096
14095
14095
14097
14097
14098
14099
14099
14095
14097
14097
14096
14097
14100
14096
14099
14097
14100
14097
14098
14098
14096
14098
14099
14097
14097
14098
14097
14097
14098
14098
14099
14101
14100
14099
14099
14095
14097
14097
14099
14099
14099
14099
14097
14098
14101
14101
14099
14099
14097
14099
14100
14101
14099
14099
14099
14099
14099
14101
14100
14099
14098
14101
14101
14101
14102
14101
14099
14102
14099
14099
14100
14101
14101
14099
14101
14103
14101
14102
14103
14099
14099
14098
14102
14102
14101
14101
14103
14101
14101
14101
14103
14104
14103
14101
14102
14101
14103
14102
14103
14104
14103
14101
14101
14103
14103
14103
14102
14105
14103
14100
14101
14103
14103
14105
14103
14103
14104
14103
14102
14103
14103
14103
14102
14103
14103
14103
14103
14105
14103
14103
14103
14104
14103
14107
14105
14103
14106
14103
14103
14104
14103
14103
14103
14105
14103
14105
14105
14105
14106
14104
14105
14105
14104
14105
14103
14105
14104
14105
14105
14106
14106
14106
14104
14105
14106
14105
14103
14105
14107
14106
14107
14106
14106
14106
14107
14106
14106
14108
14107
14107
14107
14108
14107
14107
14107
14107
14109
14109
14107
14109
14109
14105
14107
14106
14109
14108
14108
14105
14108
14107
14107
14109
14109
14109
14107
14107
14107
14109
14108
14109
14111
14109
14109
14107
14110
14111
14109
14108
14110
14111
14109
14109
14109
14110
14109
14110
14109
14109
14110
14111
14109
14110
14109
14111
14111
14111
14112
14108
14109
14111
14111
14114
14110
14108
14110
14109
14111
14111
14112
14111
14111
14111
14112
14114
14111
14111
14111
14111
14112
14111
14111
14113
14111
14112
14112
14113
14112
14111
14111
14111
14112
14113
14112
14110
14113
14111
14113
14114
14113
14111
14111
14113
14111
14115
14114
14113
14112
14113
14114
14114
14112
14113
14111
14114
14113
14115
14113
14115
14113
14115
14116
14113
14111
14115
14114
14115
14115
14112
14112
14115
14115
14115
14114
14117
14115
14114
14116
14113
14116
14115
14117
14115
14115
14117
14116
14115
14115
14115
14116
14115
14117
14118
14116
14119
14117
14117
14116
14117
14114
14119
14118
14116
14117
14118
14118
14118
14116
14117
14117
14117
14117
14116
14118
14119
14118
14119
14118
14119
14117
14119
14119
14118
14119
14120
14117
14117
14119
14119
14118
14119
14119
14117
14117
14118
14119
14119
14119
14118
14119
14119
14119
14119
14119
14120
14119
14120
14119
14121
14119
14119
14119
14121
14121
14120
14120
14121
14118
14119
14122
14119
14121
14121
14120
14118
14121
14120
14121
14119
14119
14123
14121
14121
14120
14121
14122
14121
14122
14120
14121
14122
14119
14119
14125
14122
14121
14121
14120
14121
14122
14123
14119
14121
14122
14123
14123
14121
14124
14123
14121
14119
14121
14123
14123
14122
14120
14122
14125
14124
14125
14124
14123
14121
14123
14125
14124
14125
14123
14126
14125
14123
14123
14125
14123
14126
14123
14124
14124
14125
14125
14123
14123
14125
14123
14123
14125
14125
14125
14125
14125
14126
14127
14127
14125
14123
14124
14127
14127
14125
14127
14126
14127
14127
14126
14125
14125
14128
14125
14125
14127
14126
14125
14125
14127
14127
14127
14127
14125
14127
14127
14127
14127
14128
14127
14127
14127
14126
14126
14127
14129
14127
14128
14126
14125
14131
14128
14129
14129
14127
14129
14128
14128
14127
14128
14129
14128
14129
14127
14127
14128
14127
14128
14127
14129
14130
14129
14130
14130
14130
14129
14132
14129
14128
14129
14131
14130
14130
14129
14129
14127
14131
14130
14130
14131
14130
14131
14129
14131
14131
14129
14129
14130
14130
14131
14131
14131
14131
14132
14133
14132
14131
14130
14132
14132
14131
14133
14132
14132
14131
14132
14133
14134
14134
14131
14133
14131
14132
14133
14133
14132
14133
14132
14131
14134
14133
14134
14133
14132
14134
14133
14134
14133
14135
14135
14135
14133
14134
14134
14133
14133
14135
14135
14134
14135
14133
14135
14134
14135
14135
14135
14134
14135
14135
14135
14135
14135
14135
14135
14135
14135
14135
14136
14137
14135
14135
14136
14135
14135
14137
14136
14135
14135
14135
14135
14135
14135
14137
14137
14137
14135
14135
14135
14135
14137
14137
14137
14135
14137
14135
14135
14136
14137
14138
14137
14136
14139
14138
14138
14137
14137
14137
14138
14138
14137
14137
14138
14139
14139
14138
14137
14139
14135
14137
14138
14139
14139
14139
14139
14138
14141
14139
14139
14141
14140
14139
14138
14139
14139
14138
14139
14140
14139
14141
14139
14139
14141
14140
14139
14141
14140
14139
14139
14139
14141
14139
14139
14141
14141
14142
14140
14140
14140
14141
14141
14143
14141
14142
14141
14141
14141
14142
14141
14141
14143
14141
14141
14142
14141
14142
14143
14142
14143
14143
14141
14142
14143
14143
14143
14142
14143
14143
14143
14142
14144
14145
14141
14143
14145
14143
14143
14145
14143
14143
14143
14144
14143
14145
14143
14143
14145
14145
14143
14145
14143
14143
14144
14145
14144
14143
14146
14146
14143
14143
14146
14146
14144
14146
14146
14146
14146
14145
14146
14147
14143
14145
14145
14145
14147
14146
14146
14145
14149
14146
14147
14144
14148
14147
14149
14147
14149
14147
14146
14147
14147
14146
14147
14147
14149
14148
14149
14147
14148
14148
14149
14149
14148
14147
14149
14149
14147
14149
14149
14150
14148
14149
14150
14149
14149
14149
14151
14149
14149
14148
14150
14149
14149
14150
14148
14149
14150
14149
14151
14151
14150
14151
14149
14150
14150
14150
14151
14150
14151
14151
14151
14151
14151
14151
14151
14150
14150
14151
14151
14151
14151
14150
14151
14151
14151
14151
14151
14151
14151
14152
14151
14151
14151
14151
14152
14151
14151
14151
14151
14151
14151
14153
14151
14151
14152
14153
14151
14152
14152
14153
14153
14154
14152
14154
14153
14154
14154
14154
14151
14153
14153
14153
14153
14155
14154
14155
14154
14153
14156
14154
14153
14153
14154
14154
14156
14154
14154
14155
14154
14154
14155
14155
14157
14155
14155
14155
14157
14156
14155
14155
14156
14154
14155
14156
14157
14157
14155
14157
14155
14156
14157
14157
14157
14158
14158
14156
14157
14159
14155
14158
14158
14157
14156
14159
14157
14158
14157
14159
14157
14158
14158
14158
14158
14158
14159
14159
14159
14158
14159
14159
14159
14158
14159
14158
14159
14159
14159
14159
14160
14159
14159
14159
14160
14157
14159
14159
14160
14159
14159
14161
14159
14161
14160
14159
14159
14161
14161
14161
14159
14159
14160
14158
14161
14159
14161
14161
14160
14159
14159
14161
14160
14161
14161
14161
14161
14162
14163
14162
14162
14162
14163
14161
14159
14160
14163
14161
14161
14162
14162
14160
14164
14163
14163
14163
14164
14163
14164
14163
14165
14162
14163
14164
14164
14161
14163
14164
14163
14165
14164
14163
14165
14164
14163
14165
14165
14165
14165
14164
14163
14163
14165
14165
14165
14165
14165
14165
14165
14165
14165
14165
14165
14166
14165
14165
14165
14166
14167
14167
14167
14167
14167
14167
14167
14165
14166
14167
14167
14167
14166
14167
14167
14167
14167
14167
14167
14167
14166
14169
14167
14166
14167
14167
14167
14167
14166
14167
14168
14167
14169
14167
14167
14167
14167
14167
14167
14167
14169
14169
14168
14167
14167
14167
14167
14167
14169
14168
14169
14169
14168
14168
14169
14169
14170
14169
14169
14170
14168
14171
14169
14168
14169
14170
14171
14169
14169
14171
14171
14169
14170
14168
14171
14170
14171
14170
14169
14171
14170
14171
14172
14171
14170
14171
14171
14172
14172
14171
14172
14172
14171
14171
14172
14171
14173
14173
14173
14171
14171
14171
14173
14173
14174
14174
14173
14173
14173
14174
14173
14173
14173
14173
14175
14173
14175
14175
14174
14172
14172
14174
14173
14175
14174
14175
14173
14174
14175
14173
14174
14174
14174
14175
14177
14175
14175
14174
14175
14173
14173
14176
14175
14175
14176
14175
14175
14175
14175
14175
14176
14175
14175
14175
14178
14175
14177
14176
14176
14175
14175
14177
14177
14176
14175
14177
14177
14177
14177
14178
14176
14176
14177
14178
14180
14178
14179
14177
14177
14178
14179
14178
14178
14179
14177
14177
14178
14179
14179
14179
14177
14177
14178
14179
14179
14181
14180
14181
14177
14180
14180
14179
14179
14179
14181
14179
14180
14180
14180
14180
14180
14180
14180
14181
14180
14180
14181
14181
14181
14180
14183
14181
14181
14180
14183
14179
14179
14182
14181
14181
14183
14183
14181
14181
14181
14181
14182
14179
14181
14182
14181
14181
14181
14183
14183
14183
14181
14183
14183
14181
14182
14183
14183
14181
14183
14183
14183
14183
14183
14183
14182
14183
14183
14183
14185
14182
14183
14185
14183
14185
14183
14183
14184
14183
14183
14185
14183
14185
14184
14183
14184
14184
14186
14183
14185
14185
14184
14185
14186
14183
14184
14185
14185
14186
14186
14186
14183
14187
14185
14186
14185
14187
14187
14187
14186
14185
14187
14185
14186
14185
14185
14185
14187
14187
14185
14186
14188
14188
14187
14187
14185
14185
14188
14187
14189
14187
14184
14187
14188
14191
14191
14190
14189
14187
14187
14186
14187
14186
14189
14189
14189
14189
14189
14185
14189
14190
14188
14189
14190
14190
14189
14191
14190
14189
14188
14188
14190
14191
14191
14191
14189
14191
14187
14191
14193
14191
14191
14187
14188
14191
14193
14191
14191
14191
14191
14193
14192
14191
14191
14192
14193
14192
14191
14191
14193
14191
14191
14193
14192
14191
14194
14193
14193
14191
14191
14192
14194
14193
14192
14193
14194
14194
14192
14193
14193
14194
14195
14193
14192
14192
14193
14193
14193
14193
14192
14195
14195
14196
14191
14193
14196
14195
14193
14194
14195
14195
14195
14195
14195
14194
14197
14195
14195
14195
14197
14195
14197
14196
14194
14196
14194
14196
14197
14197
14195
14198
14196
14198
14197
14196
14198
14197
14197
14195
14196
14196
14199
14199
14197
14195
14199
14199
14197
14197
14199
14198
14199
14199
14196
14199
14199
14198
14197
14199
14199
14197
14199
14199
14199
14198
14198
14198
14201
14199
14199
14197
14199
14201
14201
14199
14198
14200
14199
14199
14199
14200
14199
14201
14202
14199
14199
14200
14201
14200
14199
14199
14202
14203
14201
14201
14199
14201
14202
14199
14201
14201
14202
14201
14200
14201
14203
14201
14202
14201
14201
14201
14201
14202
14202
14201
14202
14200
14203
14203
14203
14203
14203
14205
14204
14202
14203
14204
14204
14204
14203
14203
14202
14205
14204
14203
14202
14201
14203
14204
14205
14204
14203
14202
14205
14207
14204
14203
14205
14207
14207
14207
14203
14206
14205
14202
14205
14206
14205
14203
14205
14205
14205
14205
14205
14209
14205
14203
14205
14207
14207
14206
14205
14207
14208
14207
14205
14205
14206
14206
14207
14206
14207
14209
14206
14207
14207
14208
14207
14207
14210
14209
14205
14209
14209
14207
14207
14210
14211
14207
14206
14209
14208
14209
14207
14207
14210
14207
14206
14209
14211
14211
14207
14208
14211
14211
14209
14207
14210
14211
14211
14207
14211
14210
14209
14211
14211
14212
14207
14211
14211
14211
14209
14211
14211
14210
14210
14211
14214
14211
14210
14213
14211
14211
14210
14213
14213
14213
14210
14213
14213
14211
14211
14212
14213
14211
14211
14212
14214
14212
14213
14211
14214
14211
14213
14212
14214
14215
14215
14214
14214
14214
14214
14212
14214
14215
14213
14214
14215
14214
14215
14214
14214
14215
14214
14215
14215
14215
14216
14214
14215
14215
14215
14215
14215
14217
14216
14215
14215
14215
14213
14215
14216
14216
14215
14216
14217
14215
14217
14217
14215
14216
14216
14217
14216
14217
14218
14218
14217
14215
14217
14215
14217
14217
14218
14217
14218
14218
14215
14218
14218
14218
14217
14218
14219
14219
14217
14217
14218
14217
14218
14220
14220
14218
14220
14218
14219
14218
14219
14221
14220
14219
14220
14220
14219
14218
14221
14218
14220
14219
14221
14221
14219
14221
14223
14222
14221
14220
14221
14220
14221
14220
14221
14220
14223
14221
14221
14221
14223
14223
14221
14223
14223
14223
14221
14221
14223
14223
14220
14223
14223
14223
14223
14221
14222
14223
14223
14223
14222
14225
14223
14222
14223
14225
14225
14223
14223
14223
14223
14223
14225
14225
14224
14223
14224
14225
14222
14223
14226
14227
14224
14223
14225
14225
14224
14226
14225
14226
14225
14225
14224
14225
14224
14228
14225
14225
14224
14226
14225
14227
14225
14224
14228
14226
14227
14227
14225
14227
14226
14227
14224
14227
14228
14229
14228
14227
14227
14225
14230
14229
14225
14225
14228
14228
14228
14230
14229
14228
14226
14229
14227
14227
14229
14229
14231
14228
14228
14229
14230
14228
14227
14231
14230
14228
14231
14228
14228
14231
14231
14230
14231
14231
14230
14229
14230
14230
14230
14231
14231
14230
14229
14231
14231
14230
14230
14231
14231
14230
14231
14230
14231
14231
14230
14231
14231
14231
14231
14229
14231
14231
14231
14232
14231
14231
14231
14232
14231
14231
14233
14233
14232
14233
14231
14232
14231
14233
14235
14231
14233
14236
14233
14231
14234
14233
14234
14234
14234
14235
14233
14235
14234
14235
14233
14235
14231
14233
14235
14233
14234
14235
14235
14234
14235
14234
14234
14235
14235
14235
14235
14235
14237
14235
14235
14235
14236
14234
14235
14237
14235
14235
14239
14237
14236
14237
14237
14237
14236
14238
14237
14238
14237
14237
14239
14239
14237
14237
14237
14237
14237
14238
14237
14239
14238
14239
14241
14238
14237
14239
14239
14241
14239
14238
14237
14239
14239
14241
14239
14239
14240
14239
14239
14239
14241
14239
14239
14241
14241
14238
14239
14239
14240
14239
14240
14239
14239
14241
14242
14242
14239
14240
14243
14243
14240
14241
14241
14240
14241
14241
14239
14243
14243
14242
14243
14243
14241
14242
14243
14243
14241
14243
14243
14243
14242
14243
14241
14243
14241
14243
14243
14244
14244
14243
14246
14244
14245
14245
14241
14245
14243
14246
14245
14246
14245
14245
14244
14246
14247
14244
14246
14243
14245
14247
14245
14243
14247
14246
14247
14246
14246
14247
14247
14247
14247
14245
14247
14247
14246
14247
14246
14247
14247
14245
14245
14247
14247
14247
14247
14247
14247
14248
14247
14247
14247
14247
14247
14247
14247
14247
14248
14247
14247
14248
14249
14247
14248
14247
14249
14249
14247
14247
14248
14249
14247
14249
14251
14248
14247
14247
14250
14249
14251
14249
14248
14249
14249
14250
14250
14249
14252
14250
14251
14249
14251
14251
14250
14251
14250
14250
14250
14249
14252
14251
14252
14249
14251
14250
14250
14252
14253
14253
14253
14251
14251
14253
14251
14252
14253
14251
14253
14253
14251
14253
14253
14252
14252
14251
14253
14252
14252
14253
14255
14253
14253
14255
14253
14254
14254
14255
14253
14255
14254
14254
14253
14255
14252
14255
14253
14254
14254
14255
14253
14255
14255
14255
14255
14255
14255
14254
14255
14256
14255
14255
14256
14257
14255
14257
14256
14255
14256
14256
14254
14256
14257
14257
14258
14255
14255
14255
14259
14257
14259
14259
14256
14257
14258
14255
14258
14257
14259
14256
14259
14257
14259
14258
14259
14257
14259
14258
14257
14260
14258
14257
14260
14259
14259
14259
14257
14261
14258
14259
14259
14260
14261
14259
14259
14259
14259
14260
14261
14260
14260
14260
14261
14261
14260
14261
14262
14262
14261
14261
14261
14261
14263
14263
14259
14260
14262
14261
14261
14262
14263
14261
14263
14262
14263
14261
14262
14261
14263
14262
14263
14263
14263
14263
14263
14264
14263
14262
14262
14263
14263
14263
14261
14263
14263
14263
14263
14263
14262
14263
14263
14263
14264
14264
14265
14265
14266
14265
14266
14265
14265
14263
14263
14265
14264
14264
14265
14264
14266
14265
14265
14266
14265
14265
14265
14267
14267
14265
14264
14265
14267
14267
14266
14267
14267
14267
14267
14268
14268
14266
14268
14268
14268
14267
14267
14267
14267
14267
14268
14267
14269
14268
14269
14267
14267
14269
14269
14268
14267
14267
14269
14269
14269
14269
14269
14270
14271
14271
14270
14270
14270
14270
14271
14271
14270
14270
14271
14269
14270
14271
14269
14271
14271
14271
14271
14271
14271
14271
14271
14271
14271
14271
14273
14270
14272
14273
14272
14273
14272
14272
14271
14271
14273
14271
14273
14274
14272
14271
14274
14273
14274
14273
14275
14274
14273
14274
14271
14273
14271
14273
14274
14271
14275
14273
14273
14275
14273
14276
14275
14272
14275
14273
14274
14275
14273
14273
14275
14276
14275
14275
14277
14275
14276
14276
14274
14277
14275
14276
14276
14276
14276
14275
14278
14279
14276
14275
14277
14278
14277
14278
14275
14277
14276
14277
14276
14279
14277
14279
14278
14277
14277
14277
14277
14278
14278
14278
14277
14277
14279
14278
14279
14278
14279
14279
14279
14279
14279
14279
14277
14279
14279
14279
14279
14279
14279
14279
14278
14279
14281
14281
14279
14281
14280
14279
14280
14281
14279
14281
14281
14282
14281
14281
14280
14281
14280
14280
14281
14280
14279
14279
14282
14279
14280
14279
14280
14281
14279
14281
14281
14281
14281
14281
14281
14282
14280
14280
14279
14281
14281
14281
14281
14281
14281
14281
14281
14281
14280
14281
14279
14281
14279
14280
14281
14281
14280
14281
14281
14281
14281
14281
14283
14281
14281
14279
14282
14282
14279
14282
14281
14283
14280
14281
14281
14281
14281
14279
14281
14283
14279
14282
14281
14283
14282
14281
14283
14281
14280
14281
14280
14280
14283
14283
14282
14283
14280
14283
14283
14282
14282
14283
14282
14281
14282
14283
14281
14284
14281
14282
14281
14283
14283
14282
14283
14281
14281
14283
14279
14281
14281
14281
14283
14281
14281
14284
14281
14281
14284
14283
14283
14281
14283
14283
14285
14283
14283
14281
14281
14283
14282
14283
14283
14281
14283
14282
14283
14282
14281
14283
14282
14283
14283
14282
14283
14283
14285
14283
14283
14281
14281
14282
14282
14283
14282
14282
14281
14283
14283
14283
14282
14284
14282
14284
14283
14284
14284
14285
14283
14284
14284
14283
14283
14284
14283
14283
14281
14283
14283
14283
14283
14283
14284
14283
14282
14283
14284
14285
14283
14283
14283
14283
14284
14283
14285
14283
14285
14285
14285
14283
14283
14283
14283
14285
14283
14285
14286
14284
14283
14285
14284
14283
14285
14286
14285
14283
14285
14284
14285
14286
14283
14286
14283
14285
14284
14285
14284
14284
14284
14285
14285
14285
14284
14284
14285
14284
14285
14284
14285
14286
14285
14285
14285
14285
14285
14285
14286
14284
14286
14284
14284
14285
14287
14285
14284
14284
14285
14285
14285
14285
14283
14285
14285
14285
14285
14285
14285
14285
14286
14283
14286
14285
14287
14287
14286
14284
14283
14287
14285
14284
14287
14287
14287
14284
14285
14286
14287
14285
14287
14287
14286
14286
14287
14285
14285
14287
14286
14287
14285
14287
14284
14287
14283
14285
14287
14285
14285
14287
14284
14285
14286
14287
14287
14287
14287
14287
14287
14287
14287
14287
14287
14285
14288
14287
14285
14286
14287
14287
14287
14287
14287
14289
14287
14287
14289
14288
14287
14289
14287
14285
14287
14287
14286
14289
14287
14287
14286
14288
14287
14285
14286
14288
14286
14287
14288
14289
14287
14287
14287
14287
14288
14287
14287
14287
14289
14288
14287
14286
14291
14287
14289
14289
14286
14287
14288
14287
14288
14289
14287
14287
14289
14292
14289
14288
14290
14287
14288
14287
14288
14285
14288
14287
14288
14287
14288
14288
14290
14293
14289
14287
14289
14287
14286
14293
14289
14289
14291
14289
14286
14291
14287
14287
14289
14289
14288
14289
14289
14287
14287
14289
14289
14289
14291
14287
14289
14289
14287
14287
14291
14288
14287
14289
14288
14287
14289
14287
14289
14291
14289
14288
14290
14287
14288
14292
14288
14289
14291
14289
14290
14291
14289
14290
14290
14291
14289
14290
14290
14291
14287
14289
14289
14292
14289
14289
14290
14288
14291
14293
14289
14291
14291
14289
14289
14291
14290
14290
14291
14290
14289
14290
14290
14289
14292
14291
14290
14290
14291
14291
14291
14291
14293
14290
14290
14291
14290
14292
14291
14291
14291
14290
14292
14291
14291
14291
14290
14291
14289
14291
14293
14289
14291
14291
14290
14291
14291
14291
14291
14291
14291
14290
14292
14292
14291
14293
14293
14291
14291
14292
14291
14293
14289
14292
14293
14291
14293
14293
14291
14289
14291
14291
14290
14291
14291
14293
14293
14291
14289
14292
14291
14290
14294
14291
14292
14295
14291
14293
14292
14291
14292
14293
14294
14291
14295
14293
14291
14293
14293
14293
14293
14293
14291
14293
14293
14292
14295
14293
14292
14295
14291
14294
14293
14290
14293
14294
14292
14293
14293
14295
14293
14295
14291
14295
14294
14291
14294
14295
14293
14295
14295
14294
14295
14291
14293
14295
14294
14295
14294
14294
14294
14295
14295
14294
14295
14291
14295
14293
14294
14295
14294
14294
14293
14293
14293
14296
14293
14294
14295
14293
14295
14295
14295
14295
14293
14292
14297
14295
14293
14295
14295
14294
14295
14293
14295
14294
14294
14295
14294
14292
14295
14295
14294
14296
14295
14293
14296
14295
14292
14295
14295
14295
14295
14294
14295
14295
14295
14297
14296
14295
14295
14295
14296
14295
14295
14294
14295
14295
14295
14298
14295
14294
14293
14295
14295
14296
14297
14295
14295
14295
14295
14297
14295
14297
14295
14298
14297
14295
14295
14295
14294
14295
14297
14297
14297
14297
14296
14297
14298
14295
14297
14297
14298
14295
14296
14296
14297
14295
14296
14296
14297
14296
14293
14298
14297
14295
14294
14296
14297
14297
14297
14295
14298
14295
14295
14296
14297
14296
14296
14297
14297
14296
14297
14297
14297
14296
14297
14297
14298
14298
14299
14298
14298
14295
14299
14299
14298
14297
14297
14295
14298
14297
14297
14297
14298
14298
14297
14298
14299
14299
14298
14299
14297
14298
14299
14299
14297
14297
14300
14299
14297
14298
14299
14298
14298
14297
14299
14297
14299
14299
14299
14299
14300
14298
14299
14300
14299
14297
14298
14301
14298
14297
14299
14298
14298
14300
14299
14299
14299
14297
14300
14299
14299
14298
14299
14299
14299
14299
14301
14301
14299
14299
14298
14302
14299
14300
14300
14301
14299
14299
14301
14299
14299
14298
14299
14299
14299
14301
14301
14301
14301
14299
14300
14299
14301
14300
14299
14300
14300
14299
14303
14299
14299
14301
14302
14301
14300
14301
14300
14301
14302
14300
14303
14299
14301
14302
14302
14301
14300
14299
14301
14302
14299
14303
14301
14302
14301
14302
14301
14301
14301
14301
14303
14299
14301
14301
14302
14301
14301
14302
14302
14303
14301
14302
14301
14301
14302
14303
14302
14303
14303
14304
14302
14301
14303
14304
14301
14301
14303
14303
14304
14301
14302
14303
14303
14301
14302
14302
14301
14301
14303
14303
14303
14303
14302
14303
14303
14303
14302
14302
14303
14301
14303
14303
14301
14301
14303
14303
14305
14303
14303
14303
14303
14303
14303
14303
14303
14303
14303
14303
14303
14302
14306
14306
14306
14303
14304
14305
14303
14302
14303
14303
14302
14303
14303
14305
14303
14303
14303
14303
14305
14306
14303
14306
14304
14305
14303
14305
14305
14304
14306
14305
14305
14303
14305
14305
14306
14303
14304
14304
14306
14303
14305
14305
14304
14304
14304
14304
14303
14307
14305
14307
14304
14305
14307
14305
14304
14307
14306
14307
14305
14305
14306
14306
14306
14305
14305
14305
14306
14306
14304
14305
14305
14307
14305
14306
14306
14305
14305
14307
14307
14305
14307
14309
14307
14304
14305
14305
14306
14306
14306
14307
14305
14307
14306
14307
14306
14307
14307
14307
14307
14308
14305
14309
14307
14307
14308
14308
14308
14308
14307
14307
14308
14307
14307
14307
14308
14309
14306
14306
14307
14307
14306
14307
14306
14308
14309
14307
14308
14309
14307
14309
14307
14308
14309
14309
14309
14307
14308
14309
14309
14307
14308
14309
14309
14310
14309
14308
14308
14310
14307
14308
14308
14309
14307
14308
14309
14309
14310
14308
14310
14310
14311
14309
14309
14310
14308
14309
14311
14307
14309
14311
14309
14310
14309
14308
14311
14311
14311
14309
14309
14309
14309
14310
14311
14311
14311
14309
14309
14310
14310
14310
14309
14311
14309
14309
14311
14310
14311
14311
14311
14310
14311
14310
14310
14309
14312
14310
14310
14311
14311
14310
14310
14311
14309
14311
14311
14311
14311
14310
14311
14311
14311
14311
14312
14312
14311
14311
14311
14312
14311
14311
14311
14311
14311
14311
14311
14311
14311
14311
14311
14311
14312
14311
14311
14312
14311
14311
14311
14311
14311
14312
14312
14313
14311
14311
14311
14313
14311
14311
14312
14312
14313
14314
14313
14313
14312
14311
14312
14311
14311
14311
14314
14312
14312
14312
14312
14313
14312
14311
14313
14311
14313
14312
14313
14313
14312
14312
14313
14313
14313
14313
14313
14314
14314
14313
14314
14311
14311
14314
14315
14313
14313
14313
14313
14314
14313
14314
14315
14313
14314
14314
14314
14315
14313
14316
14313
14314
14313
14313
14315
14313
14315
14314
14315
14314
14313
14315
14314
14314
14314
14314
14314
14313
14315
14315
14314
14315
14313
14315
14311
14314
14315
14317
14318
14314
14315
14316
14315
14315
14317
14316
14315
14315
14315
14317
14316
14317
14316
14317
14315
14313
14316
14315
14316
14315
14313
14315
14318
14315
14315
14317
14315
14315
14317
14317
14317
14314
14315
14317
14316
14317
14317
14315
14317
14317
14316
14317
14319
14316
14317
14316
14317
14317
14318
14316
14318
14318
14318
14317
14317
14317
14317
14317
14317
14319
14315
14317
14318
14318
14317
14319
14317
14315
14317
14319
14317
14318
14318
14317
14317
14316
14318
14317
14317
14319
14319
14317
14318
14317
14319
14318
14319
14318
14319
14318
14318
14319
14319
14319
14319
14319
14318
14318
14319
14319
14319
14319
14319
14319
14319
14319
14319
14319
14319
14318
14319
14319
14319
14320
14321
14317
14319
14321
14319
14318
14320
14318
14319
14319
14319
14319
14319
14321
14320
14319
14321
14321
14319
14319
14319
14321
14320
14320
14321
14319
14321
14320
14321
14319
14321
14320
14321
14319
14320
14321
14320
14322
14322
14321
14322
14320
14320
14322
14321
14323
14320
14321
14320
14321
14320
14321
14321
14321
14321
14320
14320
14322
14321
14321
14319
14321
14321
14321
14322
14322
14322
14321
14320
14322
14321
14322
14323
14323
14322
14321
14322
14323
14323
14322
14322
14322
14320
14320
14323
14321
14322
14323
14325
14322
14323
14323
14325
14325
14323
14322
14323
14323
14325
14323
14323
14322
14321
14321
14324
14323
14324
14327
14322
14324
14323
14324
14324
14323
14323
14326
14325
14323
14327
14324
14325
14323
14325
14326
14325
14323
14326
14325
14323
14327
14327
14324
14325
14325
14325
14325
14325
14324
14325
14326
14323
14324
14326
14325
14325
14325
14326
14326
14326
14325
14325
14326
14326
14325
14325
14325
14325
14326
14327
14324
14326
14326
14326
14327
14326
14326
14326
14325
14327
14325
14325
14327
14327
14326
14325
14326
14326
14327
14327
14327
14325
14325
14326
14327
14327
14327
14326
14327
14327
14327
14327
14326
14327
14326
14327
14327
14326
14327
14327
14327
14327
14327
14327
14327
14327
14327
14328
14327
14329
14327
14327
14329
14327
14327
14329
14327
14327
14327
14327
14328
14327
14328
14327
14329
14327
14327
14328
14327
14327
14327
14326
14328
14327
14327
14328
14330
14328
14329
14330
14327
14330
14327
14328
14329
14327
14329
14327
14330
14330
14329
14329
14329
14328
14328
14329
14329
14327
14329
14329
14328
14330
14329
14329
14331
14330
14331
14329
14329
14328
14330
14332
14328
14330
14327
14331
14331
14330
14328
14330
14329
14327
14331
14331
14327
14331
14330
14331
14331
14330
14327
14332
14329
14331
14331
14333
14330
14331
14330
14333
14332
14331
14331
14327
14329
14331
14330
14332
14329
14331
14333
14331
14331
14333
14331
14334
14331
14332
14331
14329
14331
14332
14332
14332
14331
14333
14334
14330
14333
14331
14331
14333
14331
14333
14331
14332
14335
14334
14332
14337
14332
14333
14335
14329
14333
14333
14332
14335
14332
14333
14332
14333
14335
14332
14334
14335
14332
14334
14331
14335
14335
14331
14335
14331
14334
14334
14332
14335
14335
14331
14334
14335
14331
14333
14335
14333
14333
14333
14335
14335
14335
14333
14333
14335
14335
14334
14335
14333
14335
14335
14334
14335
14333
14335
14335
14334
14336
14335
14335
14338
14332
14335
14335
14333
14335
14334
14335
14335
14335
14335
14335
14337
14333
14335
14336
14333
14337
14335
14337
14337
14335
14335
14335
14335
14335
14335
14337
14334
14337
14335
14335
14335
14336
14335
14335
14335
14337
14335
14337
14335
14335
14338
14335
14336
14335
14337
14338
14335
14337
14337
14335
14334
14339
14339
14335
14338
14336
14337
14337
14335
14339
14338
14337
14337
14338
14337
14335
14337
14337
14339
14339
14341
14338
14339
14337
14335
14340
14335
14338
14337
14335
14337
14336
14341
14337
14339
14342
14339
14338
14341
14339
14341
14340
14335
14341
14342
14335
14341
14341
14338
14343
14339
14341
14339
14335
14342
14339
14341
14341
14337
14343
14340
14342
14341
14339
14342
14340
14340
14339
14339
14341
14340
14342
14340
14342
14340
14340
14339
14340
14343
14339
14343
14340
14342
14342
14340
14344
14341
14339
14341
14342
14343
14340
14342
14342
14339
14341
14339
14341
14340
14341
14340
14342
14342
14343
14341
14343
14341
14341
14342
14341
14340
14343
14341
14343
14343
14343
14343
14343
14341
14343
14342
14341
14342
14344
14343
14343
14343
14343
14345
14343
14343
14343
14339
14344
14343
14343
14344
14341
14343
14343
14342
14343
14343
14344
14342
14343
14345
14343
14345
14344
14341
14343
14343
14344
14343
14343
14343
14342
14344
14343
14344
14344
14346
14345
14345
14345
14343
14345
14344
14345
14344
14344
14345
14345
14346
14344
14343
14345
14344
14345
14345
14345
14345
14343
14343
14345
14343
14347
14345
14344
14345
14345
14346
14346
14344
14347
14345
14344
14346
14345
14345
14344
14347
14345
14346
14346
14347
14347
14344
14347
14346
14347
14344
14349
14348
14345
14345
14347
14349
14343
14347
14345
14347
14347
14347
14347
14347
14348
14346
14347
14346
14346
14347
14348
14346
14349
14348
14349
14348
14347
14349
14346
14348
14348
14348
14349
14350
14347
14348
14349
14348
14348
14348
14348
14346
14351
14349
14350
14345
14349
14349
14349
14350
14350
14351
14349
14349
14347
14351
14347
14350
14349
14350
14351
14349
14353
14348
14351
14347
14349
14351
14350
14351
14351
14350
14349
14351
14349
14351
14351
14353
14348
14351
14351
14351
14350
14350
14351
14352
14351
14351
14353
14350
14353
14349
14351
14351
14349
14351
14350
14351
14350
14351
14348
14351
14351
14351
14351
14350
14352
14352
14351
14352
14351
14350
14351
14352
14351
14351
14351
14351
14351
14353
14352
14354
14352
14351
14351
14353
14351
14353
14351
14353
14352
14353
14352
14352
14353
14353
14354
14355
14355
14352
14353
14352
14353
14353
14353
14354
14353
14354
14353
14353
14352
14353
14353
14353
14355
14354
14354
14354
14354
14354
14355
14355
14355
14355
14355
14353
14354
14355
14354
14355
14354
14355
14355
14353
14354
14357
14355
14354
14356
14356
14357
14356
14351
14355
14355
14359
14356
14355
14355
14355
14355
14357
14357
14352
14356
14354
14357
14355
14355
14358
14356
14356
14356
14358
14356
14357
14355
14355
14356
14355
14356
14358
14355
14356
14356
14359
14359
14357
14356
14355
14358
14358
14359
14358
14357
14358
14358
14357
14358
14355
14357
14356
14359
14357
14359
14358
14357
14357
14359
14357
14358
14359
14361
14357
14359
14357
14359
14359
14359
14359
14359
14357
14359
14359
14359
14357
14358
14359
14359
14359
14360
14361
14359
14358
14359
14359
14359
14361
14361
14361
14358
14359
14361
14359
14359
14359
14359
14361
14359
14359
14359
14359
14359
14361
14360
14360
14360
14359
14361
14361
14359
14359
14359
14361
14360
14359
14363
14361
14360
14361
14360
14361
14361
14361
14361
14359
14359
14361
14362
14361
14361
14363
14361
14361
14361
14363
14360
14359
14363
14363
14361
14361
14361
14363
14359
14359
14361
14363
14362
14363
14361
14363
14362
14361
14363
14362
14363
14361
14362
14362
14362
14363
14361
14363
14361
14363
14360
14363
14362
14363
14364
14363
14363
14362
14362
14363
14363
14363
14363
14363
14364
14365
14363
14362
14365
14364
14363
14365
14364
14364
14364
14367
14365
14365
14364
14365
14365
14364
14363
14362
14364
14363
14367
14363
14364
14365
14365
14365
14364
14364
14363
14367
14365
14364
14366
14365
14366
14367
14365
14367
14366
14366
14366
14365
14365
14366
14365
14366
14367
14365
14366
14365
14366
14367
14367
14367
14367
14366
14367
14365
14367
14367
14367
14367
14367
14369
14366
14367
14368
14367
14367
14367
14369
14367
14368
14367
14368
14367
14367
14369
14367
14367
14368
14367
14368
14367
14369
14368
14368
14367
14369
14367
14367
14367
14367
14369
14367
14369
14368
14367
14369
14367
14368
14367
14368
14369
14368
14369
14367
14368
14368
14371
14369
14369
14371
14370
14367
14369
14370
14369
14370
14369
14369
14371
14369
14371
14370
14371
14371
14371
14368
14369
14371
14371
14371
14371
14369
14373
14370
14371
14369
14370
14371
14372
14372
14370
14370
14372
14371
14370
14371
14372
14370
14371
14372
14373
14371
14372
14371
14370
14373
14373
14371
14373
14373
14372
14372
14371
14373
14373
14373
14370
14372
14371
14371
14372
14373
14373
14373
14373
14372
14372
14375
14373
14373
14374
14373
14375
14375
14373
14372
14372
14373
14373
14373
14375
14372
14374
14373
14374
14375
14374
14374
14375
14373
14375
14375
14373
14373
14374
14375
14375
14375
14375
14375
14373
14375
14374
14375
14375
14375
14375
14375
14375
14374
14375
14375
14375
14375
14377
14375
14375
14375
14374
14375
14375
14376
14375
14375
14375
14377
14375
14375
14375
14375
14373
14376
14375
14375
14376
14375
14378
14377
14375
14377
14376
14376
14377
14378
14376
14377
14375
14377
14378
14376
14376
14377
14377
14378
14377
14377
14376
14377
14376
14376
14378
14378
14377
14375
14379
14377
14375
14378
14378
14378
14379
14379
14379
14379
14377
14378
14377
14379
14379
14380
14379
14378
14380
14379
14379
14377
14378
14378
14379
14379
14379
14379
14378
14378
14379
14379
14379
14380
14380
14379
14381
14381
14379
14380
14379
14379
14379
14381
14380
14381
14381
14378
14381
14380
14378
14379
14381
14379
14379
14381
14381
14379
14379
14381
14382
14381
14380
14380
14381
14382
14381
14382
14379
14381
14380
14382
14381
14383
14382
14381
14381
14383
14381
14382
14382
14383
14382
14383
14383
14382
14383
14381
14383
14383
14383
14383
14382
14383
14383
14382
14382
14383
14383
14382
14381
14383
14383
14383
14383
14383
14384
14383
14383
14383
14383
14384
14383
14384
14382
14383
14383
14385
14383
14383
14383
14383
14383
14385
14385
14385
14385
14383
14383
14384
14383
14383
14383
14383
14385
14386
14384
14385
14385
14385
14386
14384
14384
14386
14386
14383
14385
14386
14385
14386
14385
14385
14386
14386
14386
14386
14387
14386
14387
14387
14387
14386
14387
14386
14385
14386
14388
14387
14387
14385
14386
14385
14386
14386
14385
14386
14387
14389
14387
14385
14387
14388
14387
14387
14389
14387
14387
14388
14387
14388
14389
14387
14389
14387
14388
14390
14389
14388
14391
14389
14387
14389
14390
14390
14389
14387
14391
14389
14389
14389
14389
14390
14389
14389
14391
14391
14388
14389
14390
14389
14391
14389
14391
14390
14391
14391
14391
14389
14391
14391
14391
14389
14391
14391
14391
14390
14391
14391
14392
14391
14391
14390
14391
14391
14391
14391
14391
14392
14390
14389
14391
14390
14391
14391
14392
14390
14392
14392
14393
14391
14391
14391
14391
14391
14391
14393
14391
14389
14391
14391
14391
14393
14392
14392
14393
14392
14392
14391
14392
14391
14391
14393
14393
14392
14391
14394
14393
14393
14393
14392
14393
14393
14394
14393
14393
14394
14393
14393
14392
14391
14394
14393
14393
14395
14394
14393
14393
14395
14393
14395
14394
14395
14395
14395
14396
14395
14395
14395
14395
14397
14395
14392
14394
14394
14395
14396
14396
14393
14395
14393
14395
14395
14398
14395
14396
14397
14395
14396
14396
14397
14398
14397
14397
14397
14396
14397
14396
14396
14397
14397
14397
14396
14396
14397
14395
14396
14398
14396
14398
14398
14398
14397
14399
14398
14397
14397
14396
14399
14399
14397
14397
14399
14396
14399
14398
14398
14398
14399
14398
14397
14399
14397
14397
14399
14401
14399
14399
14399
14399
14399
14401
14399
14399
14399
14400
14399
14399
14401
14399
14399
14399
14399
14401
14399
14399
14399
14399
14399
14399
14399
14401
14400
14399
14402
14399
14399
14399
14402
14399
14401
14401
14401
14402
14400
14401
14401
14400
14401
14401
14402
14403
14402
14402
14401
14401
14401
14402
14401
14400
14405
14399
14401
14403
14403
14403
14401
14403
14401
14403
14403
14403
14401
14399
14404
14403
14402
14401
14403
14404
14406
14404
14406
14401
14402
14403
14403
14403
14402
14405
14404
14403
14405
14402
14405
14405
14404
14405
14404
14405
14405
14402
14405
14402
14407
14402
14407
14400
14408
14403
14405
14407
14403
14405
14406
14407
14405
14407
14403
14406
14405
14409
14403
14406
14407
14403
14407
14404
14407
14402
14405
14405
14407
14405
14407
14406
14407
14407
14405
14407
14405
14406
14407
14405
14410
14404
14409
14407
14407
14407
14407
14407
14407
14406
14409
14405
14411
14408
14407
14407
14407
14407
14407
14409
14407
14407
14408
14409
14407
14411
14411
14411
14407
14407
14407
14409
14409
14409
14409
14408
14410
14407
14408
14409
14410
14409
14408
14410
14411
14409
14410
14409
14410
14409
14410
14411
14411
14409
14409
14410
14408
14409
14409
14410
14411
14409
14408
14408
14409
14411
14411
14411
14410
14411
14411
14411
14413
14411
14413
14410
14410
14411
14411
14411
14413
14413
14413
14409
14410
14410
14411
14411
14411
14409
14414
14412
14413
14411
14414
14413
14413
14411
14412
14410
14413
14413
14413
14411
14412
14414
14413
14412
14415
14411
14411
14414
14413
14413
14412
14414
14413
14414
14410
14413
14413
14413
14415
14413
14417
14410
14415
14413
14416
14414
14413
14413
14413
14415
14413
14417
14413
14414
14415
14415
14411
14417
14411
14415
14413
14416
14413
14417
14413
14416
14413
14416
14413
14416
14413
14415
14415
14415
14413
14415
14415
14415
14416
14416
14415
14415
14417
14415
14416
14415
14417
14414
14418
14416
14418
14415
14417
14419
14419
14415
14416
14418
14415
14416
14417
14418
14418
14417
14419
14418
14417
14417
14417
14417
14419
14417
14419
14417
14419
14416
14418
14418
14417
14417
14419
14417
14417
14418
14417
14417
14418
14419
14419
14420
14420
14419
14419
14419
14419
14418
14421
14420
14418
14420
14421
14420
14418
14420
14421
14421
14418
14420
14422
14421
14420
14421
14421
14421
14421
14419
14421
14419
14419
14421
14421
14420
14419
14421
14421
14421
14421
14421
14423
14421
14423
14421
14421
14421
14423
14421
14423
14420
14421
14423
14422
14423
14423
14423
14422
14421
14422
14423
14422
14421
14423
14423
14422
14421
14423
14423
14423
14423
14423
14423
14422
14423
14423
14424
14421
14423
14423
14423
14423
14422
14423
14422
14423
14423
14423
14423
14425
14423
14424
14424
14423
14423
14425
14423
14423
14425
14426
14425
14423
14424
14425
14425
14427
14427
14427
14425
14425
14425
14425
14425
14423
14425
14425
14423
14425
14425
14427
14423
14425
14426
14427
14426
14425
14427
14427
14426
14427
14425
14426
14425
14425
14426
14427
14427
14425
14428
14429
14426
14425
14427
14427
14427
14427
14425
14431
14426
14426
14427
14426
14428
14427
14427
14429
14427
14428
14427
14430
14429
14429
14431
14429
14429
14429
14429
14429
14430
14429
14431
14431
14429
14431
14431
14428
14429
14428
14431
14429
14428
14430
14428
14431
14428
14430
14431
14427
14431
14432
14431
14429
14430
14431
14431
14433
14430
14431
14431
14431
14431
14430
14431
14430
14431
14433
14431
14431
14430
14433
14431
14431
14429
14433
14429
14432
14431
14432
14433
14429
14433
14434
14433
14433
14433
14431
14431
14432
14433
14433
14435
14432
14432
14433
14435
14433
14430
14435
14433
14430
14431
14433
14435
14434
14433
14435
14435
14433
14433
14434
14431
14431
14431
14435
14435
14435
14433
14435
14434
14435
14436
14435
14435
14434
14434
14435
14435
14433
14437
14434
14437
14433
14435
14434
14435
14435
14434
14436
14435
14434
14437
14435
14435
14437
14433
14435
14437
14437
14435
14435
14437
14436
14437
14435
14434
14438
14438
14436
14435
14437
14439
14437
14437
14437
14438
14435
14439
14437
14439
14438
14437
14439
14439
14439
14437
14439
14438
14438
14438
14437
14439
14437
14438
14439
14438
14438
14437
14439
14439
14439
14439
14439
14439
14439
14438
14439
14439
14438
14440
14439
14438
14439
14440
14439
14439
14438
14440
14441
14439
14441
14439
14441
14441
14439
14439
14440
14440
14439
14439
14441
14441
14441
14441
14439
14439
14439
14440
14441
14441
14441
14440
14442
14441
14441
14442
14441
14443
14440
14440
14442
14439
14441
14439
14442
14443
14442
14441
14441
14439
14443
14441
14441
14441
14443
14442
14442
14444
14443
14443
14441
14443
14444
14442
14444
14443
14443
14442
14444
14442
14443
14444
14443
14445
14443
14443
14444
14444
14443
14445
14444
14445
