10 -15.18 32.54 0.0  ;
11 -14.67 31.75 0.0  ;
19 -9.31 32.54 0.0  ;
37 1.89 32.54 0.0  ;
46 7.75 32.54 0.0  ;
55 13.61 32.54 0.0  ;
64 19.47 32.54 0.0  ;
73 21.72 32.54 0.0  ;
496 -20.53 32.25 -0.35  ;
497 -14.67 32.25 -0.35  ;
498 -8.8 32.25 -0.35  ;
499 -2.94 32.25 -0.35  ;
500 2.4 32.25 -0.35  ;
551 -20.53 31.75 -0.35  ;
1652 -14.67 32.25 -4.9  ;
1653 -8.8 32.25 -4.9  ;
1654 -2.94 32.25 -4.9  ;
1655 2.4 32.25 -4.9  ;
1706 -20.53 31.75 -4.9  ;
2806 -20.53 31.75 -0.77  ;
2861 -20.53 31.75 -3.39  ;
2920 -20.53 31.75 -4.48  ;
6860 25.98 35.0 -0.77  ;
6865 31.32 35.0 -0.77  ;
6870 36.65 35.0 -0.77  ;
6875 41.98 35.0 -0.77  ;
6885 52.65 35.0 -0.77  ;
6890 57.99 35.0 -0.77  ;
6982 -20.785 32.145 0.0  ;
6983 -17.6 31.75 0.0  ;
6984 -14.925 32.145 0.0  ;
6985 -18.11 32.54 0.0  ;
7008 -9.055 32.145 0.0  ;
7009 -12.245 32.54 0.0  ;
7025 -3.195 32.145 0.0  ;
7042 2.145 32.145 0.0  ;
7043 -0.78 32.54 0.0  ;
7060 4.82 32.54 0.0  ;
7077 10.68 32.54 0.0  ;
7094 16.54 32.54 0.0  ;
7111 20.595 32.54 0.0  ;
7128 22.845 32.54 0.0  ;
7890 -20.53 32.0 -4.9  ;
7892 -14.67 32.0 -4.9  ;
7893 -17.6 32.25 -4.9  ;
7895 -8.8 32.0 -4.9  ;
7896 -11.735 32.25 -4.9  ;
7899 -5.87 32.25 -4.9  ;
7902 -0.27 32.25 -4.9  ;
9777 -20.53 32.0 -0.35  ;
9778 -17.6 31.75 -0.35  ;
9780 -17.6 32.25 -0.35  ;
9782 -8.8 32.0 -0.35  ;
9783 -11.735 32.25 -0.35  ;
9785 -2.94 32.0 -0.35  ;
9789 -0.27 32.25 -0.35  ;
11664 -20.53 31.75 -0.56  ;
11665 -17.6 31.75 -0.77  ;
11666 -14.67 31.75 -0.56  ;
11771 -20.53 31.75 -2.08  ;
11772 -17.6 31.75 -3.39  ;
11773 -14.67 31.75 -2.08  ;
11918 -20.53 31.75 -3.935  ;
11989 -20.53 31.75 -4.69  ;
14359 -20.53 32.25 -0.77  ;
14360 -20.53 32.0 -0.77  ;
14361 -20.53 32.25 -0.56  ;
14452 -20.53 32.25 -3.39  ;
14454 -20.53 32.25 -2.08  ;
14545 -20.53 32.25 -4.48  ;
14546 -20.53 32.0 -4.48  ;
14547 -20.53 32.25 -3.935  ;
14638 -20.53 32.25 -4.69  ;
1 -21.04 32.54 0.0  ;
2 -20.53 31.75 0.0  ;
28 -3.45 32.54 0.0  ;
501 8.26 32.25 -0.35  ;
552 -14.67 31.75 -0.35  ;
1651 -20.53 32.25 -4.9  ;
2807 -14.67 31.75 -0.77  ;
4114 -22.0 32.54 1.0  ;
6880 47.32 35.0 -0.77  ;
7026 -6.38 32.54 0.0  ;
7891 -17.6 31.75 -4.9  ;
9779 -14.67 32.0 -0.35  ;
9786 -5.87 32.25 -0.35  ;
9792 5.33 32.25 -0.35  ;
11920 -17.6 31.75 -4.48  ;
14453 -20.53 32.0 -3.39  ;
