46 48 1.0
45 48 1.0
43 12 0.25
42 52 1.0
41 48 1.0
40 48 1.0
39 48 1.0
38 48 1.0
36 12 0.25
35 48 1.0
34 48 1.0
33 48 1.0
32 1343 1.0
31 2684 1.0
29 894 1.0
28 1341 1.0
27 895 1.0
26 2686 1.0
62 255 1.0
61 272 1.0
60 89 0.3272058823529412
59 278 0.9619377162629758
58 306 1.0
57 272 1.0
56 78 0.3277310924369748
55 230 0.9663865546218487
54 4102 0.7739622641509434
53 4102 0.7739622641509434
52 12453 0.5828964613368283
51 14569 0.6813675053783557
50 12460 0.5824062821351781
49 14581 0.6815143725169432
48 2778 0.7736006683375104
47 4756 0.7735849056603774
