46 48 1.0
45 48 1.0
44 48 1.0
42 34 0.6538461538461539
41 48 1.0
40 48 1.0
32 918 0.6835443037974683
31 1687 0.6285394932935916
30 755 0.5630126771066368
29 449 0.5022371364653244
28 592 0.44146159582401195
27 341 0.38100558659217876
26 915 0.3406552494415488
62 255 1.0
61 272 1.0
60 216 0.7941176470588235
59 204 0.7058823529411765
58 306 1.0
54 4274 0.8064150943396227
53 508 0.09584905660377359
52 68 0.003182924545965175
51 17581 0.8222336544757273
50 9833 0.4596148452837244
48 2992 0.833194096351991
