6 0.81 -1.25 0.0  ;
7 6.14 -9.5 0.0  ;
1156 0.81 -0.75 -0.35  ;
1211 0.81 -1.25 -0.35  ;
1376 6.14 -9.5 -0.35  ;
1431 6.14 -10.0 -0.35  ;
3537 0.81 -1.25 -3.39  ;
3651 6.14 -9.5 -0.77  ;
6998 3.475 -5.375 0.0  ;
9113 0.81 -1.5 -4.9  ;
10841 0.81 -1.0 -0.35  ;
11000 0.81 -1.5 -0.35  ;
11107 6.14 -9.25 -0.35  ;
11266 6.14 -9.75 -0.35  ;
13438 0.81 -1.25 -3.935  ;
13509 0.81 -1.25 -4.69  ;
13564 6.14 -9.5 -0.56  ;
13671 6.14 -9.5 -2.08  ;
15629 0.81 -0.75 -0.77  ;
15630 0.81 -1.0 -0.77  ;
15631 0.81 -0.75 -0.56  ;
15677 0.81 -1.75 -0.77  ;
15679 0.81 -1.5 -0.77  ;
15725 0.81 -0.75 -3.39  ;
15726 0.81 -1.0 -3.39  ;
15727 0.81 -0.75 -2.08  ;
15774 0.81 -1.75 -2.08  ;
15775 0.81 -1.5 -3.39  ;
15822 0.81 -1.0 -4.48  ;
15823 0.81 -0.75 -3.935  ;
15869 0.81 -1.75 -4.48  ;
15870 0.81 -1.75 -3.935  ;
15871 0.81 -1.5 -4.48  ;
15933 0.81 -1.75 -4.69  ;
15949 6.14 -9.0 -0.77  ;
15951 6.14 -9.0 -0.56  ;
15997 6.14 -10.0 -0.77  ;
15998 6.14 -10.0 -0.56  ;
15999 6.14 -9.75 -0.77  ;
16047 6.14 -9.0 -2.08  ;
16093 6.14 -10.0 -3.39  ;
16094 6.14 -10.0 -2.08  ;
1266 0.81 -1.75 -0.35  ;
1321 6.14 -9.0 -0.35  ;
2421 0.81 -1.75 -4.9  ;
3482 0.81 -1.25 -0.77  ;
3596 0.81 -1.25 -4.48  ;
13184 0.81 -1.25 -0.56  ;
13291 0.81 -1.25 -2.08  ;
15678 0.81 -1.75 -0.56  ;
15773 0.81 -1.75 -3.39  ;
15950 6.14 -9.25 -0.77  ;
16095 6.14 -9.75 -3.39  ;
