46 48 1.0
45 48 1.0
44 48 1.0
42 52 1.0
41 48 1.0
40 48 1.0
39 48 1.0
38 48 1.0
37 52 1.0
35 48 1.0
34 48 1.0
33 48 1.0
32 1343 1.0
31 2684 1.0
30 1341 1.0
28 1341 1.0
27 895 1.0
26 2686 1.0
62 255 1.0
61 110 0.40441176470588236
60 272 1.0
59 249 0.8615916955017301
58 306 1.0
57 120 0.4411764705882353
56 238 1.0
55 203 0.8529411764705882
54 4634 0.8743396226415094
53 4634 0.8743396226415094
52 3631 0.1699588092117581
51 823 0.03849031895987279
50 3633 0.16981396653267272
49 825 0.038560411311053984
48 3153 0.8780284043441938
47 5420 0.8815875081327261
