4 -9.86 15.25 0.0  ;
12 -9.33 23.5 0.0  ;
553 -8.8 31.75 -0.35  ;
608 -8.8 31.25 -0.35  ;
662 -9.33 24.0 -0.35  ;
717 -9.33 23.5 -0.35  ;
772 -9.33 23.0 -0.35  ;
826 -9.86 15.75 -0.35  ;
881 -9.86 15.25 -0.35  ;
936 -9.86 14.75 -0.35  ;
1653 -8.8 32.25 -4.9  ;
1763 -8.8 31.25 -4.9  ;
1817 -9.33 24.0 -4.9  ;
1818 -3.46 24.0 -4.9  ;
1873 -3.46 23.5 -4.9  ;
1927 -9.33 23.0 -4.9  ;
1928 -3.46 23.0 -4.9  ;
1981 -9.86 15.75 -4.9  ;
2091 -9.86 14.75 -4.9  ;
2808 -8.8 31.75 -0.77  ;
2863 -8.8 31.75 -3.39  ;
2922 -8.8 31.75 -4.48  ;
2976 -9.33 23.5 -0.77  ;
3031 -9.33 23.5 -3.39  ;
3032 -3.46 23.5 -3.39  ;
3090 -9.33 23.5 -4.48  ;
3144 -9.86 15.25 -0.77  ;
3199 -9.86 15.25 -3.39  ;
3258 -9.86 15.25 -4.48  ;
6987 -12.26 23.5 0.0  ;
6989 -12.525 19.375 0.0  ;
6990 -6.93 15.25 0.0  ;
6991 -6.665 19.375 0.0  ;
7008 -9.055 32.145 0.0  ;
7010 -6.395 23.5 0.0  ;
7895 -8.8 32.0 -4.9  ;
8053 -8.8 31.5 -4.9  ;
8157 -12.26 23.5 -4.9  ;
8158 -9.33 23.75 -4.9  ;
8159 -12.26 24.0 -4.9  ;
8160 -6.395 23.5 -4.9  ;
8316 -12.26 23.0 -4.9  ;
8317 -9.33 23.25 -4.9  ;
8318 -6.395 23.0 -4.9  ;
8319 -3.46 23.25 -4.9  ;
8422 -9.86 15.5 -4.9  ;
8423 -6.93 15.25 -4.9  ;
8425 -6.93 15.75 -4.9  ;
8581 -9.86 15.0 -4.9  ;
8582 -6.93 14.75 -4.9  ;
9940 -8.8 31.5 -0.35  ;
10044 -12.26 23.5 -0.35  ;
10046 -12.26 24.0 -0.35  ;
10047 -6.395 23.5 -0.35  ;
10049 -6.395 24.0 -0.35  ;
10203 -12.26 23.0 -0.35  ;
10204 -9.33 23.25 -0.35  ;
10205 -6.395 23.0 -0.35  ;
10309 -9.86 15.5 -0.35  ;
10312 -6.93 15.75 -0.35  ;
10469 -6.93 14.75 -0.35  ;
11921 -8.8 31.75 -3.935  ;
11991 -8.8 31.75 -4.69  ;
12045 -12.26 23.5 -0.77  ;
12046 -9.33 23.5 -0.56  ;
12152 -12.26 23.5 -3.39  ;
12153 -9.33 23.5 -2.08  ;
12155 -3.46 23.5 -2.08  ;
12300 -12.26 23.5 -4.48  ;
12301 -3.46 23.5 -3.935  ;
12302 -6.395 23.5 -4.48  ;
12370 -9.33 23.5 -4.69  ;
12371 -3.46 23.5 -4.69  ;
12424 -9.86 15.25 -0.56  ;
12425 -6.93 15.25 -0.77  ;
12531 -9.86 15.25 -2.08  ;
12532 -6.93 15.25 -3.39  ;
12680 -6.93 15.25 -4.48  ;
12749 -9.86 15.25 -4.69  ;
14989 -9.86 15.75 -0.77  ;
14991 -9.86 15.75 -0.56  ;
15037 -9.86 14.75 -0.77  ;
15038 -9.86 14.75 -0.56  ;
15039 -9.86 15.0 -0.77  ;
15086 -9.86 15.5 -3.39  ;
15087 -9.86 15.75 -2.08  ;
15133 -9.86 14.75 -3.39  ;
15134 -9.86 14.75 -2.08  ;
15181 -9.86 15.75 -4.48  ;
15182 -9.86 15.5 -4.48  ;
15183 -9.86 15.75 -3.935  ;
15229 -9.86 14.75 -4.48  ;
15231 -9.86 15.0 -4.48  ;
15277 -9.86 15.75 -4.69  ;
1708 -8.8 31.75 -4.9  ;
1872 -9.33 23.5 -4.9  ;
2036 -9.86 15.25 -4.9  ;
3091 -3.46 23.5 -4.48  ;
8161 -3.46 23.75 -4.9  ;
8162 -6.395 24.0 -4.9  ;
10045 -9.33 23.75 -0.35  ;
10310 -6.93 15.25 -0.35  ;
10468 -9.86 15.0 -0.35  ;
11668 -8.8 31.75 -0.56  ;
11775 -8.8 31.75 -2.08  ;
12047 -6.395 23.5 -0.77  ;
12154 -6.395 23.5 -3.39  ;
12299 -9.33 23.5 -3.935  ;
12678 -9.86 15.25 -3.935  ;
14990 -9.86 15.5 -0.77  ;
15085 -9.86 15.75 -3.39  ;
15135 -9.86 15.0 -3.39  ;
15230 -9.86 14.75 -3.935  ;
15293 -9.86 14.75 -4.69  ;
