46 40 0.8333333333333334
45 48 1.0
44 48 1.0
43 48 1.0
41 48 1.0
40 48 1.0
39 40 0.8333333333333334
38 48 1.0
37 52 1.0
36 48 1.0
34 48 1.0
33 48 1.0
32 895 0.6664184661206255
31 2684 1.0
30 1341 1.0
29 894 1.0
27 895 1.0
26 2686 1.0
62 255 1.0
61 272 1.0
60 250 0.9191176470588235
59 289 1.0
58 306 1.0
57 272 1.0
56 220 0.9243697478991597
55 238 1.0
54 4652 0.8777358490566037
53 4652 0.8777358490566037
52 424 0.01984647069837109
51 4236 0.1981105602843513
50 425 0.019865382817612416
49 4237 0.19803692451507363
48 3082 0.858256752993595
47 5300 0.8620689655172413
