10 -15.18 32.54 0.0  ;
11 -14.67 31.75 0.0  ;
19 -9.31 32.54 0.0  ;
20 -8.8 31.75 0.0  ;
29 -2.94 31.75 0.0  ;
37 1.89 32.54 0.0  ;
38 2.4 31.75 0.0  ;
46 7.75 32.54 0.0  ;
55 13.61 32.54 0.0  ;
56 14.12 31.75 0.0  ;
64 19.47 32.54 0.0  ;
65 19.98 31.75 0.0  ;
73 21.72 32.54 0.0  ;
74 22.23 31.75 0.0  ;
82 23.97 32.54 0.0  ;
83 24.48 31.75 0.0  ;
92 25.15 31.75 0.0  ;
100 25.47 32.54 0.0  ;
101 25.98 31.75 0.0  ;
109 26.05 32.54 0.0  ;
118 26.3 32.54 0.0  ;
119 26.81 31.75 0.0  ;
127 26.97 32.54 0.0  ;
128 27.48 31.75 0.0  ;
136 33.65 32.54 0.0  ;
145 40.32 32.54 0.0  ;
163 48.33 32.54 0.0  ;
172 51.79 32.54 0.0  ;
181 53.67 32.54 0.0  ;
496 -20.53 32.25 -0.35  ;
497 -14.67 32.25 -0.35  ;
498 -8.8 32.25 -0.35  ;
499 -2.94 32.25 -0.35  ;
500 2.4 32.25 -0.35  ;
502 14.12 32.25 -0.35  ;
503 19.98 32.25 -0.35  ;
504 22.23 32.25 -0.35  ;
505 24.16 32.25 -0.35  ;
506 25.15 32.25 -0.35  ;
507 25.98 32.25 -0.35  ;
509 26.81 32.54 -0.35  ;
510 26.97 32.54 -0.35  ;
511 34.16 32.54 -0.35  ;
512 40.83 32.54 -0.35  ;
513 44.84 32.54 -0.35  ;
515 52.3 32.54 -0.35  ;
516 54.18 32.54 -0.35  ;
551 -20.53 31.75 -0.35  ;
553 -8.8 31.75 -0.35  ;
554 -2.94 31.75 -0.35  ;
555 2.4 31.75 -0.35  ;
556 8.26 31.75 -0.35  ;
557 14.12 31.75 -0.35  ;
559 22.23 31.75 -0.35  ;
560 24.48 31.75 -0.35  ;
561 25.15 31.75 -0.35  ;
562 25.98 31.75 -0.35  ;
563 26.56 31.75 -0.35  ;
564 26.81 31.75 -0.35  ;
606 -20.53 31.25 -0.35  ;
607 -14.67 31.25 -0.35  ;
608 -8.8 31.25 -0.35  ;
610 2.4 31.25 -0.35  ;
611 8.26 31.25 -0.35  ;
1652 -14.67 32.25 -4.9  ;
1653 -8.8 32.25 -4.9  ;
1654 -2.94 32.25 -4.9  ;
1655 2.4 32.25 -4.9  ;
1656 8.26 32.25 -4.9  ;
1658 19.98 32.25 -4.9  ;
1659 22.23 32.25 -4.9  ;
1660 24.16 32.25 -4.9  ;
1661 25.15 32.25 -4.9  ;
1662 25.4 32.54 -4.9  ;
1663 25.98 32.54 -4.9  ;
1665 26.97 32.54 -4.9  ;
1666 34.16 32.54 -4.9  ;
1667 40.83 32.54 -4.9  ;
1668 44.84 32.54 -4.9  ;
1669 48.84 32.54 -4.9  ;
1671 54.18 32.54 -4.9  ;
1672 60.27 32.54 -4.9  ;
1706 -20.53 31.75 -4.9  ;
1707 -14.67 31.75 -4.9  ;
1709 -2.94 31.75 -4.9  ;
1710 2.4 31.75 -4.9  ;
1711 8.26 31.75 -4.9  ;
1712 14.12 31.75 -4.9  ;
1713 19.98 31.75 -4.9  ;
1715 24.48 31.75 -4.9  ;
1716 25.15 31.75 -4.9  ;
1717 25.4 31.75 -4.9  ;
1718 25.98 31.75 -4.9  ;
1719 26.81 31.75 -4.9  ;
1721 34.16 31.75 -4.9  ;
1761 -20.53 31.25 -4.9  ;
1762 -14.67 31.25 -4.9  ;
1763 -8.8 31.25 -4.9  ;
1764 -2.94 31.25 -4.9  ;
1766 8.26 31.25 -4.9  ;
1767 14.12 31.25 -4.9  ;
2806 -20.53 31.75 -0.77  ;
2808 -8.8 31.75 -0.77  ;
2809 -2.94 31.75 -0.77  ;
2810 2.4 31.75 -0.77  ;
2811 8.26 31.75 -0.77  ;
2812 14.12 31.75 -0.77  ;
2814 22.23 31.75 -0.77  ;
2815 24.48 31.75 -0.77  ;
2816 25.15 31.75 -0.77  ;
2817 25.98 31.75 -0.77  ;
2818 26.56 31.75 -0.77  ;
2820 27.48 31.75 -0.77  ;
2861 -20.53 31.75 -3.39  ;
2862 -14.67 31.75 -3.39  ;
2863 -8.8 31.75 -3.39  ;
2865 2.4 31.75 -3.39  ;
2866 8.26 31.75 -3.39  ;
2867 14.12 31.75 -3.39  ;
2868 19.98 31.75 -3.39  ;
2869 22.23 31.75 -3.39  ;
2871 25.15 31.75 -3.39  ;
2872 25.98 31.75 -2.5  ;
2873 26.56 31.75 -1.87  ;
2874 25.4 31.75 -3.39  ;
2875 25.98 31.75 -2.76  ;
2877 27.48 31.75 -1.87  ;
2920 -20.53 31.75 -4.48  ;
2921 -14.67 31.75 -4.48  ;
2922 -8.8 31.75 -4.48  ;
2923 -2.94 31.75 -4.48  ;
2924 2.4 31.75 -4.48  ;
2925 8.26 31.75 -4.48  ;
2926 14.12 31.75 -4.48  ;
2927 19.98 31.75 -4.48  ;
2928 22.23 31.75 -4.48  ;
2929 24.48 31.75 -4.48  ;
2930 25.15 31.75 -4.48  ;
2931 25.4 31.75 -4.48  ;
2932 25.98 31.75 -4.48  ;
2933 26.81 31.75 -4.48  ;
2934 27.48 31.75 -4.48  ;
2935 34.16 31.75 -4.48  ;
4034 26.05 32.38 0.0  ;
4043 26.24 31.75 -2.76  ;
4058 25.98 31.901 -4.48  ;
4085 25.98 31.599 -0.77  ;
4086 25.98 31.599 -4.48  ;
5231 19.98 31.75 1.0  ;
5435 20.82 32.49 -3.54  ;
5735 24.48 31.75 1.0  ;
6095 25.27 32.46 -3.62  ;
6856 25.98 31.901 -1.512  ;
6857 25.98 31.901 -2.254  ;
6858 25.98 31.901 -2.996  ;
6859 25.98 31.901 -3.738  ;
6860 25.98 35.0 -0.77  ;
6865 31.32 35.0 -0.77  ;
6870 36.65 35.0 -0.77  ;
6875 41.98 35.0 -0.77  ;
6885 52.65 35.0 -0.77  ;
6890 57.99 35.0 -0.77  ;
6926 25.98 31.599 -1.512  ;
6927 25.98 31.599 -2.254  ;
6928 25.98 31.599 -2.996  ;
6929 25.98 31.599 -3.738  ;
6982 -20.785 32.145 0.0  ;
6983 -17.6 31.75 0.0  ;
6984 -14.925 32.145 0.0  ;
6985 -18.11 32.54 0.0  ;
7008 -9.055 32.145 0.0  ;
7009 -12.245 32.54 0.0  ;
7024 -5.87 31.75 0.0  ;
7025 -3.195 32.145 0.0  ;
7041 -0.27 31.75 0.0  ;
7042 2.145 32.145 0.0  ;
7043 -0.78 32.54 0.0  ;
7058 5.33 31.75 0.0  ;
7059 8.005 32.145 0.0  ;
7060 4.82 32.54 0.0  ;
7075 11.19 31.75 0.0  ;
7077 10.68 32.54 0.0  ;
7092 17.05 31.75 0.0  ;
7093 19.725 32.145 0.0  ;
7094 16.54 32.54 0.0  ;
7109 21.105 31.75 0.0  ;
7110 21.975 32.145 0.0  ;
7111 20.595 32.54 0.0  ;
7126 23.355 31.75 0.0  ;
7128 22.845 32.54 0.0  ;
7143 24.815 31.75 0.0  ;
7144 24.895 32.145 0.0  ;
7145 24.305 32.54 0.0  ;
7160 25.565 31.75 0.0  ;
7161 25.725 32.145 0.0  ;
7162 25.055 32.54 0.0  ;
7178 26.305 32.145 0.0  ;
7179 25.76 32.54 0.0  ;
7194 26.555 32.145 0.0  ;
7195 27.145 31.75 0.0  ;
7197 26.635 32.54 0.0  ;
7219 30.82 31.75 0.0  ;
7220 33.905 32.145 0.0  ;
7237 40.575 32.145 0.0  ;
7238 36.985 32.54 0.0  ;
7254 44.585 32.145 0.0  ;
7255 42.325 32.54 0.0  ;
7289 50.06 32.54 0.0  ;
7306 52.73 32.54 0.0  ;
7323 56.715 32.54 0.0  ;
7890 -20.53 32.0 -4.9  ;
7892 -14.67 32.0 -4.9  ;
7893 -17.6 32.25 -4.9  ;
7894 -11.735 31.75 -4.9  ;
7895 -8.8 32.0 -4.9  ;
7896 -11.735 32.25 -4.9  ;
7898 -2.94 32.0 -4.9  ;
7899 -5.87 32.25 -4.9  ;
7900 -0.27 31.75 -4.9  ;
7901 2.4 32.0 -4.9  ;
7902 -0.27 32.25 -4.9  ;
7903 5.33 31.75 -4.9  ;
7905 5.33 32.25 -4.9  ;
7906 11.19 31.75 -4.9  ;
7907 14.12 32.0 -4.9  ;
7908 11.19 32.25 -4.9  ;
7909 17.05 31.75 -4.9  ;
7911 17.05 32.25 -4.9  ;
7912 21.105 31.75 -4.9  ;
7913 22.23 32.0 -4.9  ;
7914 21.105 32.25 -4.9  ;
7915 23.355 31.75 -4.9  ;
7917 23.195 32.25 -4.9  ;
7918 24.815 31.75 -4.9  ;
7919 25.15 32.0 -4.9  ;
7920 24.655 32.25 -4.9  ;
7923 25.98 32.145 -4.9  ;
7924 25.69 32.54 -4.9  ;
7925 26.395 31.75 -4.9  ;
7926 26.81 32.145 -4.9  ;
7927 26.395 32.54 -4.9  ;
7928 27.145 31.75 -4.9  ;
7930 26.89 32.54 -4.9  ;
7931 30.82 31.75 -4.9  ;
7932 34.16 32.145 -4.9  ;
7933 30.565 32.54 -4.9  ;
7936 37.495 32.54 -4.9  ;
7938 44.84 32.145 -4.9  ;
7939 42.835 32.54 -4.9  ;
7942 46.84 32.54 -4.9  ;
7945 50.57 32.54 -4.9  ;
7951 57.225 32.54 -4.9  ;
8050 -17.6 31.25 -4.9  ;
8051 -14.67 31.5 -4.9  ;
8052 -11.735 31.25 -4.9  ;
8053 -8.8 31.5 -4.9  ;
8054 -5.87 31.25 -4.9  ;
8056 -0.27 31.25 -4.9  ;
8057 2.4 31.5 -4.9  ;
8058 5.33 31.25 -4.9  ;
8059 8.26 31.5 -4.9  ;
8060 11.19 31.25 -4.9  ;
8063 19.98 31.5 -4.9  ;
8065 22.23 31.5 -4.9  ;
8067 24.64 31.5 -4.9  ;
9777 -20.53 32.0 -0.35  ;
9778 -17.6 31.75 -0.35  ;
9780 -17.6 32.25 -0.35  ;
9781 -11.735 31.75 -0.35  ;
9782 -8.8 32.0 -0.35  ;
9783 -11.735 32.25 -0.35  ;
9784 -5.87 31.75 -0.35  ;
9785 -2.94 32.0 -0.35  ;
9787 -0.27 31.75 -0.35  ;
9788 2.4 32.0 -0.35  ;
9789 -0.27 32.25 -0.35  ;
9790 5.33 31.75 -0.35  ;
9791 8.26 32.0 -0.35  ;
9793 11.19 31.75 -0.35  ;
9794 14.12 32.0 -0.35  ;
9795 11.19 32.25 -0.35  ;
9796 17.05 31.75 -0.35  ;
9797 19.98 32.0 -0.35  ;
9799 21.105 31.75 -0.35  ;
9800 22.23 32.0 -0.35  ;
9801 21.105 32.25 -0.35  ;
9802 23.355 31.75 -0.35  ;
9803 24.32 32.0 -0.35  ;
9804 23.195 32.25 -0.35  ;
9806 25.15 32.0 -0.35  ;
9807 24.655 32.25 -0.35  ;
9808 25.565 31.75 -0.35  ;
9809 25.98 32.0 -0.35  ;
9810 25.565 32.25 -0.35  ;
9812 26.56 32.0 -0.35  ;
9813 26.27 32.25 -0.35  ;
9814 26.81 32.145 -0.35  ;
9815 27.145 31.75 -0.35  ;
9816 27.225 32.145 -0.35  ;
9818 30.82 31.75 -0.35  ;
9819 34.16 32.145 -0.35  ;
9820 30.565 32.54 -0.35  ;
9822 40.83 32.145 -0.35  ;
9823 37.495 32.54 -0.35  ;
9825 44.84 32.145 -0.35  ;
9826 42.835 32.54 -0.35  ;
9829 46.84 32.54 -0.35  ;
9832 50.57 32.54 -0.35  ;
9835 53.24 32.54 -0.35  ;
9838 57.225 32.54 -0.35  ;
9936 -20.53 31.5 -0.35  ;
9938 -14.67 31.5 -0.35  ;
9939 -11.735 31.25 -0.35  ;
9940 -8.8 31.5 -0.35  ;
9941 -5.87 31.25 -0.35  ;
9942 -2.94 31.5 -0.35  ;
9943 -0.27 31.25 -0.35  ;
9945 5.33 31.25 -0.35  ;
9946 8.26 31.5 -0.35  ;
9947 11.19 31.25 -0.35  ;
9948 14.12 31.5 -0.35  ;
9952 22.23 31.5 -0.35  ;
11664 -20.53 31.75 -0.56  ;
11665 -17.6 31.75 -0.77  ;
11666 -14.67 31.75 -0.56  ;
11667 -11.735 31.75 -0.77  ;
11669 -5.87 31.75 -0.77  ;
11670 -2.94 31.75 -0.56  ;
11671 -0.27 31.75 -0.77  ;
11672 2.4 31.75 -0.56  ;
11673 5.33 31.75 -0.77  ;
11675 11.19 31.75 -0.77  ;
11676 14.12 31.75 -0.56  ;
11677 17.05 31.75 -0.77  ;
11678 19.98 31.75 -0.56  ;
11679 21.105 31.75 -0.77  ;
11681 23.355 31.75 -0.77  ;
11682 24.48 31.75 -0.56  ;
11683 24.815 31.75 -0.77  ;
11684 25.15 31.75 -0.56  ;
11685 25.565 31.75 -0.77  ;
11686 25.98 31.75 -0.56  ;
11688 26.56 31.75 -0.56  ;
11689 26.81 31.75 -0.56  ;
11690 27.145 31.75 -0.77  ;
11691 27.48 31.75 -0.56  ;
11692 30.82 31.75 -0.77  ;
11771 -20.53 31.75 -2.08  ;
11772 -17.6 31.75 -3.39  ;
11773 -14.67 31.75 -2.08  ;
11774 -11.735 31.75 -3.39  ;
11776 -5.87 31.75 -3.39  ;
11777 -2.94 31.75 -2.08  ;
11778 -0.27 31.75 -3.39  ;
11779 2.4 31.75 -2.08  ;
11780 5.33 31.75 -3.39  ;
11782 11.19 31.75 -3.39  ;
11783 14.12 31.75 -2.08  ;
11784 17.05 31.75 -3.39  ;
11785 19.98 31.75 -2.08  ;
11786 21.105 31.75 -3.39  ;
11787 22.23 31.75 -2.08  ;
11789 24.48 31.75 -2.08  ;
11790 24.815 31.75 -3.39  ;
11791 25.15 31.75 -2.08  ;
11792 25.565 31.75 -2.945  ;
11793 25.98 31.75 -1.635  ;
11795 26.56 31.75 -1.32  ;
11796 25.4 31.75 -3.935  ;
11797 25.69 31.75 -3.075  ;
11798 25.98 31.75 -3.62  ;
11799 25.69 31.75 -4.48  ;
11801 26.81 31.75 -3.175  ;
11802 26.395 31.75 -4.48  ;
11803 27.145 31.75 -1.87  ;
11804 27.48 31.75 -3.175  ;
11805 27.145 31.75 -4.48  ;
11806 30.82 31.75 -1.87  ;
11808 30.82 31.75 -4.48  ;
11918 -20.53 31.75 -3.935  ;
11919 -14.67 31.75 -3.935  ;
11921 -8.8 31.75 -3.935  ;
11922 -11.735 31.75 -4.48  ;
11923 -2.94 31.75 -3.935  ;
11924 -5.87 31.75 -4.48  ;
11925 2.4 31.75 -3.935  ;
11926 -0.27 31.75 -4.48  ;
11928 5.33 31.75 -4.48  ;
11929 14.12 31.75 -3.935  ;
11930 11.19 31.75 -4.48  ;
11931 19.98 31.75 -3.935  ;
11932 17.05 31.75 -4.48  ;
11934 21.105 31.75 -4.48  ;
11935 24.48 31.75 -3.935  ;
11936 23.355 31.75 -4.48  ;
11937 25.15 31.75 -3.935  ;
11938 24.815 31.75 -4.48  ;
11940 27.48 31.75 -1.32  ;
11989 -20.53 31.75 -4.69  ;
11991 -8.8 31.75 -4.69  ;
11992 -2.94 31.75 -4.69  ;
11993 2.4 31.75 -4.69  ;
11994 8.26 31.75 -4.69  ;
11995 14.12 31.75 -4.69  ;
11997 22.23 31.75 -4.69  ;
11998 24.48 31.75 -4.69  ;
11999 25.15 31.75 -4.69  ;
12000 25.4 31.75 -4.69  ;
12003 27.48 31.75 -4.69  ;
12004 34.16 31.75 -4.69  ;
14359 -20.53 32.25 -0.77  ;
14360 -20.53 32.0 -0.77  ;
14361 -20.53 32.25 -0.56  ;
14362 19.98 32.25 -0.77  ;
14363 19.98 32.0 -0.77  ;
14364 19.98 32.25 -0.56  ;
14366 22.23 32.0 -0.77  ;
14367 22.23 32.25 -0.56  ;
14368 24.16 32.25 -0.77  ;
14369 24.32 32.0 -0.77  ;
14370 24.16 32.25 -0.56  ;
14372 27.225 32.145 -0.77  ;
14373 26.97 32.54 -0.56  ;
14389 -20.53 31.25 -0.77  ;
14391 -20.53 31.5 -0.77  ;
14392 2.4 31.25 -0.77  ;
14393 2.4 31.25 -0.56  ;
14394 2.4 31.5 -0.77  ;
14397 19.98 31.5 -0.77  ;
14400 22.23 31.5 -0.77  ;
14452 -20.53 32.25 -3.39  ;
14454 -20.53 32.25 -2.08  ;
14455 19.98 32.25 -3.39  ;
14456 19.98 32.0 -3.39  ;
14457 19.98 32.25 -2.08  ;
14458 22.23 32.25 -3.39  ;
14460 22.23 32.25 -2.08  ;
14461 24.16 32.25 -3.39  ;
14462 24.32 32.0 -3.39  ;
14463 24.16 32.25 -2.08  ;
14464 26.97 32.54 -1.87  ;
14465 27.225 32.145 -1.87  ;
14482 -20.53 31.25 -3.39  ;
14483 -20.53 31.25 -2.08  ;
14484 -20.53 31.5 -3.39  ;
14486 2.4 31.25 -2.08  ;
14487 2.4 31.5 -3.39  ;
14490 19.98 31.5 -3.39  ;
14493 22.23 31.5 -3.39  ;
14496 24.64 31.5 -3.39  ;
14545 -20.53 32.25 -4.48  ;
14546 -20.53 32.0 -4.48  ;
14547 -20.53 32.25 -3.935  ;
14549 19.98 32.0 -4.48  ;
14550 19.98 32.25 -3.935  ;
14551 22.23 32.25 -4.48  ;
14552 22.23 32.0 -4.48  ;
14553 22.23 32.25 -3.935  ;
14555 24.32 32.0 -4.48  ;
14556 24.16 32.25 -3.935  ;
14557 26.97 32.54 -4.48  ;
14558 27.225 32.145 -4.48  ;
14559 26.97 32.54 -3.175  ;
14575 -20.53 31.25 -4.48  ;
14576 -20.53 31.25 -3.935  ;
14577 -20.53 31.5 -4.48  ;
14578 2.4 31.25 -4.48  ;
14580 2.4 31.5 -4.48  ;
14583 19.98 31.5 -4.48  ;
14589 24.64 31.5 -4.48  ;
14638 -20.53 32.25 -4.69  ;
14639 19.98 32.25 -4.69  ;
14640 22.23 32.25 -4.69  ;
14648 -20.53 31.25 -4.69  ;
1 -21.04 32.54 0.0  ;
2 -20.53 31.75 0.0  ;
28 -3.45 32.54 0.0  ;
47 8.26 31.75 0.0  ;
91 24.64 32.54 0.0  ;
110 26.56 31.75 0.0  ;
154 44.33 32.54 0.0  ;
501 8.26 32.25 -0.35  ;
508 26.56 32.25 -0.35  ;
514 48.84 32.54 -0.35  ;
552 -14.67 31.75 -0.35  ;
558 19.98 31.75 -0.35  ;
565 27.48 31.75 -0.35  ;
609 -2.94 31.25 -0.35  ;
1651 -20.53 32.25 -4.9  ;
1657 14.12 32.25 -4.9  ;
1664 26.81 32.54 -4.9  ;
1670 52.3 32.54 -4.9  ;
1708 -8.8 31.75 -4.9  ;
1714 22.23 31.75 -4.9  ;
1720 27.48 31.75 -4.9  ;
1765 2.4 31.25 -4.9  ;
2807 -14.67 31.75 -0.77  ;
2813 19.98 31.75 -0.77  ;
2819 26.81 31.75 -0.77  ;
2864 -2.94 31.75 -3.39  ;
2870 24.48 31.75 -3.39  ;
2876 26.81 31.75 -1.87  ;
4057 25.98 31.901 -0.77  ;
4114 -22.0 32.54 1.0  ;
5737 27.48 31.75 1.0  ;
6097 28.27 32.46 -3.62  ;
6880 47.32 35.0 -0.77  ;
7007 -11.735 31.75 0.0  ;
7026 -6.38 32.54 0.0  ;
7076 13.865 32.145 0.0  ;
7127 24.225 32.145 0.0  ;
7177 26.27 31.75 0.0  ;
7196 27.225 32.145 0.0  ;
7221 30.31 32.54 0.0  ;
7272 46.33 32.54 0.0  ;
7891 -17.6 31.75 -4.9  ;
7897 -5.87 31.75 -4.9  ;
7904 8.26 32.0 -4.9  ;
7910 19.98 32.0 -4.9  ;
7916 24.32 32.0 -4.9  ;
7921 25.4 32.145 -4.9  ;
7922 25.69 31.75 -4.9  ;
7929 27.225 32.145 -4.9  ;
7935 40.83 32.145 -4.9  ;
7948 53.24 32.54 -4.9  ;
8049 -20.53 31.5 -4.9  ;
8055 -2.94 31.5 -4.9  ;
8061 14.12 31.5 -4.9  ;
9779 -14.67 32.0 -0.35  ;
9786 -5.87 32.25 -0.35  ;
9792 5.33 32.25 -0.35  ;
9798 17.05 32.25 -0.35  ;
9805 24.815 31.75 -0.35  ;
9811 26.27 31.75 -0.35  ;
9817 26.89 32.54 -0.35  ;
9937 -17.6 31.25 -0.35  ;
9944 2.4 31.5 -0.35  ;
9950 19.98 31.5 -0.35  ;
11668 -8.8 31.75 -0.56  ;
11674 8.26 31.75 -0.56  ;
11680 22.23 31.75 -0.56  ;
11687 26.27 31.75 -0.77  ;
11775 -8.8 31.75 -2.08  ;
11781 8.26 31.75 -2.08  ;
11788 23.355 31.75 -3.39  ;
11794 26.27 31.75 -2.185  ;
11800 26.395 31.75 -2.315  ;
11920 -17.6 31.75 -4.48  ;
11927 8.26 31.75 -3.935  ;
11933 22.23 31.75 -3.935  ;
11939 26.81 31.75 -1.32  ;
11990 -14.67 31.75 -4.69  ;
11996 19.98 31.75 -4.69  ;
12001 25.98 31.75 -4.69  ;
12002 26.81 31.75 -4.69  ;
14365 22.23 32.25 -0.77  ;
14371 26.97 32.54 -0.77  ;
14390 -20.53 31.25 -0.56  ;
14453 -20.53 32.0 -3.39  ;
14459 22.23 32.0 -3.39  ;
14466 26.97 32.54 -1.32  ;
14485 2.4 31.25 -3.39  ;
14548 19.98 32.25 -4.48  ;
14554 24.16 32.25 -4.48  ;
14579 2.4 31.25 -3.935  ;
14586 22.23 31.5 -4.48  ;
14641 24.16 32.25 -4.69  ;
14642 26.97 32.54 -4.69  ;
14649 2.4 31.25 -4.69  ;
