9453418 193.5 34.5 12.5 10
9453419 193.5 34.5 13 10
9453420 193.5 34.5 13.5 10
9453421 193.5 34.5 14 10
9453422 193.5 34.5 14.5 10
9468928 194 34 12.5 10
9468929 194 34 13 10
9468930 194 34 13.5 10
9468931 194 34 14 10
9468932 194 34 14.5 10
9468975 194 34.5 12.5 10
9468976 194 34.5 13 10
9468977 194 34.5 13.5 10
9468978 194 34.5 14 10
9468979 194 34.5 14.5 10
9484391 194.5 33 12.5 10
9484392 194.5 33 13 10
9484393 194.5 33 13.5 10
9484394 194.5 33 14 10
9484395 194.5 33 14.5 10
9484438 194.5 33.5 12.5 10
9484439 194.5 33.5 13 10
9484440 194.5 33.5 13.5 10
9484441 194.5 33.5 14 10
9484442 194.5 33.5 14.5 10
9484485 194.5 34 12.5 10
9484486 194.5 34 13 10
9484487 194.5 34 13.5 10
9484488 194.5 34 14 10
9484489 194.5 34 14.5 10
9499854 195 32 12.5 10
9499855 195 32 13 10
9499856 195 32 13.5 10
9499857 195 32 14 10
9499858 195 32 14.5 10
9499901 195 32.5 12.5 10
9499902 195 32.5 13 10
9499903 195 32.5 13.5 10
9499904 195 32.5 14 10
9499905 195 32.5 14.5 10
9499948 195 33 12.5 10
9499949 195 33 13 10
9499950 195 33 13.5 10
9499951 195 33 14 10
9499952 195 33 14.5 10
9499995 195 33.5 12.5 10
9499996 195 33.5 13 10
9499997 195 33.5 13.5 10
9499998 195 33.5 14 10
9499999 195 33.5 14.5 10
9515364 195.5 31.5 12.5 10
9515365 195.5 31.5 13 10
9515366 195.5 31.5 13.5 10
9515367 195.5 31.5 14 10
9515368 195.5 31.5 14.5 10
9515411 195.5 32 12.5 10
9515412 195.5 32 13 10
9515413 195.5 32 13.5 10
9515414 195.5 32 14 10
9515415 195.5 32 14.5 10
9515458 195.5 32.5 12.5 10
9515459 195.5 32.5 13 10
9515460 195.5 32.5 13.5 10
9515461 195.5 32.5 14 10
9515462 195.5 32.5 14.5 10
9530827 196 30.5 12.5 10
9530828 196 30.5 13 10
9530829 196 30.5 13.5 10
9530830 196 30.5 14 10
9530831 196 30.5 14.5 10
9530874 196 31 12.5 10
9530875 196 31 13 10
9530876 196 31 13.5 10
9530877 196 31 14 10
9530878 196 31 14.5 10
9530921 196 31.5 12.5 10
9530922 196 31.5 13 10
9530923 196 31.5 13.5 10
9530924 196 31.5 14 10
9530925 196 31.5 14.5 10
9546337 196.5 30 12.5 10
9546338 196.5 30 13 10
9546339 196.5 30 13.5 10
9546340 196.5 30 14 10
9546341 196.5 30 14.5 10
9546384 196.5 30.5 12.5 10
9546385 196.5 30.5 13 10
9546386 196.5 30.5 13.5 10
9546387 196.5 30.5 14 10
9546388 196.5 30.5 14.5 10
9546431 196.5 31 12.5 10
9546432 196.5 31 13 10
9546433 196.5 31 13.5 10
9546434 196.5 31 14 10
9546435 196.5 31 14.5 10
9561800 197 29 12.5 10
9561801 197 29 13 10
9561802 197 29 13.5 10
9561803 197 29 14 10
9561804 197 29 14.5 10
9561847 197 29.5 12.5 10
9561848 197 29.5 13 10
9561849 197 29.5 13.5 10
9561850 197 29.5 14 10
9561851 197 29.5 14.5 10
9561894 197 30 12.5 10
9561895 197 30 13 10
9561896 197 30 13.5 10
9561897 197 30 14 10
9561898 197 30 14.5 10
9577310 197.5 28.5 12.5 10
9577311 197.5 28.5 13 10
9577312 197.5 28.5 13.5 10
9577313 197.5 28.5 14 10
9577314 197.5 28.5 14.5 10
9577357 197.5 29 12.5 10
9577358 197.5 29 13 10
9577359 197.5 29 13.5 10
9577360 197.5 29 14 10
9577361 197.5 29 14.5 10
9577404 197.5 29.5 12.5 10
9577405 197.5 29.5 13 10
9577406 197.5 29.5 13.5 10
9577407 197.5 29.5 14 10
9577408 197.5 29.5 14.5 10
9592773 198 27.5 12.5 10
9592774 198 27.5 13 10
9592775 198 27.5 13.5 10
9592776 198 27.5 14 10
9592777 198 27.5 14.5 10
9592820 198 28 12.5 10
9592821 198 28 13 10
9592822 198 28 13.5 10
9592823 198 28 14 10
9592824 198 28 14.5 10
9592867 198 28.5 12.5 10
9592868 198 28.5 13 10
9592869 198 28.5 13.5 10
9592870 198 28.5 14 10
9592871 198 28.5 14.5 10
9608283 198.5 27 12.5 10
9608284 198.5 27 13 10
9608285 198.5 27 13.5 10
9608286 198.5 27 14 10
9608287 198.5 27 14.5 10
9608330 198.5 27.5 12.5 10
9608331 198.5 27.5 13 10
9608332 198.5 27.5 13.5 10
9608333 198.5 27.5 14 10
9608334 198.5 27.5 14.5 10
9608377 198.5 28 12.5 10
9608378 198.5 28 13 10
9608379 198.5 28 13.5 10
9608380 198.5 28 14 10
9608381 198.5 28 14.5 10
9623746 199 26 12.5 10
9623747 199 26 13 10
9623748 199 26 13.5 10
9623749 199 26 14 10
9623750 199 26 14.5 10
9623793 199 26.5 12.5 10
9623794 199 26.5 13 10
9623795 199 26.5 13.5 10
9623796 199 26.5 14 10
9623797 199 26.5 14.5 10
9623840 199 27 12.5 10
9623841 199 27 13 10
9623842 199 27 13.5 10
9623843 199 27 14 10
9623844 199 27 14.5 10
9639256 199.5 25.5 12.5 10
9639257 199.5 25.5 13 10
9639258 199.5 25.5 13.5 10
9639259 199.5 25.5 14 10
9639260 199.5 25.5 14.5 10
9639303 199.5 26 12.5 10
9639304 199.5 26 13 10
9639305 199.5 26 13.5 10
9639306 199.5 26 14 10
9639307 199.5 26 14.5 10
9639350 199.5 26.5 12.5 10
9639351 199.5 26.5 13 10
9639352 199.5 26.5 13.5 10
9639353 199.5 26.5 14 10
9639354 199.5 26.5 14.5 10
9654719 200 24.5 12.5 10
9654720 200 24.5 13 10
9654721 200 24.5 13.5 10
9654722 200 24.5 14 10
9654723 200 24.5 14.5 10
9654766 200 25 12.5 10
9654767 200 25 13 10
9654768 200 25 13.5 10
9654769 200 25 14 10
9654770 200 25 14.5 10
9654813 200 25.5 12.5 10
9654814 200 25.5 13 10
9654815 200 25.5 13.5 10
9654816 200 25.5 14 10
9654817 200 25.5 14.5 10
9670182 200.5 23.5 12.5 10
9670183 200.5 23.5 13 10
9670184 200.5 23.5 13.5 10
9670185 200.5 23.5 14 10
9670186 200.5 23.5 14.5 10
9670229 200.5 24 12.5 10
9670230 200.5 24 13 10
9670231 200.5 24 13.5 10
9670232 200.5 24 14 10
9670233 200.5 24 14.5 10
9670276 200.5 24.5 12.5 10
9670277 200.5 24.5 13 10
9670278 200.5 24.5 13.5 10
9670279 200.5 24.5 14 10
9670280 200.5 24.5 14.5 10
9670323 200.5 25 12.5 10
9670324 200.5 25 13 10
9670325 200.5 25 13.5 10
9670326 200.5 25 14 10
9670327 200.5 25 14.5 10
9685692 201 23 12.5 10
9685693 201 23 13 10
9685694 201 23 13.5 10
9685695 201 23 14 10
9685696 201 23 14.5 10
9685739 201 23.5 12.5 10
9685740 201 23.5 13 10
9685741 201 23.5 13.5 10
9685742 201 23.5 14 10
9685743 201 23.5 14.5 10
9685786 201 24 12.5 10
9685787 201 24 13 10
9685788 201 24 13.5 10
9685789 201 24 14 10
9685790 201 24 14.5 10
9701155 201.5 22 12.5 10
9701156 201.5 22 13 10
9701157 201.5 22 13.5 10
9701158 201.5 22 14 10
9701159 201.5 22 14.5 10
9701202 201.5 22.5 12.5 10
9701203 201.5 22.5 13 10
9701204 201.5 22.5 13.5 10
9701205 201.5 22.5 14 10
9701206 201.5 22.5 14.5 10
9701249 201.5 23 12.5 10
9701250 201.5 23 13 10
9701251 201.5 23 13.5 10
9701252 201.5 23 14 10
9701253 201.5 23 14.5 10
9716665 202 21.5 12.5 10
9716666 202 21.5 13 10
9716667 202 21.5 13.5 10
9716668 202 21.5 14 10
9716669 202 21.5 14.5 10
9716712 202 22 12.5 10
9716713 202 22 13 10
9716714 202 22 13.5 10
9716715 202 22 14 10
9716716 202 22 14.5 10
9716759 202 22.5 12.5 10
9716760 202 22.5 13 10
9716761 202 22.5 13.5 10
9716762 202 22.5 14 10
9716763 202 22.5 14.5 10
9732128 202.5 20.5 12.5 10
9732129 202.5 20.5 13 10
9732130 202.5 20.5 13.5 10
9732131 202.5 20.5 14 10
9732132 202.5 20.5 14.5 10
9732175 202.5 21 12.5 10
9732176 202.5 21 13 10
9732177 202.5 21 13.5 10
9732178 202.5 21 14 10
9732179 202.5 21 14.5 10
9732222 202.5 21.5 12.5 10
9732223 202.5 21.5 13 10
9732224 202.5 21.5 13.5 10
9732225 202.5 21.5 14 10
9732226 202.5 21.5 14.5 10
9747638 203 20 12.5 10
9747639 203 20 13 10
9747640 203 20 13.5 10
9747641 203 20 14 10
9747642 203 20 14.5 10
9747685 203 20.5 12.5 10
9747686 203 20.5 13 10
9747687 203 20.5 13.5 10
9747688 203 20.5 14 10
9747689 203 20.5 14.5 10
9747732 203 21 12.5 10
9747733 203 21 13 10
9747734 203 21 13.5 10
9747735 203 21 14 10
9747736 203 21 14.5 10
9763101 203.5 19 12.5 10
9763102 203.5 19 13 10
9763103 203.5 19 13.5 10
9763104 203.5 19 14 10
9763105 203.5 19 14.5 10
9763148 203.5 19.5 12.5 10
9763149 203.5 19.5 13 10
9763150 203.5 19.5 13.5 10
9763151 203.5 19.5 14 10
9763152 203.5 19.5 14.5 10
9763195 203.5 20 12.5 10
9763196 203.5 20 13 10
9763197 203.5 20 13.5 10
9763198 203.5 20 14 10
9763199 203.5 20 14.5 10
9778611 204 18.5 12.5 10
9778612 204 18.5 13 10
9778613 204 18.5 13.5 10
9778614 204 18.5 14 10
9778615 204 18.5 14.5 10
9778658 204 19 12.5 10
9778659 204 19 13 10
9778660 204 19 13.5 10
9778661 204 19 14 10
9778662 204 19 14.5 10
9778705 204 19.5 12.5 10
9778706 204 19.5 13 10
9778707 204 19.5 13.5 10
9778708 204 19.5 14 10
9778709 204 19.5 14.5 10
9794074 204.5 17.5 12.5 10
9794075 204.5 17.5 13 10
9794076 204.5 17.5 13.5 10
9794077 204.5 17.5 14 10
9794078 204.5 17.5 14.5 10
9794121 204.5 18 12.5 10
9794122 204.5 18 13 10
9794123 204.5 18 13.5 10
9794124 204.5 18 14 10
9794125 204.5 18 14.5 10
9794168 204.5 18.5 12.5 10
9794169 204.5 18.5 13 10
9794170 204.5 18.5 13.5 10
9794171 204.5 18.5 14 10
9794172 204.5 18.5 14.5 10
9809537 205 16.5 12.5 10
9809538 205 16.5 13 10
9809539 205 16.5 13.5 10
9809540 205 16.5 14 10
9809541 205 16.5 14.5 10
9809584 205 17 12.5 10
9809585 205 17 13 10
9809586 205 17 13.5 10
9809587 205 17 14 10
9809588 205 17 14.5 10
9809631 205 17.5 12.5 10
9809632 205 17.5 13 10
9809633 205 17.5 13.5 10
9809634 205 17.5 14 10
9809635 205 17.5 14.5 10
9809678 205 18 12.5 10
9809679 205 18 13 10
9809680 205 18 13.5 10
9809681 205 18 14 10
9809682 205 18 14.5 10
9825047 205.5 16 12.5 10
9825048 205.5 16 13 10
9825049 205.5 16 13.5 10
9825050 205.5 16 14 10
9825051 205.5 16 14.5 10
9825094 205.5 16.5 12.5 10
9825095 205.5 16.5 13 10
9825096 205.5 16.5 13.5 10
9825097 205.5 16.5 14 10
9825098 205.5 16.5 14.5 10
9825141 205.5 17 12.5 10
9825142 205.5 17 13 10
9825143 205.5 17 13.5 10
9825144 205.5 17 14 10
9825145 205.5 17 14.5 10
9840510 206 15 12.5 10
9840511 206 15 13 10
9840512 206 15 13.5 10
9840513 206 15 14 10
9840514 206 15 14.5 10
9840557 206 15.5 12.5 10
9840558 206 15.5 13 10
9840559 206 15.5 13.5 10
9840560 206 15.5 14 10
9840561 206 15.5 14.5 10
9840604 206 16 12.5 10
9840605 206 16 13 10
9840606 206 16 13.5 10
9840607 206 16 14 10
9840608 206 16 14.5 10
9856020 206.5 14.5 12.5 10
9856021 206.5 14.5 13 10
9856022 206.5 14.5 13.5 10
9856023 206.5 14.5 14 10
9856024 206.5 14.5 14.5 10
9856067 206.5 15 12.5 10
9856068 206.5 15 13 10
9856069 206.5 15 13.5 10
9856070 206.5 15 14 10
9856071 206.5 15 14.5 10
9856114 206.5 15.5 12.5 10
9856115 206.5 15.5 13 10
9856116 206.5 15.5 13.5 10
9856117 206.5 15.5 14 10
9856118 206.5 15.5 14.5 10
9871483 207 13.5 12.5 10
9871484 207 13.5 13 10
9871485 207 13.5 13.5 10
9871486 207 13.5 14 10
9871487 207 13.5 14.5 10
9871530 207 14 12.5 10
9871531 207 14 13 10
9871532 207 14 13.5 10
9871533 207 14 14 10
9871534 207 14 14.5 10
9871577 207 14.5 12.5 10
9871578 207 14.5 13 10
9871579 207 14.5 13.5 10
9871580 207 14.5 14 10
9871581 207 14.5 14.5 10
9886993 207.5 13 12.5 10
9886994 207.5 13 13 10
9886995 207.5 13 13.5 10
9886996 207.5 13 14 10
9886997 207.5 13 14.5 10
9887040 207.5 13.5 12.5 10
9887041 207.5 13.5 13 10
9887042 207.5 13.5 13.5 10
9887043 207.5 13.5 14 10
9887044 207.5 13.5 14.5 10
9887087 207.5 14 12.5 10
9887088 207.5 14 13 10
9887089 207.5 14 13.5 10
9887090 207.5 14 14 10
9887091 207.5 14 14.5 10
9902456 208 12 12.5 10
9902457 208 12 13 10
9902458 208 12 13.5 10
9902459 208 12 14 10
9902460 208 12 14.5 10
9902503 208 12.5 12.5 10
9902504 208 12.5 13 10
9902505 208 12.5 13.5 10
9902506 208 12.5 14 10
9902507 208 12.5 14.5 10
9902550 208 13 12.5 10
9902551 208 13 13 10
9902552 208 13 13.5 10
9902553 208 13 14 10
9902554 208 13 14.5 10
9917966 208.5 11.5 12.5 10
9917967 208.5 11.5 13 10
9917968 208.5 11.5 13.5 10
9917969 208.5 11.5 14 10
9917970 208.5 11.5 14.5 10
9918013 208.5 12 12.5 10
9918014 208.5 12 13 10
9918015 208.5 12 13.5 10
9918016 208.5 12 14 10
9918017 208.5 12 14.5 10
9918060 208.5 12.5 12.5 10
9918061 208.5 12.5 13 10
9918062 208.5 12.5 13.5 10
9918063 208.5 12.5 14 10
9918064 208.5 12.5 14.5 10
9933429 209 10.5 12.5 10
9933430 209 10.5 13 10
9933431 209 10.5 13.5 10
9933432 209 10.5 14 10
9933433 209 10.5 14.5 10
9933476 209 11 12.5 10
9933477 209 11 13 10
9933478 209 11 13.5 10
9933479 209 11 14 10
9933480 209 11 14.5 10
9933523 209 11.5 12.5 10
9933524 209 11.5 13 10
9933525 209 11.5 13.5 10
9933526 209 11.5 14 10
9933527 209 11.5 14.5 10
9948939 209.5 10 12.5 10
9948940 209.5 10 13 10
9948941 209.5 10 13.5 10
9948942 209.5 10 14 10
9948943 209.5 10 14.5 10
9948986 209.5 10.5 12.5 10
9948987 209.5 10.5 13 10
9948988 209.5 10.5 13.5 10
9948989 209.5 10.5 14 10
9948990 209.5 10.5 14.5 10
9949033 209.5 11 12.5 10
9949034 209.5 11 13 10
9949035 209.5 11 13.5 10
9949036 209.5 11 14 10
9949037 209.5 11 14.5 10
9964402 210 9 12.5 10
9964403 210 9 13 10
9964404 210 9 13.5 10
9964405 210 9 14 10
9964406 210 9 14.5 10
9964449 210 9.5 12.5 10
9964450 210 9.5 13 10
9964451 210 9.5 13.5 10
9964452 210 9.5 14 10
9964453 210 9.5 14.5 10
9964496 210 10 12.5 10
9964497 210 10 13 10
9964498 210 10 13.5 10
9964499 210 10 14 10
9964500 210 10 14.5 10
9979865 210.5 8 12.5 10
9979866 210.5 8 13 10
9979867 210.5 8 13.5 10
9979868 210.5 8 14 10
9979869 210.5 8 14.5 10
9979912 210.5 8.5 12.5 10
9979913 210.5 8.5 13 10
9979914 210.5 8.5 13.5 10
9979915 210.5 8.5 14 10
9979916 210.5 8.5 14.5 10
9979959 210.5 9 12.5 10
9979960 210.5 9 13 10
9979961 210.5 9 13.5 10
9979962 210.5 9 14 10
9979963 210.5 9 14.5 10
9980006 210.5 9.5 12.5 10
9980007 210.5 9.5 13 10
9980008 210.5 9.5 13.5 10
9980009 210.5 9.5 14 10
9980010 210.5 9.5 14.5 10
9995375 211 7.5 12.5 10
9995376 211 7.5 13 10
9995377 211 7.5 13.5 10
9995378 211 7.5 14 10
9995379 211 7.5 14.5 10
9995422 211 8 12.5 10
9995423 211 8 13 10
9995424 211 8 13.5 10
9995425 211 8 14 10
9995426 211 8 14.5 10
9995469 211 8.5 12.5 10
9995470 211 8.5 13 10
9995471 211 8.5 13.5 10
9995472 211 8.5 14 10
9995473 211 8.5 14.5 10
10010838 211.5 6.5 12.5 10
10010839 211.5 6.5 13 10
10010840 211.5 6.5 13.5 10
10010841 211.5 6.5 14 10
10010842 211.5 6.5 14.5 10
10010885 211.5 7 12.5 10
10010886 211.5 7 13 10
10010887 211.5 7 13.5 10
10010888 211.5 7 14 10
10010889 211.5 7 14.5 10
10010932 211.5 7.5 12.5 10
10010933 211.5 7.5 13 10
10010934 211.5 7.5 13.5 10
10010935 211.5 7.5 14 10
10010936 211.5 7.5 14.5 10
10026348 212 6 12.5 10
10026349 212 6 13 10
10026350 212 6 13.5 10
10026351 212 6 14 10
10026352 212 6 14.5 10
10026395 212 6.5 12.5 10
10026396 212 6.5 13 10
10026397 212 6.5 13.5 10
10026398 212 6.5 14 10
10026399 212 6.5 14.5 10
10026442 212 7 12.5 10
10026443 212 7 13 10
10026444 212 7 13.5 10
10026445 212 7 14 10
10026446 212 7 14.5 10
10041811 212.5 5 12.5 10
10041812 212.5 5 13 10
10041813 212.5 5 13.5 10
10041814 212.5 5 14 10
10041815 212.5 5 14.5 10
10041858 212.5 5.5 12.5 10
10041859 212.5 5.5 13 10
10041860 212.5 5.5 13.5 10
10041861 212.5 5.5 14 10
10041862 212.5 5.5 14.5 10
10041905 212.5 6 12.5 10
10041906 212.5 6 13 10
10041907 212.5 6 13.5 10
10041908 212.5 6 14 10
10041909 212.5 6 14.5 10
10057321 213 4.5 12.5 10
10057322 213 4.5 13 10
10057323 213 4.5 13.5 10
10057324 213 4.5 14 10
10057325 213 4.5 14.5 10
10057368 213 5 12.5 10
10057369 213 5 13 10
10057370 213 5 13.5 10
10057371 213 5 14 10
10057372 213 5 14.5 10
10057415 213 5.5 12.5 10
10057416 213 5.5 13 10
10057417 213 5.5 13.5 10
10057418 213 5.5 14 10
10057419 213 5.5 14.5 10
10072784 213.5 3.5 12.5 10
10072785 213.5 3.5 13 10
10072786 213.5 3.5 13.5 10
10072787 213.5 3.5 14 10
10072788 213.5 3.5 14.5 10
10072831 213.5 4 12.5 10
10072832 213.5 4 13 10
10072833 213.5 4 13.5 10
10072834 213.5 4 14 10
10072835 213.5 4 14.5 10
10072878 213.5 4.5 12.5 10
10072879 213.5 4.5 13 10
10072880 213.5 4.5 13.5 10
10072881 213.5 4.5 14 10
10072882 213.5 4.5 14.5 10
10088294 214 3 12.5 10
10088295 214 3 13 10
10088296 214 3 13.5 10
10088297 214 3 14 10
10088298 214 3 14.5 10
10088341 214 3.5 12.5 10
10088342 214 3.5 13 10
10088343 214 3.5 13.5 10
10088344 214 3.5 14 10
10088345 214 3.5 14.5 10
10088388 214 4 12.5 10
10088389 214 4 13 10
10088390 214 4 13.5 10
10088391 214 4 14 10
10088392 214 4 14.5 10
10103757 214.5 2 12.5 10
10103758 214.5 2 13 10
10103759 214.5 2 13.5 10
10103760 214.5 2 14 10
10103761 214.5 2 14.5 10
10103804 214.5 2.5 12.5 10
10103805 214.5 2.5 13 10
10103806 214.5 2.5 13.5 10
10103807 214.5 2.5 14 10
10103808 214.5 2.5 14.5 10
10103851 214.5 3 12.5 10
10103852 214.5 3 13 10
10103853 214.5 3 13.5 10
10103854 214.5 3 14 10
10103855 214.5 3 14.5 10
10119267 215 1.5 12.5 10
10119268 215 1.5 13 10
10119269 215 1.5 13.5 10
10119270 215 1.5 14 10
10119271 215 1.5 14.5 10
10119314 215 2 12.5 10
10119315 215 2 13 10
10119316 215 2 13.5 10
10119317 215 2 14 10
10119318 215 2 14.5 10
10119361 215 2.5 12.5 10
10119362 215 2.5 13 10
10119363 215 2.5 13.5 10
10119364 215 2.5 14 10
10119365 215 2.5 14.5 10
10134730 215.5 0.5 12.5 10
10134731 215.5 0.5 13 10
10134732 215.5 0.5 13.5 10
10134733 215.5 0.5 14 10
10134734 215.5 0.5 14.5 10
10134777 215.5 1 12.5 10
10134778 215.5 1 13 10
10134779 215.5 1 13.5 10
10134780 215.5 1 14 10
10134781 215.5 1 14.5 10
10134824 215.5 1.5 12.5 10
10134825 215.5 1.5 13 10
10134826 215.5 1.5 13.5 10
10134827 215.5 1.5 14 10
10134828 215.5 1.5 14.5 10
10150193 216 -0.5 12.5 10
10150194 216 -0.5 13 10
10150195 216 -0.5 13.5 10
10150196 216 -0.5 14 10
10150197 216 -0.5 14.5 10
10150240 216 0 12.5 10
10150241 216 0 13 10
10150242 216 0 13.5 10
10150243 216 0 14 10
10150244 216 0 14.5 10
10150287 216 0.5 12.5 10
10150288 216 0.5 13 10
10150289 216 0.5 13.5 10
10150290 216 0.5 14 10
10150291 216 0.5 14.5 10
10150334 216 1 12.5 10
10150335 216 1 13 10
10150336 216 1 13.5 10
10150337 216 1 14 10
10150338 216 1 14.5 10
10165703 216.5 -1 12.5 10
10165704 216.5 -1 13 10
10165705 216.5 -1 13.5 10
10165706 216.5 -1 14 10
10165707 216.5 -1 14.5 10
10165750 216.5 -0.5 12.5 10
10165751 216.5 -0.5 13 10
10165752 216.5 -0.5 13.5 10
10165753 216.5 -0.5 14 10
10165754 216.5 -0.5 14.5 10
10165797 216.5 0 12.5 10
10165798 216.5 0 13 10
10165799 216.5 0 13.5 10
10165800 216.5 0 14 10
10165801 216.5 0 14.5 10
10181166 217 -2 12.5 10
10181167 217 -2 13 10
10181168 217 -2 13.5 10
10181169 217 -2 14 10
10181170 217 -2 14.5 10
10181213 217 -1.5 12.5 10
10181214 217 -1.5 13 10
10181215 217 -1.5 13.5 10
10181216 217 -1.5 14 10
10181217 217 -1.5 14.5 10
10181260 217 -1 12.5 10
10181261 217 -1 13 10
10181262 217 -1 13.5 10
10181263 217 -1 14 10
10181264 217 -1 14.5 10
10196676 217.5 -2.5 12.5 10
10196677 217.5 -2.5 13 10
10196678 217.5 -2.5 13.5 10
10196679 217.5 -2.5 14 10
10196680 217.5 -2.5 14.5 10
10196723 217.5 -2 12.5 10
10196724 217.5 -2 13 10
10196725 217.5 -2 13.5 10
10196726 217.5 -2 14 10
10196727 217.5 -2 14.5 10
10196770 217.5 -1.5 12.5 10
10196771 217.5 -1.5 13 10
10196772 217.5 -1.5 13.5 10
10196773 217.5 -1.5 14 10
10196774 217.5 -1.5 14.5 10
10212139 218 -3.5 12.5 10
10212140 218 -3.5 13 10
10212141 218 -3.5 13.5 10
10212142 218 -3.5 14 10
10212143 218 -3.5 14.5 10
10212186 218 -3 12.5 10
10212187 218 -3 13 10
10212188 218 -3 13.5 10
10212189 218 -3 14 10
10212190 218 -3 14.5 10
10212233 218 -2.5 12.5 10
10212234 218 -2.5 13 10
10212235 218 -2.5 13.5 10
10212236 218 -2.5 14 10
10212237 218 -2.5 14.5 10
10227649 218.5 -4 12.5 10
10227650 218.5 -4 13 10
10227651 218.5 -4 13.5 10
10227652 218.5 -4 14 10
10227653 218.5 -4 14.5 10
10227696 218.5 -3.5 12.5 10
10227697 218.5 -3.5 13 10
10227698 218.5 -3.5 13.5 10
10227699 218.5 -3.5 14 10
10227700 218.5 -3.5 14.5 10
10227743 218.5 -3 12.5 10
10227744 218.5 -3 13 10
10227745 218.5 -3 13.5 10
10227746 218.5 -3 14 10
10227747 218.5 -3 14.5 10
10243112 219 -5 12.5 10
10243113 219 -5 13 10
10243114 219 -5 13.5 10
10243115 219 -5 14 10
10243116 219 -5 14.5 10
10243159 219 -4.5 12.5 10
10243160 219 -4.5 13 10
10243161 219 -4.5 13.5 10
10243162 219 -4.5 14 10
10243163 219 -4.5 14.5 10
10243206 219 -4 12.5 10
10243207 219 -4 13 10
10243208 219 -4 13.5 10
10243209 219 -4 14 10
10243210 219 -4 14.5 10
10258622 219.5 -5.5 12.5 10
10258623 219.5 -5.5 13 10
10258624 219.5 -5.5 13.5 10
10258625 219.5 -5.5 14 10
10258626 219.5 -5.5 14.5 10
10258669 219.5 -5 12.5 10
10258670 219.5 -5 13 10
10258671 219.5 -5 13.5 10
10258672 219.5 -5 14 10
10258673 219.5 -5 14.5 10
10258716 219.5 -4.5 12.5 10
10258717 219.5 -4.5 13 10
10258718 219.5 -4.5 13.5 10
10258719 219.5 -4.5 14 10
10258720 219.5 -4.5 14.5 10
10274085 220 -6.5 12.5 10
10274086 220 -6.5 13 10
10274087 220 -6.5 13.5 10
10274088 220 -6.5 14 10
10274089 220 -6.5 14.5 10
10274132 220 -6 12.5 10
10274133 220 -6 13 10
10274134 220 -6 13.5 10
10274135 220 -6 14 10
10274136 220 -6 14.5 10
10274179 220 -5.5 12.5 10
10274180 220 -5.5 13 10
10274181 220 -5.5 13.5 10
10274182 220 -5.5 14 10
10274183 220 -5.5 14.5 10
10289595 220.5 -7 12.5 10
10289596 220.5 -7 13 10
10289597 220.5 -7 13.5 10
10289598 220.5 -7 14 10
10289599 220.5 -7 14.5 10
10289642 220.5 -6.5 12.5 10
10289643 220.5 -6.5 13 10
10289644 220.5 -6.5 13.5 10
10289645 220.5 -6.5 14 10
10289646 220.5 -6.5 14.5 10
10289689 220.5 -6 12.5 10
10289690 220.5 -6 13 10
10289691 220.5 -6 13.5 10
10289692 220.5 -6 14 10
10289693 220.5 -6 14.5 10
10305058 221 -8 12.5 10
10305059 221 -8 13 10
10305060 221 -8 13.5 10
10305061 221 -8 14 10
10305062 221 -8 14.5 10
10305105 221 -7.5 12.5 10
10305106 221 -7.5 13 10
10305107 221 -7.5 13.5 10
10305108 221 -7.5 14 10
10305109 221 -7.5 14.5 10
10305152 221 -7 12.5 10
10305153 221 -7 13 10
10305154 221 -7 13.5 10
10305155 221 -7 14 10
10305156 221 -7 14.5 10
10320521 221.5 -9 12.5 10
10320522 221.5 -9 13 10
10320523 221.5 -9 13.5 10
10320524 221.5 -9 14 10
10320525 221.5 -9 14.5 10
10320568 221.5 -8.5 12.5 10
10320569 221.5 -8.5 13 10
10320570 221.5 -8.5 13.5 10
10320571 221.5 -8.5 14 10
10320572 221.5 -8.5 14.5 10
10320615 221.5 -8 12.5 10
10320616 221.5 -8 13 10
10320617 221.5 -8 13.5 10
10320618 221.5 -8 14 10
10320619 221.5 -8 14.5 10
10320662 221.5 -7.5 12.5 10
10320663 221.5 -7.5 13 10
10320664 221.5 -7.5 13.5 10
10320665 221.5 -7.5 14 10
10320666 221.5 -7.5 14.5 10
10336031 222 -9.5 12.5 10
10336032 222 -9.5 13 10
10336033 222 -9.5 13.5 10
10336034 222 -9.5 14 10
10336035 222 -9.5 14.5 10
10336078 222 -9 12.5 10
10336079 222 -9 13 10
10336080 222 -9 13.5 10
10336081 222 -9 14 10
10336082 222 -9 14.5 10
10336125 222 -8.5 12.5 10
10336126 222 -8.5 13 10
10336127 222 -8.5 13.5 10
10336128 222 -8.5 14 10
10336129 222 -8.5 14.5 10
10351494 222.5 -10.5 12.5 10
10351495 222.5 -10.5 13 10
10351496 222.5 -10.5 13.5 10
10351497 222.5 -10.5 14 10
10351498 222.5 -10.5 14.5 10
10351541 222.5 -10 12.5 10
10351542 222.5 -10 13 10
10351543 222.5 -10 13.5 10
10351544 222.5 -10 14 10
10351545 222.5 -10 14.5 10
10351588 222.5 -9.5 12.5 10
10351589 222.5 -9.5 13 10
10351590 222.5 -9.5 13.5 10
10351591 222.5 -9.5 14 10
10351592 222.5 -9.5 14.5 10
10367004 223 -11 12.5 10
10367005 223 -11 13 10
10367006 223 -11 13.5 10
10367007 223 -11 14 10
10367008 223 -11 14.5 10
10367051 223 -10.5 12.5 10
10367052 223 -10.5 13 10
10367053 223 -10.5 13.5 10
10367054 223 -10.5 14 10
10367055 223 -10.5 14.5 10
10367098 223 -10 12.5 10
10367099 223 -10 13 10
10367100 223 -10 13.5 10
10367101 223 -10 14 10
10367102 223 -10 14.5 10
10382467 223.5 -12 12.5 10
10382468 223.5 -12 13 10
10382469 223.5 -12 13.5 10
10382470 223.5 -12 14 10
10382471 223.5 -12 14.5 10
10382514 223.5 -11.5 12.5 10
10382515 223.5 -11.5 13 10
10382516 223.5 -11.5 13.5 10
10382517 223.5 -11.5 14 10
10382518 223.5 -11.5 14.5 10
10382561 223.5 -11 12.5 10
10382562 223.5 -11 13 10
10382563 223.5 -11 13.5 10
10382564 223.5 -11 14 10
10382565 223.5 -11 14.5 10
10397977 224 -12.5 12.5 10
10397978 224 -12.5 13 10
10397979 224 -12.5 13.5 10
10397980 224 -12.5 14 10
10397981 224 -12.5 14.5 10
10398024 224 -12 12.5 10
10398025 224 -12 13 10
10398026 224 -12 13.5 10
10398027 224 -12 14 10
10398028 224 -12 14.5 10
10398071 224 -11.5 12.5 10
10398072 224 -11.5 13 10
10398073 224 -11.5 13.5 10
10398074 224 -11.5 14 10
10398075 224 -11.5 14.5 10
10413440 224.5 -13.5 12.5 10
10413441 224.5 -13.5 13 10
10413442 224.5 -13.5 13.5 10
10413443 224.5 -13.5 14 10
10413444 224.5 -13.5 14.5 10
10413487 224.5 -13 12.5 10
10413488 224.5 -13 13 10
10413489 224.5 -13 13.5 10
10413490 224.5 -13 14 10
10413491 224.5 -13 14.5 10
10413534 224.5 -12.5 12.5 10
10413535 224.5 -12.5 13 10
10413536 224.5 -12.5 13.5 10
10413537 224.5 -12.5 14 10
10413538 224.5 -12.5 14.5 10
10428950 225 -14 12.5 10
10428951 225 -14 13 10
10428952 225 -14 13.5 10
10428953 225 -14 14 10
10428954 225 -14 14.5 10
10428997 225 -13.5 12.5 10
10428998 225 -13.5 13 10
10428999 225 -13.5 13.5 10
10429000 225 -13.5 14 10
10429001 225 -13.5 14.5 10
10429044 225 -13 12.5 10
10429045 225 -13 13 10
10429046 225 -13 13.5 10
10429047 225 -13 14 10
10429048 225 -13 14.5 10
10444413 225.5 -15 12.5 10
10444414 225.5 -15 13 10
10444415 225.5 -15 13.5 10
10444416 225.5 -15 14 10
10444417 225.5 -15 14.5 10
10444460 225.5 -14.5 12.5 10
10444461 225.5 -14.5 13 10
10444462 225.5 -14.5 13.5 10
10444463 225.5 -14.5 14 10
10444464 225.5 -14.5 14.5 10
10444507 225.5 -14 12.5 10
10444508 225.5 -14 13 10
10444509 225.5 -14 13.5 10
10444510 225.5 -14 14 10
10444511 225.5 -14 14.5 10
10459923 226 -15.5 12.5 10
10459924 226 -15.5 13 10
10459925 226 -15.5 13.5 10
10459926 226 -15.5 14 10
10459927 226 -15.5 14.5 10
10459970 226 -15 12.5 10
10459971 226 -15 13 10
10459972 226 -15 13.5 10
10459973 226 -15 14 10
10459974 226 -15 14.5 10
10460017 226 -14.5 12.5 10
10460018 226 -14.5 13 10
10460019 226 -14.5 13.5 10
10460020 226 -14.5 14 10
10460021 226 -14.5 14.5 10
10475386 226.5 -16.5 12.5 10
10475387 226.5 -16.5 13 10
10475388 226.5 -16.5 13.5 10
10475389 226.5 -16.5 14 10
10475390 226.5 -16.5 14.5 10
10475433 226.5 -16 12.5 10
10475434 226.5 -16 13 10
10475435 226.5 -16 13.5 10
10475436 226.5 -16 14 10
10475437 226.5 -16 14.5 10
10475480 226.5 -15.5 12.5 10
10475481 226.5 -15.5 13 10
10475482 226.5 -15.5 13.5 10
10475483 226.5 -15.5 14 10
10475484 226.5 -15.5 14.5 10
10490849 227 -17.5 12.5 10
10490850 227 -17.5 13 10
10490851 227 -17.5 13.5 10
10490852 227 -17.5 14 10
10490853 227 -17.5 14.5 10
10490896 227 -17 12.5 10
10490897 227 -17 13 10
10490898 227 -17 13.5 10
10490899 227 -17 14 10
10490900 227 -17 14.5 10
10490943 227 -16.5 12.5 10
10490944 227 -16.5 13 10
10490945 227 -16.5 13.5 10
10490946 227 -16.5 14 10
10490947 227 -16.5 14.5 10
10490990 227 -16 12.5 10
10490991 227 -16 13 10
10490992 227 -16 13.5 10
10490993 227 -16 14 10
10490994 227 -16 14.5 10
10506359 227.5 -18 12.5 10
10506360 227.5 -18 13 10
10506361 227.5 -18 13.5 10
10506362 227.5 -18 14 10
10506363 227.5 -18 14.5 10
10506406 227.5 -17.5 12.5 10
10506407 227.5 -17.5 13 10
10506408 227.5 -17.5 13.5 10
10506409 227.5 -17.5 14 10
10506410 227.5 -17.5 14.5 10
10506453 227.5 -17 12.5 10
10506454 227.5 -17 13 10
10506455 227.5 -17 13.5 10
10506456 227.5 -17 14 10
10506457 227.5 -17 14.5 10
10521916 228 -18 12.5 10
10521917 228 -18 13 10
10521918 228 -18 13.5 10
10521919 228 -18 14 10
10521920 228 -18 14.5 10
