1935033 -48 -12 21 5
1950496 -47.5 -13 21 5
1950543 -47.5 -12.5 21 5
1950590 -47.5 -12 21 5
1966006 -47 -13.5 21 5
1966053 -47 -13 21 5
1966100 -47 -12.5 21 5
1966147 -47 -12 21 5
1981469 -46.5 -14.5 21 5
1981516 -46.5 -14 21 5
1981563 -46.5 -13.5 21 5
1981610 -46.5 -13 21 5
1981657 -46.5 -12.5 21 5
1981704 -46.5 -12 21 5
1996979 -46 -15 21 5
1997026 -46 -14.5 21 5
1997073 -46 -14 21 5
1997120 -46 -13.5 21 5
1997167 -46 -13 21 5
1997214 -46 -12.5 21 5
1997261 -46 -12 21 5
2012442 -45.5 -16 21 5
2012489 -45.5 -15.5 21 5
2012536 -45.5 -15 21 5
2012583 -45.5 -14.5 21 5
2012630 -45.5 -14 21 5
2012677 -45.5 -13.5 21 5
2012724 -45.5 -13 21 5
2012771 -45.5 -12.5 21 5
2012818 -45.5 -12 21 5
2027952 -45 -16.5 21 5
2027999 -45 -16 21 5
2028046 -45 -15.5 21 5
2028093 -45 -15 21 5
2028140 -45 -14.5 21 5
2028187 -45 -14 21 5
2028234 -45 -13.5 21 5
2028281 -45 -13 21 5
2028328 -45 -12.5 21 5
2028375 -45 -12 21 5
2043415 -44.5 -17.5 21 5
2043462 -44.5 -17 21 5
2043509 -44.5 -16.5 21 5
2043556 -44.5 -16 21 5
2043603 -44.5 -15.5 21 5
2043650 -44.5 -15 21 5
2043697 -44.5 -14.5 21 5
2043744 -44.5 -14 21 5
2043791 -44.5 -13.5 21 5
2043838 -44.5 -13 21 5
2043885 -44.5 -12.5 21 5
2043932 -44.5 -12 21 5
2058925 -44 -18 21 5
2058972 -44 -17.5 21 5
2059019 -44 -17 21 5
2059066 -44 -16.5 21 5
2059113 -44 -16 21 5
2059160 -44 -15.5 21 5
2059207 -44 -15 21 5
2059254 -44 -14.5 21 5
2059301 -44 -14 21 5
2059348 -44 -13.5 21 5
2059395 -44 -13 21 5
2059442 -44 -12.5 21 5
2059489 -44 -12 21 5
2074482 -43.5 -18 21 5
2074529 -43.5 -17.5 21 5
2074576 -43.5 -17 21 5
2074623 -43.5 -16.5 21 5
2074670 -43.5 -16 21 5
2074717 -43.5 -15.5 21 5
2074764 -43.5 -15 21 5
2074811 -43.5 -14.5 21 5
2074858 -43.5 -14 21 5
2074905 -43.5 -13.5 21 5
2074952 -43.5 -13 21 5
2074999 -43.5 -12.5 21 5
2075046 -43.5 -12 21 5
2090039 -43 -18 21 5
2090086 -43 -17.5 21 5
2090133 -43 -17 21 5
2090180 -43 -16.5 21 5
2090227 -43 -16 21 5
2090274 -43 -15.5 21 5
2090321 -43 -15 21 5
2090368 -43 -14.5 21 5
2090415 -43 -14 21 5
2090462 -43 -13.5 21 5
2090509 -43 -13 21 5
2090556 -43 -12.5 21 5
2090603 -43 -12 21 5
2105596 -42.5 -18 21 5
2105643 -42.5 -17.5 21 5
2105690 -42.5 -17 21 5
2105737 -42.5 -16.5 21 5
2105784 -42.5 -16 21 5
2105831 -42.5 -15.5 21 5
2105878 -42.5 -15 21 5
2105925 -42.5 -14.5 21 5
2105972 -42.5 -14 21 5
2106019 -42.5 -13.5 21 5
2106066 -42.5 -13 21 5
2106113 -42.5 -12.5 21 5
2106160 -42.5 -12 21 5
2121153 -42 -18 21 5
2121200 -42 -17.5 21 5
2121247 -42 -17 21 5
2121294 -42 -16.5 21 5
2121341 -42 -16 21 5
2121388 -42 -15.5 21 5
2121435 -42 -15 21 5
2121482 -42 -14.5 21 5
2121529 -42 -14 21 5
2121576 -42 -13.5 21 5
2121623 -42 -13 21 5
2121670 -42 -12.5 21 5
2121717 -42 -12 21 5
2136710 -41.5 -18 21 5
2136757 -41.5 -17.5 21 5
2136804 -41.5 -17 21 5
2136851 -41.5 -16.5 21 5
2136898 -41.5 -16 21 5
2136945 -41.5 -15.5 21 5
2136992 -41.5 -15 21 5
2137039 -41.5 -14.5 21 5
2137086 -41.5 -14 21 5
2137133 -41.5 -13.5 21 5
2137180 -41.5 -13 21 5
2137227 -41.5 -12.5 21 5
2137274 -41.5 -12 21 5
2152267 -41 -18 21 5
2152314 -41 -17.5 21 5
2152361 -41 -17 21 5
2152408 -41 -16.5 21 5
2152455 -41 -16 21 5
2152502 -41 -15.5 21 5
2152549 -41 -15 21 5
2152596 -41 -14.5 21 5
2152643 -41 -14 21 5
2152690 -41 -13.5 21 5
2152737 -41 -13 21 5
2152784 -41 -12.5 21 5
2152831 -41 -12 21 5
2167824 -40.5 -18 21 5
2167871 -40.5 -17.5 21 5
2167918 -40.5 -17 21 5
2167965 -40.5 -16.5 21 5
2168012 -40.5 -16 21 5
2168059 -40.5 -15.5 21 5
2168106 -40.5 -15 21 5
2168153 -40.5 -14.5 21 5
2168200 -40.5 -14 21 5
2168247 -40.5 -13.5 21 5
2168294 -40.5 -13 21 5
2168341 -40.5 -12.5 21 5
2168388 -40.5 -12 21 5
2183381 -40 -18 21 5
2183428 -40 -17.5 21 5
2183475 -40 -17 21 5
2183522 -40 -16.5 21 5
2183569 -40 -16 21 5
2183616 -40 -15.5 21 5
2183663 -40 -15 21 5
2183710 -40 -14.5 21 5
2183757 -40 -14 21 5
2183804 -40 -13.5 21 5
2183851 -40 -13 21 5
2183898 -40 -12.5 21 5
2183945 -40 -12 21 5
2198938 -39.5 -18 21 5
2198985 -39.5 -17.5 21 5
2199032 -39.5 -17 21 5
2199079 -39.5 -16.5 21 5
2199126 -39.5 -16 21 5
2199173 -39.5 -15.5 21 5
2199220 -39.5 -15 21 5
2199267 -39.5 -14.5 21 5
2199314 -39.5 -14 21 5
2199361 -39.5 -13.5 21 5
2199408 -39.5 -13 21 5
2199455 -39.5 -12.5 21 5
2199502 -39.5 -12 21 5
2214495 -39 -18 21 5
2214542 -39 -17.5 21 5
2214589 -39 -17 21 5
2214636 -39 -16.5 21 5
2214683 -39 -16 21 5
2214730 -39 -15.5 21 5
2214777 -39 -15 21 5
2214824 -39 -14.5 21 5
2214871 -39 -14 21 5
2214918 -39 -13.5 21 5
2214965 -39 -13 21 5
2215012 -39 -12.5 21 5
2215059 -39 -12 21 5
2230052 -38.5 -18 21 5
2230099 -38.5 -17.5 21 5
2230146 -38.5 -17 21 5
2230193 -38.5 -16.5 21 5
2230240 -38.5 -16 21 5
2230287 -38.5 -15.5 21 5
2230334 -38.5 -15 21 5
2230381 -38.5 -14.5 21 5
2230428 -38.5 -14 21 5
2230475 -38.5 -13.5 21 5
2230522 -38.5 -13 21 5
2230569 -38.5 -12.5 21 5
2230616 -38.5 -12 21 5
2245609 -38 -18 21 5
2245656 -38 -17.5 21 5
2245703 -38 -17 21 5
2245750 -38 -16.5 21 5
2245797 -38 -16 21 5
2245844 -38 -15.5 21 5
2245891 -38 -15 21 5
2245938 -38 -14.5 21 5
2245985 -38 -14 21 5
2246032 -38 -13.5 21 5
2246079 -38 -13 21 5
2246126 -38 -12.5 21 5
2246173 -38 -12 21 5
2261166 -37.5 -18 21 5
2261213 -37.5 -17.5 21 5
2261260 -37.5 -17 21 5
2261307 -37.5 -16.5 21 5
2261354 -37.5 -16 21 5
2261401 -37.5 -15.5 21 5
2261448 -37.5 -15 21 5
2261495 -37.5 -14.5 21 5
2261542 -37.5 -14 21 5
2261589 -37.5 -13.5 21 5
2261636 -37.5 -13 21 5
2261683 -37.5 -12.5 21 5
2261730 -37.5 -12 21 5
2276723 -37 -18 21 5
2276770 -37 -17.5 21 5
2276817 -37 -17 21 5
2276864 -37 -16.5 21 5
2276911 -37 -16 21 5
2276958 -37 -15.5 21 5
2277005 -37 -15 21 5
2277052 -37 -14.5 21 5
2277099 -37 -14 21 5
2277146 -37 -13.5 21 5
2277193 -37 -13 21 5
2277240 -37 -12.5 21 5
2277287 -37 -12 21 5
2292280 -36.5 -18 21 5
2292327 -36.5 -17.5 21 5
2292374 -36.5 -17 21 5
2292421 -36.5 -16.5 21 5
2292468 -36.5 -16 21 5
2292515 -36.5 -15.5 21 5
2292562 -36.5 -15 21 5
2292609 -36.5 -14.5 21 5
2292656 -36.5 -14 21 5
2292703 -36.5 -13.5 21 5
2292750 -36.5 -13 21 5
2292797 -36.5 -12.5 21 5
2292844 -36.5 -12 21 5
2307837 -36 -18 21 5
2307884 -36 -17.5 21 5
2307931 -36 -17 21 5
2307978 -36 -16.5 21 5
2308025 -36 -16 21 5
2308072 -36 -15.5 21 5
2308119 -36 -15 21 5
2308166 -36 -14.5 21 5
2308213 -36 -14 21 5
2308260 -36 -13.5 21 5
2308307 -36 -13 21 5
2308354 -36 -12.5 21 5
2308401 -36 -12 21 5
2323394 -35.5 -18 21 5
2323441 -35.5 -17.5 21 5
2323488 -35.5 -17 21 5
2323535 -35.5 -16.5 21 5
2323582 -35.5 -16 21 5
2323629 -35.5 -15.5 21 5
2323676 -35.5 -15 21 5
2323723 -35.5 -14.5 21 5
2323770 -35.5 -14 21 5
2323817 -35.5 -13.5 21 5
2323864 -35.5 -13 21 5
2323911 -35.5 -12.5 21 5
2323958 -35.5 -12 21 5
2338951 -35 -18 21 5
2338998 -35 -17.5 21 5
2339045 -35 -17 21 5
2339092 -35 -16.5 21 5
2339139 -35 -16 21 5
2339186 -35 -15.5 21 5
2339233 -35 -15 21 5
2339280 -35 -14.5 21 5
2339327 -35 -14 21 5
2339374 -35 -13.5 21 5
2339421 -35 -13 21 5
2339468 -35 -12.5 21 5
2339515 -35 -12 21 5
2354508 -34.5 -18 21 5
2354555 -34.5 -17.5 21 5
2354602 -34.5 -17 21 5
2354649 -34.5 -16.5 21 5
2354696 -34.5 -16 21 5
2354743 -34.5 -15.5 21 5
2354790 -34.5 -15 21 5
2354837 -34.5 -14.5 21 5
2354884 -34.5 -14 21 5
2354931 -34.5 -13.5 21 5
2354978 -34.5 -13 21 5
2355025 -34.5 -12.5 21 5
2355072 -34.5 -12 21 5
2370065 -34 -18 21 5
2370112 -34 -17.5 21 5
2370159 -34 -17 21 5
2370206 -34 -16.5 21 5
2370253 -34 -16 21 5
2370300 -34 -15.5 21 5
2370347 -34 -15 21 5
2370394 -34 -14.5 21 5
2370441 -34 -14 21 5
2370488 -34 -13.5 21 5
2370535 -34 -13 21 5
2370582 -34 -12.5 21 5
2370629 -34 -12 21 5
2385622 -33.5 -18 21 5
2385669 -33.5 -17.5 21 5
2385716 -33.5 -17 21 5
2385763 -33.5 -16.5 21 5
2385810 -33.5 -16 21 5
2385857 -33.5 -15.5 21 5
2385904 -33.5 -15 21 5
2385951 -33.5 -14.5 21 5
2385998 -33.5 -14 21 5
2386045 -33.5 -13.5 21 5
2386092 -33.5 -13 21 5
2386139 -33.5 -12.5 21 5
2386186 -33.5 -12 21 5
2401179 -33 -18 21 5
2401226 -33 -17.5 21 5
2401273 -33 -17 21 5
2401320 -33 -16.5 21 5
2401367 -33 -16 21 5
2401414 -33 -15.5 21 5
2401461 -33 -15 21 5
2401508 -33 -14.5 21 5
2401555 -33 -14 21 5
2401602 -33 -13.5 21 5
2401649 -33 -13 21 5
2401696 -33 -12.5 21 5
2401743 -33 -12 21 5
2416736 -32.5 -18 21 5
2416783 -32.5 -17.5 21 5
2416830 -32.5 -17 21 5
2416877 -32.5 -16.5 21 5
2416924 -32.5 -16 21 5
2416971 -32.5 -15.5 21 5
2417018 -32.5 -15 21 5
2417065 -32.5 -14.5 21 5
2417112 -32.5 -14 21 5
2417159 -32.5 -13.5 21 5
2417206 -32.5 -13 21 5
2417253 -32.5 -12.5 21 5
2417300 -32.5 -12 21 5
2432293 -32 -18 21 5
2432340 -32 -17.5 21 5
2432387 -32 -17 21 5
2432434 -32 -16.5 21 5
2432481 -32 -16 21 5
2432528 -32 -15.5 21 5
2432575 -32 -15 21 5
2432622 -32 -14.5 21 5
2432669 -32 -14 21 5
2432716 -32 -13.5 21 5
2432763 -32 -13 21 5
2432810 -32 -12.5 21 5
2432857 -32 -12 21 5
2447850 -31.5 -18 21 5
2447897 -31.5 -17.5 21 5
2447944 -31.5 -17 21 5
2447991 -31.5 -16.5 21 5
2448038 -31.5 -16 21 5
2448085 -31.5 -15.5 21 5
2448132 -31.5 -15 21 5
2448179 -31.5 -14.5 21 5
2448226 -31.5 -14 21 5
2448273 -31.5 -13.5 21 5
2448320 -31.5 -13 21 5
2448367 -31.5 -12.5 21 5
2448414 -31.5 -12 21 5
2463407 -31 -18 21 5
2463454 -31 -17.5 21 5
2463501 -31 -17 21 5
2463548 -31 -16.5 21 5
2463595 -31 -16 21 5
2463642 -31 -15.5 21 5
2463689 -31 -15 21 5
2463736 -31 -14.5 21 5
2463783 -31 -14 21 5
2463830 -31 -13.5 21 5
2463877 -31 -13 21 5
2463924 -31 -12.5 21 5
2463971 -31 -12 21 5
2478964 -30.5 -18 21 5
2479011 -30.5 -17.5 21 5
2479058 -30.5 -17 21 5
2479105 -30.5 -16.5 21 5
2479152 -30.5 -16 21 5
2479199 -30.5 -15.5 21 5
2479246 -30.5 -15 21 5
2479293 -30.5 -14.5 21 5
2479340 -30.5 -14 21 5
2479387 -30.5 -13.5 21 5
2479434 -30.5 -13 21 5
2479481 -30.5 -12.5 21 5
2479528 -30.5 -12 21 5
2494521 -30 -18 21 5
2494568 -30 -17.5 21 5
2494615 -30 -17 21 5
2494662 -30 -16.5 21 5
2494709 -30 -16 21 5
2494756 -30 -15.5 21 5
2494803 -30 -15 21 5
2494850 -30 -14.5 21 5
2494897 -30 -14 21 5
2494944 -30 -13.5 21 5
2494991 -30 -13 21 5
2495038 -30 -12.5 21 5
2495085 -30 -12 21 5
2510078 -29.5 -18 21 5
2510125 -29.5 -17.5 21 5
2510172 -29.5 -17 21 5
2510219 -29.5 -16.5 21 5
2510266 -29.5 -16 21 5
2510313 -29.5 -15.5 21 5
2510360 -29.5 -15 21 5
2510407 -29.5 -14.5 21 5
2510454 -29.5 -14 21 5
2510501 -29.5 -13.5 21 5
2510548 -29.5 -13 21 5
2510595 -29.5 -12.5 21 5
2510642 -29.5 -12 21 5
2525635 -29 -18 21 5
2525682 -29 -17.5 21 5
2525729 -29 -17 21 5
2525776 -29 -16.5 21 5
2525823 -29 -16 21 5
2525870 -29 -15.5 21 5
2525917 -29 -15 21 5
2525964 -29 -14.5 21 5
2526011 -29 -14 21 5
2526058 -29 -13.5 21 5
2526105 -29 -13 21 5
2526152 -29 -12.5 21 5
2526199 -29 -12 21 5
2541192 -28.5 -18 21 5
2541239 -28.5 -17.5 21 5
2541286 -28.5 -17 21 5
2541333 -28.5 -16.5 21 5
2541380 -28.5 -16 21 5
2541427 -28.5 -15.5 21 5
2541474 -28.5 -15 21 5
2541521 -28.5 -14.5 21 5
2541568 -28.5 -14 21 5
2541615 -28.5 -13.5 21 5
2541662 -28.5 -13 21 5
2541709 -28.5 -12.5 21 5
2541756 -28.5 -12 21 5
2556749 -28 -18 21 5
2556796 -28 -17.5 21 5
2556843 -28 -17 21 5
2556890 -28 -16.5 21 5
2556937 -28 -16 21 5
2556984 -28 -15.5 21 5
2557031 -28 -15 21 5
2557078 -28 -14.5 21 5
2557125 -28 -14 21 5
2557172 -28 -13.5 21 5
2557219 -28 -13 21 5
2557266 -28 -12.5 21 5
2557313 -28 -12 21 5
2572306 -27.5 -18 21 5
2572353 -27.5 -17.5 21 5
2572400 -27.5 -17 21 5
2572447 -27.5 -16.5 21 5
2572494 -27.5 -16 21 5
2572541 -27.5 -15.5 21 5
2572588 -27.5 -15 21 5
2572635 -27.5 -14.5 21 5
2572682 -27.5 -14 21 5
2572729 -27.5 -13.5 21 5
2572776 -27.5 -13 21 5
2572823 -27.5 -12.5 21 5
2572870 -27.5 -12 21 5
2587863 -27 -18 21 5
2587910 -27 -17.5 21 5
2587957 -27 -17 21 5
2588004 -27 -16.5 21 5
2588051 -27 -16 21 5
2588098 -27 -15.5 21 5
2588145 -27 -15 21 5
2588192 -27 -14.5 21 5
2588239 -27 -14 21 5
2588286 -27 -13.5 21 5
2588333 -27 -13 21 5
2588380 -27 -12.5 21 5
2588427 -27 -12 21 5
2603420 -26.5 -18 21 5
2603467 -26.5 -17.5 21 5
2603514 -26.5 -17 21 5
2603561 -26.5 -16.5 21 5
2603608 -26.5 -16 21 5
2603655 -26.5 -15.5 21 5
2603702 -26.5 -15 21 5
2603749 -26.5 -14.5 21 5
2603796 -26.5 -14 21 5
2603843 -26.5 -13.5 21 5
2603890 -26.5 -13 21 5
2603937 -26.5 -12.5 21 5
2603984 -26.5 -12 21 5
2618977 -26 -18 21 5
2619024 -26 -17.5 21 5
2619071 -26 -17 21 5
2619118 -26 -16.5 21 5
2619165 -26 -16 21 5
2619212 -26 -15.5 21 5
2619259 -26 -15 21 5
2619306 -26 -14.5 21 5
2619353 -26 -14 21 5
2619400 -26 -13.5 21 5
2619447 -26 -13 21 5
2619494 -26 -12.5 21 5
2619541 -26 -12 21 5
2634534 -25.5 -18 21 5
2634581 -25.5 -17.5 21 5
2634628 -25.5 -17 21 5
2634675 -25.5 -16.5 21 5
2634722 -25.5 -16 21 5
2634769 -25.5 -15.5 21 5
2634816 -25.5 -15 21 5
2634863 -25.5 -14.5 21 5
2634910 -25.5 -14 21 5
2634957 -25.5 -13.5 21 5
2635004 -25.5 -13 21 5
2635051 -25.5 -12.5 21 5
2635098 -25.5 -12 21 5
2650091 -25 -18 21 5
2650138 -25 -17.5 21 5
2650185 -25 -17 21 5
2650232 -25 -16.5 21 5
2650279 -25 -16 21 5
2650326 -25 -15.5 21 5
2650373 -25 -15 21 5
2650420 -25 -14.5 21 5
2650467 -25 -14 21 5
2650514 -25 -13.5 21 5
2650561 -25 -13 21 5
2650608 -25 -12.5 21 5
2650655 -25 -12 21 5
2665648 -24.5 -18 21 5
2665695 -24.5 -17.5 21 5
2665742 -24.5 -17 21 5
2665789 -24.5 -16.5 21 5
2665836 -24.5 -16 21 5
2665883 -24.5 -15.5 21 5
2665930 -24.5 -15 21 5
2665977 -24.5 -14.5 21 5
2666024 -24.5 -14 21 5
2666071 -24.5 -13.5 21 5
2666118 -24.5 -13 21 5
2666165 -24.5 -12.5 21 5
2666212 -24.5 -12 21 5
2681205 -24 -18 21 5
2681252 -24 -17.5 21 5
2681299 -24 -17 21 5
2681346 -24 -16.5 21 5
2681393 -24 -16 21 5
2681440 -24 -15.5 21 5
2681487 -24 -15 21 5
2681534 -24 -14.5 21 5
2681581 -24 -14 21 5
2681628 -24 -13.5 21 5
2681675 -24 -13 21 5
2681722 -24 -12.5 21 5
2681769 -24 -12 21 5
2696762 -23.5 -18 21 5
2696809 -23.5 -17.5 21 5
2696856 -23.5 -17 21 5
2696903 -23.5 -16.5 21 5
2696950 -23.5 -16 21 5
2696997 -23.5 -15.5 21 5
2697044 -23.5 -15 21 5
2697091 -23.5 -14.5 21 5
2697138 -23.5 -14 21 5
2697185 -23.5 -13.5 21 5
2697232 -23.5 -13 21 5
2697279 -23.5 -12.5 21 5
2697326 -23.5 -12 21 5
2712319 -23 -18 21 5
2712366 -23 -17.5 21 5
2712413 -23 -17 21 5
2712460 -23 -16.5 21 5
2712507 -23 -16 21 5
2712554 -23 -15.5 21 5
2712601 -23 -15 21 5
2712648 -23 -14.5 21 5
2712695 -23 -14 21 5
2712742 -23 -13.5 21 5
2712789 -23 -13 21 5
2712836 -23 -12.5 21 5
2712883 -23 -12 21 5
2727876 -22.5 -18 21 5
2727923 -22.5 -17.5 21 5
2727970 -22.5 -17 21 5
2728017 -22.5 -16.5 21 5
2728064 -22.5 -16 21 5
2728111 -22.5 -15.5 21 5
2728158 -22.5 -15 21 5
2728205 -22.5 -14.5 21 5
2728252 -22.5 -14 21 5
2728299 -22.5 -13.5 21 5
2728346 -22.5 -13 21 5
2728393 -22.5 -12.5 21 5
2728440 -22.5 -12 21 5
2743433 -22 -18 21 5
2743480 -22 -17.5 21 5
2743527 -22 -17 21 5
2743574 -22 -16.5 21 5
2743621 -22 -16 21 5
2743668 -22 -15.5 21 5
2743715 -22 -15 21 5
2743762 -22 -14.5 21 5
2743809 -22 -14 21 5
2743856 -22 -13.5 21 5
2743903 -22 -13 21 5
2743950 -22 -12.5 21 5
2743997 -22 -12 21 5
2758990 -21.5 -18 21 5
2759037 -21.5 -17.5 21 5
2759084 -21.5 -17 21 5
2759131 -21.5 -16.5 21 5
2759178 -21.5 -16 21 5
2759225 -21.5 -15.5 21 5
2759272 -21.5 -15 21 5
2759319 -21.5 -14.5 21 5
2759366 -21.5 -14 21 5
2759413 -21.5 -13.5 21 5
2759460 -21.5 -13 21 5
2759507 -21.5 -12.5 21 5
2759554 -21.5 -12 21 5
2774547 -21 -18 21 5
2774594 -21 -17.5 21 5
2774641 -21 -17 21 5
2774688 -21 -16.5 21 5
2774735 -21 -16 21 5
2774782 -21 -15.5 21 5
2774829 -21 -15 21 5
2774876 -21 -14.5 21 5
2774923 -21 -14 21 5
2774970 -21 -13.5 21 5
2775017 -21 -13 21 5
2775064 -21 -12.5 21 5
2775111 -21 -12 21 5
2790104 -20.5 -18 21 5
2790151 -20.5 -17.5 21 5
2790198 -20.5 -17 21 5
2790245 -20.5 -16.5 21 5
2790292 -20.5 -16 21 5
2790339 -20.5 -15.5 21 5
2790386 -20.5 -15 21 5
2790433 -20.5 -14.5 21 5
2790480 -20.5 -14 21 5
2790527 -20.5 -13.5 21 5
2790574 -20.5 -13 21 5
2790621 -20.5 -12.5 21 5
2790668 -20.5 -12 21 5
2805661 -20 -18 21 5
2805708 -20 -17.5 21 5
2805755 -20 -17 21 5
2805802 -20 -16.5 21 5
2805849 -20 -16 21 5
2805896 -20 -15.5 21 5
2805943 -20 -15 21 5
2805990 -20 -14.5 21 5
2806037 -20 -14 21 5
2806084 -20 -13.5 21 5
2806131 -20 -13 21 5
2806178 -20 -12.5 21 5
2806225 -20 -12 21 5
2821218 -19.5 -18 21 5
2821265 -19.5 -17.5 21 5
2821312 -19.5 -17 21 5
2821359 -19.5 -16.5 21 5
2821406 -19.5 -16 21 5
2821453 -19.5 -15.5 21 5
2821500 -19.5 -15 21 5
2821547 -19.5 -14.5 21 5
2821594 -19.5 -14 21 5
2821641 -19.5 -13.5 21 5
2821688 -19.5 -13 21 5
2821735 -19.5 -12.5 21 5
2821782 -19.5 -12 21 5
2836775 -19 -18 21 5
2836822 -19 -17.5 21 5
2836869 -19 -17 21 5
2836916 -19 -16.5 21 5
2836963 -19 -16 21 5
2837010 -19 -15.5 21 5
2837057 -19 -15 21 5
2837104 -19 -14.5 21 5
2837151 -19 -14 21 5
2837198 -19 -13.5 21 5
2837245 -19 -13 21 5
2837292 -19 -12.5 21 5
2837339 -19 -12 21 5
2852332 -18.5 -18 21 5
2852379 -18.5 -17.5 21 5
2852426 -18.5 -17 21 5
2852473 -18.5 -16.5 21 5
2852520 -18.5 -16 21 5
2852567 -18.5 -15.5 21 5
2852614 -18.5 -15 21 5
2852661 -18.5 -14.5 21 5
2852708 -18.5 -14 21 5
2852755 -18.5 -13.5 21 5
2852802 -18.5 -13 21 5
2852849 -18.5 -12.5 21 5
2852896 -18.5 -12 21 5
2867889 -18 -18 21 5
2867936 -18 -17.5 21 5
2867983 -18 -17 21 5
2868030 -18 -16.5 21 5
2868077 -18 -16 21 5
2868124 -18 -15.5 21 5
2868171 -18 -15 21 5
2868218 -18 -14.5 21 5
2868265 -18 -14 21 5
2868312 -18 -13.5 21 5
2868359 -18 -13 21 5
2868406 -18 -12.5 21 5
2868453 -18 -12 21 5
2883446 -17.5 -18 21 5
2883493 -17.5 -17.5 21 5
2883540 -17.5 -17 21 5
2883587 -17.5 -16.5 21 5
2883634 -17.5 -16 21 5
2883681 -17.5 -15.5 21 5
2883728 -17.5 -15 21 5
2883775 -17.5 -14.5 21 5
2883822 -17.5 -14 21 5
2883869 -17.5 -13.5 21 5
2883916 -17.5 -13 21 5
2883963 -17.5 -12.5 21 5
2884010 -17.5 -12 21 5
2899003 -17 -18 21 5
2899050 -17 -17.5 21 5
2899097 -17 -17 21 5
2899144 -17 -16.5 21 5
2899191 -17 -16 21 5
2899238 -17 -15.5 21 5
2899285 -17 -15 21 5
2899332 -17 -14.5 21 5
2899379 -17 -14 21 5
2899426 -17 -13.5 21 5
2899473 -17 -13 21 5
2899520 -17 -12.5 21 5
2899567 -17 -12 21 5
2914560 -16.5 -18 21 5
2914607 -16.5 -17.5 21 5
2914654 -16.5 -17 21 5
2914701 -16.5 -16.5 21 5
2914748 -16.5 -16 21 5
2914795 -16.5 -15.5 21 5
2914842 -16.5 -15 21 5
2914889 -16.5 -14.5 21 5
2914936 -16.5 -14 21 5
2914983 -16.5 -13.5 21 5
2915030 -16.5 -13 21 5
2915077 -16.5 -12.5 21 5
2915124 -16.5 -12 21 5
2930117 -16 -18 21 5
2930164 -16 -17.5 21 5
2930211 -16 -17 21 5
2930258 -16 -16.5 21 5
2930305 -16 -16 21 5
2930352 -16 -15.5 21 5
2930399 -16 -15 21 5
2930446 -16 -14.5 21 5
2930493 -16 -14 21 5
2930540 -16 -13.5 21 5
2930587 -16 -13 21 5
2930634 -16 -12.5 21 5
2930681 -16 -12 21 5
2945674 -15.5 -18 21 5
2945721 -15.5 -17.5 21 5
2945768 -15.5 -17 21 5
2945815 -15.5 -16.5 21 5
2945862 -15.5 -16 21 5
2945909 -15.5 -15.5 21 5
2945956 -15.5 -15 21 5
2946003 -15.5 -14.5 21 5
2946050 -15.5 -14 21 5
2946097 -15.5 -13.5 21 5
2946144 -15.5 -13 21 5
2946191 -15.5 -12.5 21 5
2946238 -15.5 -12 21 5
2961231 -15 -18 21 5
2961278 -15 -17.5 21 5
2961325 -15 -17 21 5
2961372 -15 -16.5 21 5
2961419 -15 -16 21 5
2961466 -15 -15.5 21 5
2961513 -15 -15 21 5
2961560 -15 -14.5 21 5
2961607 -15 -14 21 5
2961654 -15 -13.5 21 5
2961701 -15 -13 21 5
2961748 -15 -12.5 21 5
2961795 -15 -12 21 5
2976788 -14.5 -18 21 5
2976835 -14.5 -17.5 21 5
2976882 -14.5 -17 21 5
2976929 -14.5 -16.5 21 5
2976976 -14.5 -16 21 5
2977023 -14.5 -15.5 21 5
2977070 -14.5 -15 21 5
2977117 -14.5 -14.5 21 5
2977164 -14.5 -14 21 5
2977211 -14.5 -13.5 21 5
2977258 -14.5 -13 21 5
2977305 -14.5 -12.5 21 5
2977352 -14.5 -12 21 5
2992345 -14 -18 21 5
2992392 -14 -17.5 21 5
2992439 -14 -17 21 5
2992486 -14 -16.5 21 5
2992533 -14 -16 21 5
2992580 -14 -15.5 21 5
2992627 -14 -15 21 5
2992674 -14 -14.5 21 5
2992721 -14 -14 21 5
2992768 -14 -13.5 21 5
2992815 -14 -13 21 5
2992862 -14 -12.5 21 5
2992909 -14 -12 21 5
3007902 -13.5 -18 21 5
3007949 -13.5 -17.5 21 5
3007996 -13.5 -17 21 5
3008043 -13.5 -16.5 21 5
3008090 -13.5 -16 21 5
3008137 -13.5 -15.5 21 5
3008184 -13.5 -15 21 5
3008231 -13.5 -14.5 21 5
3008278 -13.5 -14 21 5
3008325 -13.5 -13.5 21 5
3008372 -13.5 -13 21 5
3008419 -13.5 -12.5 21 5
3008466 -13.5 -12 21 5
3023459 -13 -18 21 5
3023506 -13 -17.5 21 5
3023553 -13 -17 21 5
3023600 -13 -16.5 21 5
3023647 -13 -16 21 5
3023694 -13 -15.5 21 5
3023741 -13 -15 21 5
3023788 -13 -14.5 21 5
3023835 -13 -14 21 5
3023882 -13 -13.5 21 5
3023929 -13 -13 21 5
3023976 -13 -12.5 21 5
3024023 -13 -12 21 5
3039016 -12.5 -18 21 5
3039063 -12.5 -17.5 21 5
3039110 -12.5 -17 21 5
3039157 -12.5 -16.5 21 5
3039204 -12.5 -16 21 5
3039251 -12.5 -15.5 21 5
3039298 -12.5 -15 21 5
3039345 -12.5 -14.5 21 5
3039392 -12.5 -14 21 5
3039439 -12.5 -13.5 21 5
3039486 -12.5 -13 21 5
3039533 -12.5 -12.5 21 5
3039580 -12.5 -12 21 5
3054573 -12 -18 21 5
3054620 -12 -17.5 21 5
3054667 -12 -17 21 5
3054714 -12 -16.5 21 5
3054761 -12 -16 21 5
3054808 -12 -15.5 21 5
3054855 -12 -15 21 5
3054902 -12 -14.5 21 5
3054949 -12 -14 21 5
3054996 -12 -13.5 21 5
3055043 -12 -13 21 5
3055090 -12 -12.5 21 5
3055137 -12 -12 21 5
3070130 -11.5 -18 21 5
3070177 -11.5 -17.5 21 5
3070224 -11.5 -17 21 5
3070271 -11.5 -16.5 21 5
3070318 -11.5 -16 21 5
3070365 -11.5 -15.5 21 5
3070412 -11.5 -15 21 5
3070459 -11.5 -14.5 21 5
3070506 -11.5 -14 21 5
3070553 -11.5 -13.5 21 5
3070600 -11.5 -13 21 5
3070647 -11.5 -12.5 21 5
3070694 -11.5 -12 21 5
3085687 -11 -18 21 5
3085734 -11 -17.5 21 5
3085781 -11 -17 21 5
3085828 -11 -16.5 21 5
3085875 -11 -16 21 5
3085922 -11 -15.5 21 5
3085969 -11 -15 21 5
3086016 -11 -14.5 21 5
3086063 -11 -14 21 5
3086110 -11 -13.5 21 5
3086157 -11 -13 21 5
3086204 -11 -12.5 21 5
3086251 -11 -12 21 5
3101244 -10.5 -18 21 5
3101291 -10.5 -17.5 21 5
3101338 -10.5 -17 21 5
3101385 -10.5 -16.5 21 5
3101432 -10.5 -16 21 5
3101479 -10.5 -15.5 21 5
3101526 -10.5 -15 21 5
3101573 -10.5 -14.5 21 5
3101620 -10.5 -14 21 5
3101667 -10.5 -13.5 21 5
3101714 -10.5 -13 21 5
3101761 -10.5 -12.5 21 5
3101808 -10.5 -12 21 5
3116801 -10 -18 21 5
3116848 -10 -17.5 21 5
3116895 -10 -17 21 5
3116942 -10 -16.5 21 5
3116989 -10 -16 21 5
3117036 -10 -15.5 21 5
3117083 -10 -15 21 5
3117130 -10 -14.5 21 5
3117177 -10 -14 21 5
3117224 -10 -13.5 21 5
3117271 -10 -13 21 5
3117318 -10 -12.5 21 5
3117365 -10 -12 21 5
3132358 -9.5 -18 21 5
3132405 -9.5 -17.5 21 5
3132452 -9.5 -17 21 5
3132499 -9.5 -16.5 21 5
3132546 -9.5 -16 21 5
3132593 -9.5 -15.5 21 5
3132640 -9.5 -15 21 5
3132687 -9.5 -14.5 21 5
3132734 -9.5 -14 21 5
3132781 -9.5 -13.5 21 5
3132828 -9.5 -13 21 5
3132875 -9.5 -12.5 21 5
3132922 -9.5 -12 21 5
3147915 -9 -18 21 5
3147962 -9 -17.5 21 5
3148009 -9 -17 21 5
3148056 -9 -16.5 21 5
3148103 -9 -16 21 5
3148150 -9 -15.5 21 5
3148197 -9 -15 21 5
3148244 -9 -14.5 21 5
3148291 -9 -14 21 5
3148338 -9 -13.5 21 5
3148385 -9 -13 21 5
3148432 -9 -12.5 21 5
3148479 -9 -12 21 5
3163472 -8.5 -18 21 5
3163519 -8.5 -17.5 21 5
3163566 -8.5 -17 21 5
3163613 -8.5 -16.5 21 5
3163660 -8.5 -16 21 5
3163707 -8.5 -15.5 21 5
3163754 -8.5 -15 21 5
3163801 -8.5 -14.5 21 5
3163848 -8.5 -14 21 5
3163895 -8.5 -13.5 21 5
3163942 -8.5 -13 21 5
3163989 -8.5 -12.5 21 5
3164036 -8.5 -12 21 5
3179029 -8 -18 21 5
3179076 -8 -17.5 21 5
3179123 -8 -17 21 5
3179170 -8 -16.5 21 5
3179217 -8 -16 21 5
3179264 -8 -15.5 21 5
3179311 -8 -15 21 5
3179358 -8 -14.5 21 5
3179405 -8 -14 21 5
3179452 -8 -13.5 21 5
3179499 -8 -13 21 5
3179546 -8 -12.5 21 5
3179593 -8 -12 21 5
3194586 -7.5 -18 21 5
3194633 -7.5 -17.5 21 5
3194680 -7.5 -17 21 5
3194727 -7.5 -16.5 21 5
3194774 -7.5 -16 21 5
3194821 -7.5 -15.5 21 5
3194868 -7.5 -15 21 5
3194915 -7.5 -14.5 21 5
3194962 -7.5 -14 21 5
3195009 -7.5 -13.5 21 5
3195056 -7.5 -13 21 5
3195103 -7.5 -12.5 21 5
3195150 -7.5 -12 21 5
3210143 -7 -18 21 5
3210190 -7 -17.5 21 5
3210237 -7 -17 21 5
3210284 -7 -16.5 21 5
3210331 -7 -16 21 5
3210378 -7 -15.5 21 5
3210425 -7 -15 21 5
3210472 -7 -14.5 21 5
3210519 -7 -14 21 5
3210566 -7 -13.5 21 5
3210613 -7 -13 21 5
3210660 -7 -12.5 21 5
3210707 -7 -12 21 5
3225700 -6.5 -18 21 5
3225747 -6.5 -17.5 21 5
3225794 -6.5 -17 21 5
3225841 -6.5 -16.5 21 5
3225888 -6.5 -16 21 5
3225935 -6.5 -15.5 21 5
3225982 -6.5 -15 21 5
3226029 -6.5 -14.5 21 5
3226076 -6.5 -14 21 5
3226123 -6.5 -13.5 21 5
3226170 -6.5 -13 21 5
3226217 -6.5 -12.5 21 5
3226264 -6.5 -12 21 5
3241257 -6 -18 21 5
3241304 -6 -17.5 21 5
3241351 -6 -17 21 5
3241398 -6 -16.5 21 5
3241445 -6 -16 21 5
3241492 -6 -15.5 21 5
3241539 -6 -15 21 5
3241586 -6 -14.5 21 5
3241633 -6 -14 21 5
3241680 -6 -13.5 21 5
3241727 -6 -13 21 5
3241774 -6 -12.5 21 5
3241821 -6 -12 21 5
3256814 -5.5 -18 21 5
3256861 -5.5 -17.5 21 5
3256908 -5.5 -17 21 5
3256955 -5.5 -16.5 21 5
3257002 -5.5 -16 21 5
3257049 -5.5 -15.5 21 5
3257096 -5.5 -15 21 5
3257143 -5.5 -14.5 21 5
3257190 -5.5 -14 21 5
3257237 -5.5 -13.5 21 5
3257284 -5.5 -13 21 5
3257331 -5.5 -12.5 21 5
3257378 -5.5 -12 21 5
3272371 -5 -18 21 5
3272418 -5 -17.5 21 5
3272465 -5 -17 21 5
3272512 -5 -16.5 21 5
3272559 -5 -16 21 5
3272606 -5 -15.5 21 5
3272653 -5 -15 21 5
3272700 -5 -14.5 21 5
3272747 -5 -14 21 5
3272794 -5 -13.5 21 5
3272841 -5 -13 21 5
3272888 -5 -12.5 21 5
3272935 -5 -12 21 5
3287928 -4.5 -18 21 5
3287975 -4.5 -17.5 21 5
3288022 -4.5 -17 21 5
3288069 -4.5 -16.5 21 5
3288116 -4.5 -16 21 5
3288163 -4.5 -15.5 21 5
3288210 -4.5 -15 21 5
3288257 -4.5 -14.5 21 5
3288304 -4.5 -14 21 5
3288351 -4.5 -13.5 21 5
3288398 -4.5 -13 21 5
3288445 -4.5 -12.5 21 5
3288492 -4.5 -12 21 5
3303485 -4 -18 21 5
3303532 -4 -17.5 21 5
3303579 -4 -17 21 5
3303626 -4 -16.5 21 5
3303673 -4 -16 21 5
3303720 -4 -15.5 21 5
3303767 -4 -15 21 5
3303814 -4 -14.5 21 5
3303861 -4 -14 21 5
3303908 -4 -13.5 21 5
3303955 -4 -13 21 5
3304002 -4 -12.5 21 5
3304049 -4 -12 21 5
3319042 -3.5 -18 21 5
3319089 -3.5 -17.5 21 5
3319136 -3.5 -17 21 5
3319183 -3.5 -16.5 21 5
3319230 -3.5 -16 21 5
3319277 -3.5 -15.5 21 5
3319324 -3.5 -15 21 5
3319371 -3.5 -14.5 21 5
3319418 -3.5 -14 21 5
3319465 -3.5 -13.5 21 5
3319512 -3.5 -13 21 5
3319559 -3.5 -12.5 21 5
3319606 -3.5 -12 21 5
3334599 -3 -18 21 5
3334646 -3 -17.5 21 5
3334693 -3 -17 21 5
3334740 -3 -16.5 21 5
3334787 -3 -16 21 5
3334834 -3 -15.5 21 5
3334881 -3 -15 21 5
3334928 -3 -14.5 21 5
3334975 -3 -14 21 5
3335022 -3 -13.5 21 5
3335069 -3 -13 21 5
3335116 -3 -12.5 21 5
3335163 -3 -12 21 5
3350156 -2.5 -18 21 5
3350203 -2.5 -17.5 21 5
3350250 -2.5 -17 21 5
3350297 -2.5 -16.5 21 5
3350344 -2.5 -16 21 5
3350391 -2.5 -15.5 21 5
3350438 -2.5 -15 21 5
3350485 -2.5 -14.5 21 5
3350532 -2.5 -14 21 5
3350579 -2.5 -13.5 21 5
3350626 -2.5 -13 21 5
3350673 -2.5 -12.5 21 5
3350720 -2.5 -12 21 5
3365713 -2 -18 21 5
3365760 -2 -17.5 21 5
3365807 -2 -17 21 5
3365854 -2 -16.5 21 5
3365901 -2 -16 21 5
3365948 -2 -15.5 21 5
3365995 -2 -15 21 5
3366042 -2 -14.5 21 5
3366089 -2 -14 21 5
3366136 -2 -13.5 21 5
3366183 -2 -13 21 5
3366230 -2 -12.5 21 5
3366277 -2 -12 21 5
3381270 -1.5 -18 21 5
3381317 -1.5 -17.5 21 5
3381364 -1.5 -17 21 5
3381411 -1.5 -16.5 21 5
3381458 -1.5 -16 21 5
3381505 -1.5 -15.5 21 5
3381552 -1.5 -15 21 5
3381599 -1.5 -14.5 21 5
3381646 -1.5 -14 21 5
3381693 -1.5 -13.5 21 5
3381740 -1.5 -13 21 5
3381787 -1.5 -12.5 21 5
3381834 -1.5 -12 21 5
3396827 -1 -18 21 5
3396874 -1 -17.5 21 5
3396921 -1 -17 21 5
3396968 -1 -16.5 21 5
3397015 -1 -16 21 5
3397062 -1 -15.5 21 5
3397109 -1 -15 21 5
3397156 -1 -14.5 21 5
3397203 -1 -14 21 5
3397250 -1 -13.5 21 5
3397297 -1 -13 21 5
3397344 -1 -12.5 21 5
3397391 -1 -12 21 5
3412384 -0.5 -18 21 5
3412431 -0.5 -17.5 21 5
3412478 -0.5 -17 21 5
3412525 -0.5 -16.5 21 5
3412572 -0.5 -16 21 5
3412619 -0.5 -15.5 21 5
3412666 -0.5 -15 21 5
3412713 -0.5 -14.5 21 5
3412760 -0.5 -14 21 5
3412807 -0.5 -13.5 21 5
3412854 -0.5 -13 21 5
3412901 -0.5 -12.5 21 5
3412948 -0.5 -12 21 5
3427941 0 -18 21 5
3427988 0 -17.5 21 5
3428035 0 -17 21 5
3428082 0 -16.5 21 5
3428129 0 -16 21 5
3428176 0 -15.5 21 5
3428223 0 -15 21 5
3428270 0 -14.5 21 5
3428317 0 -14 21 5
3428364 0 -13.5 21 5
3428411 0 -13 21 5
3428458 0 -12.5 21 5
3428505 0 -12 21 5
3443498 0.5 -18 21 5
3443545 0.5 -17.5 21 5
3443592 0.5 -17 21 5
3443639 0.5 -16.5 21 5
3443686 0.5 -16 21 5
3443733 0.5 -15.5 21 5
3443780 0.5 -15 21 5
3443827 0.5 -14.5 21 5
3443874 0.5 -14 21 5
3443921 0.5 -13.5 21 5
3443968 0.5 -13 21 5
3444015 0.5 -12.5 21 5
3444062 0.5 -12 21 5
3459055 1 -18 21 5
3459102 1 -17.5 21 5
3459149 1 -17 21 5
3459196 1 -16.5 21 5
3459243 1 -16 21 5
3459290 1 -15.5 21 5
3459337 1 -15 21 5
3459384 1 -14.5 21 5
3459431 1 -14 21 5
3459478 1 -13.5 21 5
3459525 1 -13 21 5
3459572 1 -12.5 21 5
3459619 1 -12 21 5
3474612 1.5 -18 21 5
3474659 1.5 -17.5 21 5
3474706 1.5 -17 21 5
3474753 1.5 -16.5 21 5
3474800 1.5 -16 21 5
3474847 1.5 -15.5 21 5
3474894 1.5 -15 21 5
3474941 1.5 -14.5 21 5
3474988 1.5 -14 21 5
3475035 1.5 -13.5 21 5
3475082 1.5 -13 21 5
3475129 1.5 -12.5 21 5
3475176 1.5 -12 21 5
3490169 2 -18 21 5
3490216 2 -17.5 21 5
3490263 2 -17 21 5
3490310 2 -16.5 21 5
3490357 2 -16 21 5
3490404 2 -15.5 21 5
3490451 2 -15 21 5
3490498 2 -14.5 21 5
3490545 2 -14 21 5
3490592 2 -13.5 21 5
3490639 2 -13 21 5
3490686 2 -12.5 21 5
3490733 2 -12 21 5
3505726 2.5 -18 21 5
3505773 2.5 -17.5 21 5
3505820 2.5 -17 21 5
3505867 2.5 -16.5 21 5
3505914 2.5 -16 21 5
3505961 2.5 -15.5 21 5
3506008 2.5 -15 21 5
3506055 2.5 -14.5 21 5
3506102 2.5 -14 21 5
3506149 2.5 -13.5 21 5
3506196 2.5 -13 21 5
3506243 2.5 -12.5 21 5
3506290 2.5 -12 21 5
3521283 3 -18 21 5
3521330 3 -17.5 21 5
3521377 3 -17 21 5
3521424 3 -16.5 21 5
3521471 3 -16 21 5
3521518 3 -15.5 21 5
3521565 3 -15 21 5
3521612 3 -14.5 21 5
3521659 3 -14 21 5
3521706 3 -13.5 21 5
3521753 3 -13 21 5
3521800 3 -12.5 21 5
3521847 3 -12 21 5
3536840 3.5 -18 21 5
3536887 3.5 -17.5 21 5
3536934 3.5 -17 21 5
3536981 3.5 -16.5 21 5
3537028 3.5 -16 21 5
3537075 3.5 -15.5 21 5
3537122 3.5 -15 21 5
3537169 3.5 -14.5 21 5
3537216 3.5 -14 21 5
3537263 3.5 -13.5 21 5
3537310 3.5 -13 21 5
3537357 3.5 -12.5 21 5
3537404 3.5 -12 21 5
3552397 4 -18 21 5
3552444 4 -17.5 21 5
3552491 4 -17 21 5
3552538 4 -16.5 21 5
3552585 4 -16 21 5
3552632 4 -15.5 21 5
3552679 4 -15 21 5
3552726 4 -14.5 21 5
3552773 4 -14 21 5
3552820 4 -13.5 21 5
3552867 4 -13 21 5
3552914 4 -12.5 21 5
3552961 4 -12 21 5
3567954 4.5 -18 21 5
3568001 4.5 -17.5 21 5
3568048 4.5 -17 21 5
3568095 4.5 -16.5 21 5
3568142 4.5 -16 21 5
3568189 4.5 -15.5 21 5
3568236 4.5 -15 21 5
3568283 4.5 -14.5 21 5
3568330 4.5 -14 21 5
3568377 4.5 -13.5 21 5
3568424 4.5 -13 21 5
3568471 4.5 -12.5 21 5
3568518 4.5 -12 21 5
3583511 5 -18 21 5
3583558 5 -17.5 21 5
3583605 5 -17 21 5
3583652 5 -16.5 21 5
3583699 5 -16 21 5
3583746 5 -15.5 21 5
3583793 5 -15 21 5
3583840 5 -14.5 21 5
3583887 5 -14 21 5
3583934 5 -13.5 21 5
3583981 5 -13 21 5
3584028 5 -12.5 21 5
3584075 5 -12 21 5
3599068 5.5 -18 21 5
3599115 5.5 -17.5 21 5
3599162 5.5 -17 21 5
3599209 5.5 -16.5 21 5
3599256 5.5 -16 21 5
3599303 5.5 -15.5 21 5
3599350 5.5 -15 21 5
3599397 5.5 -14.5 21 5
3599444 5.5 -14 21 5
3599491 5.5 -13.5 21 5
3599538 5.5 -13 21 5
3599585 5.5 -12.5 21 5
3599632 5.5 -12 21 5
3614625 6 -18 21 5
3614672 6 -17.5 21 5
3614719 6 -17 21 5
3614766 6 -16.5 21 5
3614813 6 -16 21 5
3614860 6 -15.5 21 5
3614907 6 -15 21 5
3614954 6 -14.5 21 5
3615001 6 -14 21 5
3615048 6 -13.5 21 5
3615095 6 -13 21 5
3615142 6 -12.5 21 5
3615189 6 -12 21 5
3630182 6.5 -18 21 5
3630229 6.5 -17.5 21 5
3630276 6.5 -17 21 5
3630323 6.5 -16.5 21 5
3630370 6.5 -16 21 5
3630417 6.5 -15.5 21 5
3630464 6.5 -15 21 5
3630511 6.5 -14.5 21 5
3630558 6.5 -14 21 5
3630605 6.5 -13.5 21 5
3630652 6.5 -13 21 5
3630699 6.5 -12.5 21 5
3630746 6.5 -12 21 5
3645739 7 -18 21 5
3645786 7 -17.5 21 5
3645833 7 -17 21 5
3645880 7 -16.5 21 5
3645927 7 -16 21 5
3645974 7 -15.5 21 5
3646021 7 -15 21 5
3646068 7 -14.5 21 5
3646115 7 -14 21 5
3646162 7 -13.5 21 5
3646209 7 -13 21 5
3646256 7 -12.5 21 5
3661296 7.5 -18 21 5
3661343 7.5 -17.5 21 5
3661390 7.5 -17 21 5
3661437 7.5 -16.5 21 5
3661484 7.5 -16 21 5
3661531 7.5 -15.5 21 5
3661578 7.5 -15 21 5
3661625 7.5 -14.5 21 5
3661672 7.5 -14 21 5
3661719 7.5 -13.5 21 5
3676853 8 -18 21 5
3676900 8 -17.5 21 5
3676947 8 -17 21 5
3676994 8 -16.5 21 5
3677041 8 -16 21 5
3677088 8 -15.5 21 5
3677135 8 -15 21 5
3677182 8 -14.5 21 5
3677229 8 -14 21 5
3692410 8.5 -18 21 5
3692457 8.5 -17.5 21 5
3692504 8.5 -17 21 5
3692551 8.5 -16.5 21 5
3692598 8.5 -16 21 5
3692645 8.5 -15.5 21 5
3692692 8.5 -15 21 5
3707967 9 -18 21 5
3708014 9 -17.5 21 5
3708061 9 -17 21 5
3708108 9 -16.5 21 5
3708155 9 -16 21 5
3708202 9 -15.5 21 5
3723524 9.5 -18 21 5
3723571 9.5 -17.5 21 5
3723618 9.5 -17 21 5
3723665 9.5 -16.5 21 5
3739081 10 -18 21 5
3739128 10 -17.5 21 5
3754638 10.5 -18 21 5
