9733461 202.5 34.5 21 5
9733462 202.5 34.5 21.5 5
9748971 203 34 21 5
9748972 203 34 21.5 5
9749018 203 34.5 21 5
9749019 203 34.5 21.5 5
9764434 203.5 33 21 5
9764435 203.5 33 21.5 5
9764481 203.5 33.5 21 5
9764482 203.5 33.5 21.5 5
9764528 203.5 34 21 5
9764529 203.5 34 21.5 5
9764575 203.5 34.5 21 5
9764576 203.5 34.5 21.5 5
9779897 204 32 21 5
9779898 204 32 21.5 5
9779944 204 32.5 21 5
9779945 204 32.5 21.5 5
9779991 204 33 21 5
9779992 204 33 21.5 5
9780038 204 33.5 21 5
9780039 204 33.5 21.5 5
9780085 204 34 21 5
9780086 204 34 21.5 5
9780132 204 34.5 21 5
9780133 204 34.5 21.5 5
9795407 204.5 31.5 21 5
9795408 204.5 31.5 21.5 5
9795454 204.5 32 21 5
9795455 204.5 32 21.5 5
9795501 204.5 32.5 21 5
9795502 204.5 32.5 21.5 5
9795548 204.5 33 21 5
9795549 204.5 33 21.5 5
9795595 204.5 33.5 21 5
9795596 204.5 33.5 21.5 5
9795642 204.5 34 21 5
9795643 204.5 34 21.5 5
9795689 204.5 34.5 21 5
9795690 204.5 34.5 21.5 5
9810870 205 30.5 21 5
9810871 205 30.5 21.5 5
9810917 205 31 21 5
9810918 205 31 21.5 5
9810964 205 31.5 21 5
9810965 205 31.5 21.5 5
9811011 205 32 21 5
9811012 205 32 21.5 5
9811058 205 32.5 21 5
9811059 205 32.5 21.5 5
9811105 205 33 21 5
9811106 205 33 21.5 5
9811152 205 33.5 21 5
9811153 205 33.5 21.5 5
9811199 205 34 21 5
9811200 205 34 21.5 5
9811246 205 34.5 21 5
9811247 205 34.5 21.5 5
9826380 205.5 30 21 5
9826381 205.5 30 21.5 5
9826427 205.5 30.5 21 5
9826428 205.5 30.5 21.5 5
9826474 205.5 31 21 5
9826475 205.5 31 21.5 5
9826521 205.5 31.5 21 5
9826522 205.5 31.5 21.5 5
9826568 205.5 32 21 5
9826569 205.5 32 21.5 5
9826615 205.5 32.5 21 5
9826616 205.5 32.5 21.5 5
9826662 205.5 33 21 5
9826663 205.5 33 21.5 5
9826709 205.5 33.5 21 5
9826710 205.5 33.5 21.5 5
9826756 205.5 34 21 5
9826757 205.5 34 21.5 5
9826803 205.5 34.5 21 5
9826804 205.5 34.5 21.5 5
9841843 206 29 21 5
9841844 206 29 21.5 5
9841890 206 29.5 21 5
9841891 206 29.5 21.5 5
9841937 206 30 21 5
9841938 206 30 21.5 5
9841984 206 30.5 21 5
9841985 206 30.5 21.5 5
9842031 206 31 21 5
9842032 206 31 21.5 5
9842078 206 31.5 21 5
9842079 206 31.5 21.5 5
9842125 206 32 21 5
9842126 206 32 21.5 5
9842172 206 32.5 21 5
9842173 206 32.5 21.5 5
9842219 206 33 21 5
9842220 206 33 21.5 5
9842266 206 33.5 21 5
9842267 206 33.5 21.5 5
9842313 206 34 21 5
9842314 206 34 21.5 5
9842360 206 34.5 21 5
9842361 206 34.5 21.5 5
9857353 206.5 28.5 21 5
9857354 206.5 28.5 21.5 5
9857400 206.5 29 21 5
9857401 206.5 29 21.5 5
9857447 206.5 29.5 21 5
9857448 206.5 29.5 21.5 5
9857494 206.5 30 21 5
9857495 206.5 30 21.5 5
9857541 206.5 30.5 21 5
9857542 206.5 30.5 21.5 5
9857588 206.5 31 21 5
9857589 206.5 31 21.5 5
9857635 206.5 31.5 21 5
9857636 206.5 31.5 21.5 5
9857682 206.5 32 21 5
9857683 206.5 32 21.5 5
9857729 206.5 32.5 21 5
9857730 206.5 32.5 21.5 5
9857776 206.5 33 21 5
9857777 206.5 33 21.5 5
9857823 206.5 33.5 21 5
9857824 206.5 33.5 21.5 5
9857870 206.5 34 21 5
9857871 206.5 34 21.5 5
9857917 206.5 34.5 21 5
9857918 206.5 34.5 21.5 5
9872910 207 28.5 21 5
9872911 207 28.5 21.5 5
9872957 207 29 21 5
9872958 207 29 21.5 5
9873004 207 29.5 21 5
9873005 207 29.5 21.5 5
9873051 207 30 21 5
9873052 207 30 21.5 5
9873098 207 30.5 21 5
9873099 207 30.5 21.5 5
9873145 207 31 21 5
9873146 207 31 21.5 5
9873192 207 31.5 21 5
9873193 207 31.5 21.5 5
9873239 207 32 21 5
9873240 207 32 21.5 5
9873286 207 32.5 21 5
9873287 207 32.5 21.5 5
9873333 207 33 21 5
9873334 207 33 21.5 5
9873380 207 33.5 21 5
9873381 207 33.5 21.5 5
9873427 207 34 21 5
9873428 207 34 21.5 5
9873474 207 34.5 21 5
9873475 207 34.5 21.5 5
9888467 207.5 28.5 21 5
9888468 207.5 28.5 21.5 5
9888514 207.5 29 21 5
9888515 207.5 29 21.5 5
9888561 207.5 29.5 21 5
9888562 207.5 29.5 21.5 5
9888608 207.5 30 21 5
9888609 207.5 30 21.5 5
9888655 207.5 30.5 21 5
9888656 207.5 30.5 21.5 5
9888702 207.5 31 21 5
9888703 207.5 31 21.5 5
9888749 207.5 31.5 21 5
9888750 207.5 31.5 21.5 5
9888796 207.5 32 21 5
9888797 207.5 32 21.5 5
9888843 207.5 32.5 21 5
9888844 207.5 32.5 21.5 5
9888890 207.5 33 21 5
9888891 207.5 33 21.5 5
9888937 207.5 33.5 21 5
9888938 207.5 33.5 21.5 5
9888984 207.5 34 21 5
9888985 207.5 34 21.5 5
9889031 207.5 34.5 21 5
9889032 207.5 34.5 21.5 5
9904024 208 28.5 21 5
9904025 208 28.5 21.5 5
9904071 208 29 21 5
9904072 208 29 21.5 5
9904118 208 29.5 21 5
9904119 208 29.5 21.5 5
9904165 208 30 21 5
9904166 208 30 21.5 5
9904212 208 30.5 21 5
9904213 208 30.5 21.5 5
9904259 208 31 21 5
9904260 208 31 21.5 5
9904306 208 31.5 21 5
9904307 208 31.5 21.5 5
9904353 208 32 21 5
9904354 208 32 21.5 5
9904400 208 32.5 21 5
9904401 208 32.5 21.5 5
9904447 208 33 21 5
9904448 208 33 21.5 5
9904494 208 33.5 21 5
9904495 208 33.5 21.5 5
9904541 208 34 21 5
9904542 208 34 21.5 5
9904588 208 34.5 21 5
9904589 208 34.5 21.5 5
9919581 208.5 28.5 21 5
9919582 208.5 28.5 21.5 5
9919628 208.5 29 21 5
9919629 208.5 29 21.5 5
9919675 208.5 29.5 21 5
9919676 208.5 29.5 21.5 5
9919722 208.5 30 21 5
9919723 208.5 30 21.5 5
9919769 208.5 30.5 21 5
9919770 208.5 30.5 21.5 5
9919816 208.5 31 21 5
9919817 208.5 31 21.5 5
9919863 208.5 31.5 21 5
9919864 208.5 31.5 21.5 5
9919910 208.5 32 21 5
9919911 208.5 32 21.5 5
9919957 208.5 32.5 21 5
9919958 208.5 32.5 21.5 5
9920004 208.5 33 21 5
9920005 208.5 33 21.5 5
9920051 208.5 33.5 21 5
9920052 208.5 33.5 21.5 5
9920098 208.5 34 21 5
9920099 208.5 34 21.5 5
9920145 208.5 34.5 21 5
9920146 208.5 34.5 21.5 5
9935138 209 28.5 21 5
9935139 209 28.5 21.5 5
9935185 209 29 21 5
9935186 209 29 21.5 5
9935232 209 29.5 21 5
9935233 209 29.5 21.5 5
9935279 209 30 21 5
9935280 209 30 21.5 5
9935326 209 30.5 21 5
9935327 209 30.5 21.5 5
9935373 209 31 21 5
9935374 209 31 21.5 5
9935420 209 31.5 21 5
9935421 209 31.5 21.5 5
9935467 209 32 21 5
9935468 209 32 21.5 5
9935514 209 32.5 21 5
9935515 209 32.5 21.5 5
9935561 209 33 21 5
9935562 209 33 21.5 5
9935608 209 33.5 21 5
9935609 209 33.5 21.5 5
9935655 209 34 21 5
9935656 209 34 21.5 5
9935702 209 34.5 21 5
9935703 209 34.5 21.5 5
9950695 209.5 28.5 21 5
9950696 209.5 28.5 21.5 5
9950742 209.5 29 21 5
9950743 209.5 29 21.5 5
9950789 209.5 29.5 21 5
9950790 209.5 29.5 21.5 5
9950836 209.5 30 21 5
9950837 209.5 30 21.5 5
9950883 209.5 30.5 21 5
9950884 209.5 30.5 21.5 5
9950930 209.5 31 21 5
9950931 209.5 31 21.5 5
9950977 209.5 31.5 21 5
9950978 209.5 31.5 21.5 5
9951024 209.5 32 21 5
9951025 209.5 32 21.5 5
9951071 209.5 32.5 21 5
9951072 209.5 32.5 21.5 5
9951118 209.5 33 21 5
9951119 209.5 33 21.5 5
9951165 209.5 33.5 21 5
9951166 209.5 33.5 21.5 5
9951212 209.5 34 21 5
9951213 209.5 34 21.5 5
9951259 209.5 34.5 21 5
9951260 209.5 34.5 21.5 5
9966252 210 28.5 21 5
9966253 210 28.5 21.5 5
9966299 210 29 21 5
9966300 210 29 21.5 5
9966346 210 29.5 21 5
9966347 210 29.5 21.5 5
9966393 210 30 21 5
9966394 210 30 21.5 5
9966440 210 30.5 21 5
9966441 210 30.5 21.5 5
9966487 210 31 21 5
9966488 210 31 21.5 5
9966534 210 31.5 21 5
9966535 210 31.5 21.5 5
9966581 210 32 21 5
9966582 210 32 21.5 5
9966628 210 32.5 21 5
9966629 210 32.5 21.5 5
9966675 210 33 21 5
9966676 210 33 21.5 5
9966722 210 33.5 21 5
9966723 210 33.5 21.5 5
9966769 210 34 21 5
9966770 210 34 21.5 5
9966816 210 34.5 21 5
9966817 210 34.5 21.5 5
9981809 210.5 28.5 21 5
9981810 210.5 28.5 21.5 5
9981856 210.5 29 21 5
9981857 210.5 29 21.5 5
9981903 210.5 29.5 21 5
9981904 210.5 29.5 21.5 5
9981950 210.5 30 21 5
9981951 210.5 30 21.5 5
9981997 210.5 30.5 21 5
9981998 210.5 30.5 21.5 5
9982044 210.5 31 21 5
9982045 210.5 31 21.5 5
9982091 210.5 31.5 21 5
9982092 210.5 31.5 21.5 5
9982138 210.5 32 21 5
9982139 210.5 32 21.5 5
9982185 210.5 32.5 21 5
9982186 210.5 32.5 21.5 5
9982232 210.5 33 21 5
9982233 210.5 33 21.5 5
9982279 210.5 33.5 21 5
9982280 210.5 33.5 21.5 5
9982326 210.5 34 21 5
9982327 210.5 34 21.5 5
9982373 210.5 34.5 21 5
9982374 210.5 34.5 21.5 5
9997366 211 28.5 21 5
9997367 211 28.5 21.5 5
9997413 211 29 21 5
9997414 211 29 21.5 5
9997460 211 29.5 21 5
9997461 211 29.5 21.5 5
9997507 211 30 21 5
9997508 211 30 21.5 5
9997554 211 30.5 21 5
9997555 211 30.5 21.5 5
9997601 211 31 21 5
9997602 211 31 21.5 5
9997648 211 31.5 21 5
9997649 211 31.5 21.5 5
9997695 211 32 21 5
9997696 211 32 21.5 5
9997742 211 32.5 21 5
9997743 211 32.5 21.5 5
9997789 211 33 21 5
9997790 211 33 21.5 5
9997836 211 33.5 21 5
9997837 211 33.5 21.5 5
9997883 211 34 21 5
9997884 211 34 21.5 5
9997930 211 34.5 21 5
9997931 211 34.5 21.5 5
10012923 211.5 28.5 21 5
10012924 211.5 28.5 21.5 5
10012970 211.5 29 21 5
10012971 211.5 29 21.5 5
10013017 211.5 29.5 21 5
10013018 211.5 29.5 21.5 5
10013064 211.5 30 21 5
10013065 211.5 30 21.5 5
10013111 211.5 30.5 21 5
10013112 211.5 30.5 21.5 5
10013158 211.5 31 21 5
10013159 211.5 31 21.5 5
10013205 211.5 31.5 21 5
10013206 211.5 31.5 21.5 5
10013252 211.5 32 21 5
10013253 211.5 32 21.5 5
10013299 211.5 32.5 21 5
10013300 211.5 32.5 21.5 5
10013346 211.5 33 21 5
10013347 211.5 33 21.5 5
10013393 211.5 33.5 21 5
10013394 211.5 33.5 21.5 5
10013440 211.5 34 21 5
10013441 211.5 34 21.5 5
10013487 211.5 34.5 21 5
10013488 211.5 34.5 21.5 5
10028480 212 28.5 21 5
10028481 212 28.5 21.5 5
10028527 212 29 21 5
10028528 212 29 21.5 5
10028574 212 29.5 21 5
10028575 212 29.5 21.5 5
10028621 212 30 21 5
10028622 212 30 21.5 5
10028668 212 30.5 21 5
10028669 212 30.5 21.5 5
10028715 212 31 21 5
10028716 212 31 21.5 5
10028762 212 31.5 21 5
10028763 212 31.5 21.5 5
10028809 212 32 21 5
10028810 212 32 21.5 5
10028856 212 32.5 21 5
10028857 212 32.5 21.5 5
10028903 212 33 21 5
10028904 212 33 21.5 5
10028950 212 33.5 21 5
10028951 212 33.5 21.5 5
10028997 212 34 21 5
10028998 212 34 21.5 5
10029044 212 34.5 21 5
10029045 212 34.5 21.5 5
10044037 212.5 28.5 21 5
10044038 212.5 28.5 21.5 5
10044084 212.5 29 21 5
10044085 212.5 29 21.5 5
10044131 212.5 29.5 21 5
10044132 212.5 29.5 21.5 5
10044178 212.5 30 21 5
10044179 212.5 30 21.5 5
10044225 212.5 30.5 21 5
10044226 212.5 30.5 21.5 5
10044272 212.5 31 21 5
10044273 212.5 31 21.5 5
10044319 212.5 31.5 21 5
10044320 212.5 31.5 21.5 5
10044366 212.5 32 21 5
10044367 212.5 32 21.5 5
10044413 212.5 32.5 21 5
10044414 212.5 32.5 21.5 5
10044460 212.5 33 21 5
10044461 212.5 33 21.5 5
10044507 212.5 33.5 21 5
10044508 212.5 33.5 21.5 5
10044554 212.5 34 21 5
10044555 212.5 34 21.5 5
10044601 212.5 34.5 21 5
10044602 212.5 34.5 21.5 5
10059594 213 28.5 21 5
10059595 213 28.5 21.5 5
10059641 213 29 21 5
10059642 213 29 21.5 5
10059688 213 29.5 21 5
10059689 213 29.5 21.5 5
10059735 213 30 21 5
10059736 213 30 21.5 5
10059782 213 30.5 21 5
10059783 213 30.5 21.5 5
10059829 213 31 21 5
10059830 213 31 21.5 5
10059876 213 31.5 21 5
10059877 213 31.5 21.5 5
10059923 213 32 21 5
10059924 213 32 21.5 5
10059970 213 32.5 21 5
10059971 213 32.5 21.5 5
10060017 213 33 21 5
10060018 213 33 21.5 5
10060064 213 33.5 21 5
10060065 213 33.5 21.5 5
10060111 213 34 21 5
10060112 213 34 21.5 5
10060158 213 34.5 21 5
10060159 213 34.5 21.5 5
10075151 213.5 28.5 21 5
10075152 213.5 28.5 21.5 5
10075198 213.5 29 21 5
10075199 213.5 29 21.5 5
10075245 213.5 29.5 21 5
10075246 213.5 29.5 21.5 5
10075292 213.5 30 21 5
10075293 213.5 30 21.5 5
10075339 213.5 30.5 21 5
10075340 213.5 30.5 21.5 5
10075386 213.5 31 21 5
10075387 213.5 31 21.5 5
10075433 213.5 31.5 21 5
10075434 213.5 31.5 21.5 5
10075480 213.5 32 21 5
10075481 213.5 32 21.5 5
10075527 213.5 32.5 21 5
10075528 213.5 32.5 21.5 5
10075574 213.5 33 21 5
10075575 213.5 33 21.5 5
10075621 213.5 33.5 21 5
10075622 213.5 33.5 21.5 5
10075668 213.5 34 21 5
10075669 213.5 34 21.5 5
10075715 213.5 34.5 21 5
10075716 213.5 34.5 21.5 5
10090708 214 28.5 21 5
10090709 214 28.5 21.5 5
10090755 214 29 21 5
10090756 214 29 21.5 5
10090802 214 29.5 21 5
10090803 214 29.5 21.5 5
10090849 214 30 21 5
10090850 214 30 21.5 5
10090896 214 30.5 21 5
10090897 214 30.5 21.5 5
10090943 214 31 21 5
10090944 214 31 21.5 5
10090990 214 31.5 21 5
10090991 214 31.5 21.5 5
10091037 214 32 21 5
10091038 214 32 21.5 5
10091084 214 32.5 21 5
10091085 214 32.5 21.5 5
10091131 214 33 21 5
10091132 214 33 21.5 5
10091178 214 33.5 21 5
10091179 214 33.5 21.5 5
10091225 214 34 21 5
10091226 214 34 21.5 5
10091272 214 34.5 21 5
10091273 214 34.5 21.5 5
10106265 214.5 28.5 21 5
10106266 214.5 28.5 21.5 5
10106312 214.5 29 21 5
10106313 214.5 29 21.5 5
10106359 214.5 29.5 21 5
10106360 214.5 29.5 21.5 5
10106406 214.5 30 21 5
10106407 214.5 30 21.5 5
10106453 214.5 30.5 21 5
10106454 214.5 30.5 21.5 5
10106500 214.5 31 21 5
10106501 214.5 31 21.5 5
10106547 214.5 31.5 21 5
10106548 214.5 31.5 21.5 5
10106594 214.5 32 21 5
10106595 214.5 32 21.5 5
10106641 214.5 32.5 21 5
10106642 214.5 32.5 21.5 5
10106688 214.5 33 21 5
10106689 214.5 33 21.5 5
10106735 214.5 33.5 21 5
10106736 214.5 33.5 21.5 5
10106782 214.5 34 21 5
10106783 214.5 34 21.5 5
10106829 214.5 34.5 21 5
10106830 214.5 34.5 21.5 5
10121822 215 28.5 21 5
10121823 215 28.5 21.5 5
10121869 215 29 21 5
10121870 215 29 21.5 5
10121916 215 29.5 21 5
10121917 215 29.5 21.5 5
10121963 215 30 21 5
10121964 215 30 21.5 5
10122010 215 30.5 21 5
10122011 215 30.5 21.5 5
10122057 215 31 21 5
10122058 215 31 21.5 5
10122104 215 31.5 21 5
10122105 215 31.5 21.5 5
10122151 215 32 21 5
10122152 215 32 21.5 5
10122198 215 32.5 21 5
10122199 215 32.5 21.5 5
10122245 215 33 21 5
10122246 215 33 21.5 5
10122292 215 33.5 21 5
10122293 215 33.5 21.5 5
10122339 215 34 21 5
10122340 215 34 21.5 5
10122386 215 34.5 21 5
10122387 215 34.5 21.5 5
10137379 215.5 28.5 21 5
10137380 215.5 28.5 21.5 5
10137426 215.5 29 21 5
10137427 215.5 29 21.5 5
10137473 215.5 29.5 21 5
10137474 215.5 29.5 21.5 5
10137520 215.5 30 21 5
10137521 215.5 30 21.5 5
10137567 215.5 30.5 21 5
10137568 215.5 30.5 21.5 5
10137614 215.5 31 21 5
10137615 215.5 31 21.5 5
10137661 215.5 31.5 21 5
10137662 215.5 31.5 21.5 5
10137708 215.5 32 21 5
10137709 215.5 32 21.5 5
10137755 215.5 32.5 21 5
10137756 215.5 32.5 21.5 5
10137802 215.5 33 21 5
10137803 215.5 33 21.5 5
10137849 215.5 33.5 21 5
10137850 215.5 33.5 21.5 5
10137896 215.5 34 21 5
10137897 215.5 34 21.5 5
10137943 215.5 34.5 21 5
10137944 215.5 34.5 21.5 5
10152936 216 28.5 21 5
10152937 216 28.5 21.5 5
10152983 216 29 21 5
10152984 216 29 21.5 5
10153030 216 29.5 21 5
10153031 216 29.5 21.5 5
10153077 216 30 21 5
10153078 216 30 21.5 5
10153124 216 30.5 21 5
10153125 216 30.5 21.5 5
10153171 216 31 21 5
10153172 216 31 21.5 5
10153218 216 31.5 21 5
10153219 216 31.5 21.5 5
10153265 216 32 21 5
10153266 216 32 21.5 5
10153312 216 32.5 21 5
10153313 216 32.5 21.5 5
10153359 216 33 21 5
10153360 216 33 21.5 5
10153406 216 33.5 21 5
10153407 216 33.5 21.5 5
10153453 216 34 21 5
10153454 216 34 21.5 5
10153500 216 34.5 21 5
10153501 216 34.5 21.5 5
10168493 216.5 28.5 21 5
10168494 216.5 28.5 21.5 5
10168540 216.5 29 21 5
10168541 216.5 29 21.5 5
10168587 216.5 29.5 21 5
10168588 216.5 29.5 21.5 5
10168634 216.5 30 21 5
10168635 216.5 30 21.5 5
10168681 216.5 30.5 21 5
10168682 216.5 30.5 21.5 5
10168728 216.5 31 21 5
10168729 216.5 31 21.5 5
10168775 216.5 31.5 21 5
10168776 216.5 31.5 21.5 5
10168822 216.5 32 21 5
10168823 216.5 32 21.5 5
10168869 216.5 32.5 21 5
10168870 216.5 32.5 21.5 5
10168916 216.5 33 21 5
10168917 216.5 33 21.5 5
10168963 216.5 33.5 21 5
10168964 216.5 33.5 21.5 5
10169010 216.5 34 21 5
10169011 216.5 34 21.5 5
10169057 216.5 34.5 21 5
10169058 216.5 34.5 21.5 5
10184050 217 28.5 21 5
10184051 217 28.5 21.5 5
10184097 217 29 21 5
10184098 217 29 21.5 5
10184144 217 29.5 21 5
10184145 217 29.5 21.5 5
10184191 217 30 21 5
10184192 217 30 21.5 5
10184238 217 30.5 21 5
10184239 217 30.5 21.5 5
10184285 217 31 21 5
10184286 217 31 21.5 5
10184332 217 31.5 21 5
10184333 217 31.5 21.5 5
10184379 217 32 21 5
10184380 217 32 21.5 5
10184426 217 32.5 21 5
10184427 217 32.5 21.5 5
10184473 217 33 21 5
10184474 217 33 21.5 5
10184520 217 33.5 21 5
10184521 217 33.5 21.5 5
10184567 217 34 21 5
10184568 217 34 21.5 5
10184614 217 34.5 21 5
10184615 217 34.5 21.5 5
10199607 217.5 28.5 21 5
10199608 217.5 28.5 21.5 5
10199654 217.5 29 21 5
10199655 217.5 29 21.5 5
10199701 217.5 29.5 21 5
10199702 217.5 29.5 21.5 5
10199748 217.5 30 21 5
10199749 217.5 30 21.5 5
10199795 217.5 30.5 21 5
10199796 217.5 30.5 21.5 5
10199842 217.5 31 21 5
10199843 217.5 31 21.5 5
10199889 217.5 31.5 21 5
10199890 217.5 31.5 21.5 5
10199936 217.5 32 21 5
10199937 217.5 32 21.5 5
10199983 217.5 32.5 21 5
10199984 217.5 32.5 21.5 5
10200030 217.5 33 21 5
10200031 217.5 33 21.5 5
10200077 217.5 33.5 21 5
10200078 217.5 33.5 21.5 5
10200124 217.5 34 21 5
10200125 217.5 34 21.5 5
10200171 217.5 34.5 21 5
10200172 217.5 34.5 21.5 5
10215164 218 28.5 21 5
10215165 218 28.5 21.5 5
10215211 218 29 21 5
10215212 218 29 21.5 5
10215258 218 29.5 21 5
10215259 218 29.5 21.5 5
10215305 218 30 21 5
10215306 218 30 21.5 5
10215352 218 30.5 21 5
10215353 218 30.5 21.5 5
10215399 218 31 21 5
10215400 218 31 21.5 5
10215446 218 31.5 21 5
10215447 218 31.5 21.5 5
10215493 218 32 21 5
10215494 218 32 21.5 5
10215540 218 32.5 21 5
10215541 218 32.5 21.5 5
10215587 218 33 21 5
10215588 218 33 21.5 5
10215634 218 33.5 21 5
10215635 218 33.5 21.5 5
10215681 218 34 21 5
10215682 218 34 21.5 5
10215728 218 34.5 21 5
10215729 218 34.5 21.5 5
10230721 218.5 28.5 21 5
10230722 218.5 28.5 21.5 5
10230768 218.5 29 21 5
10230769 218.5 29 21.5 5
10230815 218.5 29.5 21 5
10230816 218.5 29.5 21.5 5
10230862 218.5 30 21 5
10230863 218.5 30 21.5 5
10230909 218.5 30.5 21 5
10230910 218.5 30.5 21.5 5
10230956 218.5 31 21 5
10230957 218.5 31 21.5 5
10231003 218.5 31.5 21 5
10231004 218.5 31.5 21.5 5
10231050 218.5 32 21 5
10231051 218.5 32 21.5 5
10231097 218.5 32.5 21 5
10231098 218.5 32.5 21.5 5
10231144 218.5 33 21 5
10231145 218.5 33 21.5 5
10231191 218.5 33.5 21 5
10231192 218.5 33.5 21.5 5
10231238 218.5 34 21 5
10231239 218.5 34 21.5 5
10231285 218.5 34.5 21 5
10231286 218.5 34.5 21.5 5
10246278 219 28.5 21 5
10246279 219 28.5 21.5 5
10246325 219 29 21 5
10246326 219 29 21.5 5
10246372 219 29.5 21 5
10246373 219 29.5 21.5 5
10246419 219 30 21 5
10246420 219 30 21.5 5
10246466 219 30.5 21 5
10246467 219 30.5 21.5 5
10246513 219 31 21 5
10246514 219 31 21.5 5
10246560 219 31.5 21 5
10246561 219 31.5 21.5 5
10246607 219 32 21 5
10246608 219 32 21.5 5
10246654 219 32.5 21 5
10246655 219 32.5 21.5 5
10246701 219 33 21 5
10246702 219 33 21.5 5
10246748 219 33.5 21 5
10246749 219 33.5 21.5 5
10246795 219 34 21 5
10246796 219 34 21.5 5
10246842 219 34.5 21 5
10246843 219 34.5 21.5 5
10261835 219.5 28.5 21 5
10261836 219.5 28.5 21.5 5
10261882 219.5 29 21 5
10261883 219.5 29 21.5 5
10261929 219.5 29.5 21 5
10261930 219.5 29.5 21.5 5
10261976 219.5 30 21 5
10261977 219.5 30 21.5 5
10262023 219.5 30.5 21 5
10262024 219.5 30.5 21.5 5
10262070 219.5 31 21 5
10262071 219.5 31 21.5 5
10262117 219.5 31.5 21 5
10262118 219.5 31.5 21.5 5
10262164 219.5 32 21 5
10262165 219.5 32 21.5 5
10262211 219.5 32.5 21 5
10262212 219.5 32.5 21.5 5
10262258 219.5 33 21 5
10262259 219.5 33 21.5 5
10262305 219.5 33.5 21 5
10262306 219.5 33.5 21.5 5
10262352 219.5 34 21 5
10262353 219.5 34 21.5 5
10262399 219.5 34.5 21 5
10262400 219.5 34.5 21.5 5
10277392 220 28.5 21 5
10277393 220 28.5 21.5 5
10277439 220 29 21 5
10277440 220 29 21.5 5
10277486 220 29.5 21 5
10277487 220 29.5 21.5 5
10277533 220 30 21 5
10277534 220 30 21.5 5
10277580 220 30.5 21 5
10277581 220 30.5 21.5 5
10277627 220 31 21 5
10277628 220 31 21.5 5
10277674 220 31.5 21 5
10277675 220 31.5 21.5 5
10277721 220 32 21 5
10277722 220 32 21.5 5
10277768 220 32.5 21 5
10277769 220 32.5 21.5 5
10277815 220 33 21 5
10277816 220 33 21.5 5
10277862 220 33.5 21 5
10277863 220 33.5 21.5 5
10277909 220 34 21 5
10277910 220 34 21.5 5
10277956 220 34.5 21 5
10277957 220 34.5 21.5 5
10292949 220.5 28.5 21 5
10292950 220.5 28.5 21.5 5
10292996 220.5 29 21 5
10292997 220.5 29 21.5 5
10293043 220.5 29.5 21 5
10293044 220.5 29.5 21.5 5
10293090 220.5 30 21 5
10293091 220.5 30 21.5 5
10293137 220.5 30.5 21 5
10293138 220.5 30.5 21.5 5
10293184 220.5 31 21 5
10293185 220.5 31 21.5 5
10293231 220.5 31.5 21 5
10293232 220.5 31.5 21.5 5
10293278 220.5 32 21 5
10293279 220.5 32 21.5 5
10293325 220.5 32.5 21 5
10293326 220.5 32.5 21.5 5
10293372 220.5 33 21 5
10293373 220.5 33 21.5 5
10293419 220.5 33.5 21 5
10293420 220.5 33.5 21.5 5
10293466 220.5 34 21 5
10293467 220.5 34 21.5 5
10293513 220.5 34.5 21 5
10293514 220.5 34.5 21.5 5
10308506 221 28.5 21 5
10308507 221 28.5 21.5 5
10308553 221 29 21 5
10308554 221 29 21.5 5
10308600 221 29.5 21 5
10308601 221 29.5 21.5 5
10308647 221 30 21 5
10308648 221 30 21.5 5
10308694 221 30.5 21 5
10308695 221 30.5 21.5 5
10308741 221 31 21 5
10308742 221 31 21.5 5
10308788 221 31.5 21 5
10308789 221 31.5 21.5 5
10308835 221 32 21 5
10308836 221 32 21.5 5
10308882 221 32.5 21 5
10308883 221 32.5 21.5 5
10308929 221 33 21 5
10308930 221 33 21.5 5
10308976 221 33.5 21 5
10308977 221 33.5 21.5 5
10309023 221 34 21 5
10309024 221 34 21.5 5
10309070 221 34.5 21 5
10309071 221 34.5 21.5 5
10324063 221.5 28.5 21 5
10324064 221.5 28.5 21.5 5
10324110 221.5 29 21 5
10324111 221.5 29 21.5 5
10324157 221.5 29.5 21 5
10324158 221.5 29.5 21.5 5
10324204 221.5 30 21 5
10324205 221.5 30 21.5 5
10324251 221.5 30.5 21 5
10324252 221.5 30.5 21.5 5
10324298 221.5 31 21 5
10324299 221.5 31 21.5 5
10324345 221.5 31.5 21 5
10324346 221.5 31.5 21.5 5
10324392 221.5 32 21 5
10324393 221.5 32 21.5 5
10324439 221.5 32.5 21 5
10324440 221.5 32.5 21.5 5
10324486 221.5 33 21 5
10324487 221.5 33 21.5 5
10324533 221.5 33.5 21 5
10324534 221.5 33.5 21.5 5
10324580 221.5 34 21 5
10324581 221.5 34 21.5 5
10324627 221.5 34.5 21 5
10324628 221.5 34.5 21.5 5
10339620 222 28.5 21 5
10339621 222 28.5 21.5 5
10339667 222 29 21 5
10339668 222 29 21.5 5
10339714 222 29.5 21 5
10339715 222 29.5 21.5 5
10339761 222 30 21 5
10339762 222 30 21.5 5
10339808 222 30.5 21 5
10339809 222 30.5 21.5 5
10339855 222 31 21 5
10339856 222 31 21.5 5
10339902 222 31.5 21 5
10339903 222 31.5 21.5 5
10339949 222 32 21 5
10339950 222 32 21.5 5
10339996 222 32.5 21 5
10339997 222 32.5 21.5 5
10340043 222 33 21 5
10340044 222 33 21.5 5
10340090 222 33.5 21 5
10340091 222 33.5 21.5 5
10340137 222 34 21 5
10340138 222 34 21.5 5
10340184 222 34.5 21 5
10340185 222 34.5 21.5 5
10355177 222.5 28.5 21 5
10355178 222.5 28.5 21.5 5
10355224 222.5 29 21 5
10355225 222.5 29 21.5 5
10355271 222.5 29.5 21 5
10355272 222.5 29.5 21.5 5
10355318 222.5 30 21 5
10355319 222.5 30 21.5 5
10355365 222.5 30.5 21 5
10355366 222.5 30.5 21.5 5
10355412 222.5 31 21 5
10355413 222.5 31 21.5 5
10355459 222.5 31.5 21 5
10355460 222.5 31.5 21.5 5
10355506 222.5 32 21 5
10355507 222.5 32 21.5 5
10355553 222.5 32.5 21 5
10355554 222.5 32.5 21.5 5
10355600 222.5 33 21 5
10355601 222.5 33 21.5 5
10355647 222.5 33.5 21 5
10355648 222.5 33.5 21.5 5
10355694 222.5 34 21 5
10355695 222.5 34 21.5 5
10355741 222.5 34.5 21 5
10355742 222.5 34.5 21.5 5
10370734 223 28.5 21 5
10370735 223 28.5 21.5 5
10370781 223 29 21 5
10370782 223 29 21.5 5
10370828 223 29.5 21 5
10370829 223 29.5 21.5 5
10370875 223 30 21 5
10370876 223 30 21.5 5
10370922 223 30.5 21 5
10370923 223 30.5 21.5 5
10370969 223 31 21 5
10370970 223 31 21.5 5
10371016 223 31.5 21 5
10371017 223 31.5 21.5 5
10371063 223 32 21 5
10371064 223 32 21.5 5
10371110 223 32.5 21 5
10371111 223 32.5 21.5 5
10371157 223 33 21 5
10371158 223 33 21.5 5
10371204 223 33.5 21 5
10371205 223 33.5 21.5 5
10371251 223 34 21 5
10371252 223 34 21.5 5
10371298 223 34.5 21 5
10371299 223 34.5 21.5 5
10386291 223.5 28.5 21 5
10386292 223.5 28.5 21.5 5
10386338 223.5 29 21 5
10386339 223.5 29 21.5 5
10386385 223.5 29.5 21 5
10386386 223.5 29.5 21.5 5
10386432 223.5 30 21 5
10386433 223.5 30 21.5 5
10386479 223.5 30.5 21 5
10386480 223.5 30.5 21.5 5
10386526 223.5 31 21 5
10386527 223.5 31 21.5 5
10386573 223.5 31.5 21 5
10386574 223.5 31.5 21.5 5
10386620 223.5 32 21 5
10386621 223.5 32 21.5 5
10386667 223.5 32.5 21 5
10386668 223.5 32.5 21.5 5
10386714 223.5 33 21 5
10386715 223.5 33 21.5 5
10386761 223.5 33.5 21 5
10386762 223.5 33.5 21.5 5
10386808 223.5 34 21 5
10386809 223.5 34 21.5 5
10386855 223.5 34.5 21 5
10386856 223.5 34.5 21.5 5
10401848 224 28.5 21 5
10401849 224 28.5 21.5 5
10401895 224 29 21 5
10401896 224 29 21.5 5
10401942 224 29.5 21 5
10401943 224 29.5 21.5 5
10401989 224 30 21 5
10401990 224 30 21.5 5
10402036 224 30.5 21 5
10402037 224 30.5 21.5 5
10402083 224 31 21 5
10402084 224 31 21.5 5
10402130 224 31.5 21 5
10402131 224 31.5 21.5 5
10402177 224 32 21 5
10402178 224 32 21.5 5
10402224 224 32.5 21 5
10402225 224 32.5 21.5 5
10402271 224 33 21 5
10402272 224 33 21.5 5
10402318 224 33.5 21 5
10402319 224 33.5 21.5 5
10402365 224 34 21 5
10402366 224 34 21.5 5
10402412 224 34.5 21 5
10402413 224 34.5 21.5 5
10417405 224.5 28.5 21 5
10417406 224.5 28.5 21.5 5
10417452 224.5 29 21 5
10417453 224.5 29 21.5 5
10417499 224.5 29.5 21 5
10417500 224.5 29.5 21.5 5
10417546 224.5 30 21 5
10417547 224.5 30 21.5 5
10417593 224.5 30.5 21 5
10417594 224.5 30.5 21.5 5
10417640 224.5 31 21 5
10417641 224.5 31 21.5 5
10417687 224.5 31.5 21 5
10417688 224.5 31.5 21.5 5
10417734 224.5 32 21 5
10417735 224.5 32 21.5 5
10417781 224.5 32.5 21 5
10417782 224.5 32.5 21.5 5
10417828 224.5 33 21 5
10417829 224.5 33 21.5 5
10417875 224.5 33.5 21 5
10417876 224.5 33.5 21.5 5
10417922 224.5 34 21 5
10417923 224.5 34 21.5 5
10417969 224.5 34.5 21 5
10417970 224.5 34.5 21.5 5
10432962 225 28.5 21 5
10432963 225 28.5 21.5 5
10433009 225 29 21 5
10433010 225 29 21.5 5
10433056 225 29.5 21 5
10433057 225 29.5 21.5 5
10433103 225 30 21 5
10433104 225 30 21.5 5
10433150 225 30.5 21 5
10433151 225 30.5 21.5 5
10433197 225 31 21 5
10433198 225 31 21.5 5
10433244 225 31.5 21 5
10433245 225 31.5 21.5 5
10433291 225 32 21 5
10433292 225 32 21.5 5
10433338 225 32.5 21 5
10433339 225 32.5 21.5 5
10433385 225 33 21 5
10433386 225 33 21.5 5
10433432 225 33.5 21 5
10433433 225 33.5 21.5 5
10433479 225 34 21 5
10433480 225 34 21.5 5
10433526 225 34.5 21 5
10433527 225 34.5 21.5 5
10448519 225.5 28.5 21 5
10448520 225.5 28.5 21.5 5
10448566 225.5 29 21 5
10448567 225.5 29 21.5 5
10448613 225.5 29.5 21 5
10448614 225.5 29.5 21.5 5
10448660 225.5 30 21 5
10448661 225.5 30 21.5 5
10448707 225.5 30.5 21 5
10448708 225.5 30.5 21.5 5
10448754 225.5 31 21 5
10448755 225.5 31 21.5 5
10448801 225.5 31.5 21 5
10448802 225.5 31.5 21.5 5
10448848 225.5 32 21 5
10448849 225.5 32 21.5 5
10448895 225.5 32.5 21 5
10448896 225.5 32.5 21.5 5
10448942 225.5 33 21 5
10448943 225.5 33 21.5 5
10448989 225.5 33.5 21 5
10448990 225.5 33.5 21.5 5
10449036 225.5 34 21 5
10449037 225.5 34 21.5 5
10449083 225.5 34.5 21 5
10449084 225.5 34.5 21.5 5
10464076 226 28.5 21 5
10464077 226 28.5 21.5 5
10464123 226 29 21 5
10464124 226 29 21.5 5
10464170 226 29.5 21 5
10464171 226 29.5 21.5 5
10464217 226 30 21 5
10464218 226 30 21.5 5
10464264 226 30.5 21 5
10464265 226 30.5 21.5 5
10464311 226 31 21 5
10464312 226 31 21.5 5
10464358 226 31.5 21 5
10464359 226 31.5 21.5 5
10464405 226 32 21 5
10464406 226 32 21.5 5
10464452 226 32.5 21 5
10464453 226 32.5 21.5 5
10464499 226 33 21 5
10464500 226 33 21.5 5
10464546 226 33.5 21 5
10464547 226 33.5 21.5 5
10464593 226 34 21 5
10464594 226 34 21.5 5
10464640 226 34.5 21 5
10464641 226 34.5 21.5 5
10479633 226.5 28.5 21 5
10479634 226.5 28.5 21.5 5
10479680 226.5 29 21 5
10479681 226.5 29 21.5 5
10479727 226.5 29.5 21 5
10479728 226.5 29.5 21.5 5
10479774 226.5 30 21 5
10479775 226.5 30 21.5 5
10479821 226.5 30.5 21 5
10479822 226.5 30.5 21.5 5
10479868 226.5 31 21 5
10479869 226.5 31 21.5 5
10479915 226.5 31.5 21 5
10479916 226.5 31.5 21.5 5
10479962 226.5 32 21 5
10479963 226.5 32 21.5 5
10480009 226.5 32.5 21 5
10480010 226.5 32.5 21.5 5
10480056 226.5 33 21 5
10480057 226.5 33 21.5 5
10480103 226.5 33.5 21 5
10480104 226.5 33.5 21.5 5
10480150 226.5 34 21 5
10480151 226.5 34 21.5 5
10480197 226.5 34.5 21 5
10480198 226.5 34.5 21.5 5
10495190 227 28.5 21 5
10495191 227 28.5 21.5 5
10495237 227 29 21 5
10495238 227 29 21.5 5
10495284 227 29.5 21 5
10495285 227 29.5 21.5 5
10495331 227 30 21 5
10495332 227 30 21.5 5
10495378 227 30.5 21 5
10495379 227 30.5 21.5 5
10495425 227 31 21 5
10495426 227 31 21.5 5
10495472 227 31.5 21 5
10495473 227 31.5 21.5 5
10495519 227 32 21 5
10495520 227 32 21.5 5
10495566 227 32.5 21 5
10495567 227 32.5 21.5 5
10495613 227 33 21 5
10495614 227 33 21.5 5
10495660 227 33.5 21 5
10495661 227 33.5 21.5 5
10495707 227 34 21 5
10495708 227 34 21.5 5
10495754 227 34.5 21 5
10495755 227 34.5 21.5 5
10510747 227.5 28.5 21 5
10510748 227.5 28.5 21.5 5
10510794 227.5 29 21 5
10510795 227.5 29 21.5 5
10510841 227.5 29.5 21 5
10510842 227.5 29.5 21.5 5
10510888 227.5 30 21 5
10510889 227.5 30 21.5 5
10510935 227.5 30.5 21 5
10510936 227.5 30.5 21.5 5
10510982 227.5 31 21 5
10510983 227.5 31 21.5 5
10511029 227.5 31.5 21 5
10511030 227.5 31.5 21.5 5
10511076 227.5 32 21 5
10511077 227.5 32 21.5 5
10511123 227.5 32.5 21 5
10511124 227.5 32.5 21.5 5
10511170 227.5 33 21 5
10511171 227.5 33 21.5 5
10511217 227.5 33.5 21 5
10511218 227.5 33.5 21.5 5
10511264 227.5 34 21 5
10511265 227.5 34 21.5 5
10511311 227.5 34.5 21 5
10511312 227.5 34.5 21.5 5
10526304 228 28.5 21 5
10526305 228 28.5 21.5 5
10526351 228 29 21 5
10526352 228 29 21.5 5
10526398 228 29.5 21 5
10526399 228 29.5 21.5 5
10526445 228 30 21 5
10526446 228 30 21.5 5
10526492 228 30.5 21 5
10526493 228 30.5 21.5 5
10526539 228 31 21 5
10526540 228 31 21.5 5
10526586 228 31.5 21 5
10526587 228 31.5 21.5 5
10526633 228 32 21 5
10526634 228 32 21.5 5
10526680 228 32.5 21 5
10526681 228 32.5 21.5 5
10526727 228 33 21 5
10526728 228 33 21.5 5
10526774 228 33.5 21 5
10526775 228 33.5 21.5 5
10526821 228 34 21 5
10526822 228 34 21.5 5
10526868 228 34.5 21 5
10526869 228 34.5 21.5 5
10541861 228.5 28.5 21 5
10541862 228.5 28.5 21.5 5
10541908 228.5 29 21 5
10541909 228.5 29 21.5 5
10541955 228.5 29.5 21 5
10541956 228.5 29.5 21.5 5
10542002 228.5 30 21 5
10542003 228.5 30 21.5 5
10542049 228.5 30.5 21 5
10542050 228.5 30.5 21.5 5
10542096 228.5 31 21 5
10542097 228.5 31 21.5 5
10542143 228.5 31.5 21 5
10542144 228.5 31.5 21.5 5
10542190 228.5 32 21 5
10542191 228.5 32 21.5 5
10542237 228.5 32.5 21 5
10542238 228.5 32.5 21.5 5
10542284 228.5 33 21 5
10542285 228.5 33 21.5 5
10542331 228.5 33.5 21 5
10542332 228.5 33.5 21.5 5
10542378 228.5 34 21 5
10542379 228.5 34 21.5 5
10542425 228.5 34.5 21 5
10542426 228.5 34.5 21.5 5
10557418 229 28.5 21 5
10557419 229 28.5 21.5 5
10557465 229 29 21 5
10557466 229 29 21.5 5
10557512 229 29.5 21 5
10557513 229 29.5 21.5 5
10557559 229 30 21 5
10557560 229 30 21.5 5
10557606 229 30.5 21 5
10557607 229 30.5 21.5 5
10557653 229 31 21 5
10557654 229 31 21.5 5
10557700 229 31.5 21 5
10557701 229 31.5 21.5 5
10557747 229 32 21 5
10557748 229 32 21.5 5
10557794 229 32.5 21 5
10557795 229 32.5 21.5 5
10557841 229 33 21 5
10557842 229 33 21.5 5
10557888 229 33.5 21 5
10557889 229 33.5 21.5 5
10557935 229 34 21 5
10557936 229 34 21.5 5
10557982 229 34.5 21 5
10557983 229 34.5 21.5 5
10572975 229.5 28.5 21 5
10572976 229.5 28.5 21.5 5
10573022 229.5 29 21 5
10573023 229.5 29 21.5 5
10573069 229.5 29.5 21 5
10573070 229.5 29.5 21.5 5
10573116 229.5 30 21 5
10573117 229.5 30 21.5 5
10573163 229.5 30.5 21 5
10573164 229.5 30.5 21.5 5
10573210 229.5 31 21 5
10573211 229.5 31 21.5 5
10573257 229.5 31.5 21 5
10573258 229.5 31.5 21.5 5
10573304 229.5 32 21 5
10573305 229.5 32 21.5 5
10573351 229.5 32.5 21 5
10573352 229.5 32.5 21.5 5
10573398 229.5 33 21 5
10573399 229.5 33 21.5 5
10573445 229.5 33.5 21 5
10573446 229.5 33.5 21.5 5
10573492 229.5 34 21 5
10573493 229.5 34 21.5 5
10573539 229.5 34.5 21 5
10573540 229.5 34.5 21.5 5
10588532 230 28.5 21 5
10588533 230 28.5 21.5 5
10588579 230 29 21 5
10588580 230 29 21.5 5
10588626 230 29.5 21 5
10588627 230 29.5 21.5 5
10588673 230 30 21 5
10588674 230 30 21.5 5
10588720 230 30.5 21 5
10588721 230 30.5 21.5 5
10588767 230 31 21 5
10588768 230 31 21.5 5
10588814 230 31.5 21 5
10588815 230 31.5 21.5 5
10588861 230 32 21 5
10588862 230 32 21.5 5
10588908 230 32.5 21 5
10588909 230 32.5 21.5 5
10588955 230 33 21 5
10588956 230 33 21.5 5
10589002 230 33.5 21 5
10589003 230 33.5 21.5 5
10589049 230 34 21 5
10589050 230 34 21.5 5
10589096 230 34.5 21 5
10589097 230 34.5 21.5 5
10604089 230.5 28.5 21 5
10604090 230.5 28.5 21.5 5
10604136 230.5 29 21 5
10604137 230.5 29 21.5 5
10604183 230.5 29.5 21 5
10604184 230.5 29.5 21.5 5
10604230 230.5 30 21 5
10604231 230.5 30 21.5 5
10604277 230.5 30.5 21 5
10604278 230.5 30.5 21.5 5
10604324 230.5 31 21 5
10604325 230.5 31 21.5 5
10604371 230.5 31.5 21 5
10604372 230.5 31.5 21.5 5
10604418 230.5 32 21 5
10604419 230.5 32 21.5 5
10604465 230.5 32.5 21 5
10604466 230.5 32.5 21.5 5
10604512 230.5 33 21 5
10604513 230.5 33 21.5 5
10604559 230.5 33.5 21 5
10604560 230.5 33.5 21.5 5
10604606 230.5 34 21 5
10604607 230.5 34 21.5 5
10604653 230.5 34.5 21 5
10604654 230.5 34.5 21.5 5
10619646 231 28.5 21 5
10619647 231 28.5 21.5 5
10619693 231 29 21 5
10619694 231 29 21.5 5
10619740 231 29.5 21 5
10619741 231 29.5 21.5 5
10619787 231 30 21 5
10619788 231 30 21.5 5
10619834 231 30.5 21 5
10619835 231 30.5 21.5 5
10619881 231 31 21 5
10619882 231 31 21.5 5
10619928 231 31.5 21 5
10619929 231 31.5 21.5 5
10619975 231 32 21 5
10619976 231 32 21.5 5
10620022 231 32.5 21 5
10620023 231 32.5 21.5 5
10620069 231 33 21 5
10620070 231 33 21.5 5
10620116 231 33.5 21 5
10620117 231 33.5 21.5 5
10620163 231 34 21 5
10620164 231 34 21.5 5
10620210 231 34.5 21 5
10620211 231 34.5 21.5 5
10635203 231.5 28.5 21 5
10635204 231.5 28.5 21.5 5
10635250 231.5 29 21 5
10635251 231.5 29 21.5 5
10635297 231.5 29.5 21 5
10635298 231.5 29.5 21.5 5
10635344 231.5 30 21 5
10635345 231.5 30 21.5 5
10635391 231.5 30.5 21 5
10635392 231.5 30.5 21.5 5
10635438 231.5 31 21 5
10635439 231.5 31 21.5 5
10635485 231.5 31.5 21 5
10635486 231.5 31.5 21.5 5
10635532 231.5 32 21 5
10635533 231.5 32 21.5 5
10635579 231.5 32.5 21 5
10635580 231.5 32.5 21.5 5
10635626 231.5 33 21 5
10635627 231.5 33 21.5 5
10635673 231.5 33.5 21 5
10635674 231.5 33.5 21.5 5
10635720 231.5 34 21 5
10635721 231.5 34 21.5 5
10635767 231.5 34.5 21 5
10635768 231.5 34.5 21.5 5
10650760 232 28.5 21 5
10650761 232 28.5 21.5 5
10650807 232 29 21 5
10650808 232 29 21.5 5
10650854 232 29.5 21 5
10650855 232 29.5 21.5 5
10650901 232 30 21 5
10650902 232 30 21.5 5
10650948 232 30.5 21 5
10650949 232 30.5 21.5 5
10650995 232 31 21 5
10650996 232 31 21.5 5
10651042 232 31.5 21 5
10651043 232 31.5 21.5 5
10651089 232 32 21 5
10651090 232 32 21.5 5
10651136 232 32.5 21 5
10651137 232 32.5 21.5 5
10651183 232 33 21 5
10651184 232 33 21.5 5
10651230 232 33.5 21 5
10651231 232 33.5 21.5 5
10651277 232 34 21 5
10651278 232 34 21.5 5
10651324 232 34.5 21 5
10651325 232 34.5 21.5 5
10666317 232.5 28.5 21 5
10666318 232.5 28.5 21.5 5
10666364 232.5 29 21 5
10666365 232.5 29 21.5 5
10666411 232.5 29.5 21 5
10666412 232.5 29.5 21.5 5
10666458 232.5 30 21 5
10666459 232.5 30 21.5 5
10666505 232.5 30.5 21 5
10666506 232.5 30.5 21.5 5
10666552 232.5 31 21 5
10666553 232.5 31 21.5 5
10666599 232.5 31.5 21 5
10666600 232.5 31.5 21.5 5
10666646 232.5 32 21 5
10666647 232.5 32 21.5 5
10666693 232.5 32.5 21 5
10666694 232.5 32.5 21.5 5
10666740 232.5 33 21 5
10666741 232.5 33 21.5 5
10666787 232.5 33.5 21 5
10666788 232.5 33.5 21.5 5
10666834 232.5 34 21 5
10666835 232.5 34 21.5 5
10666881 232.5 34.5 21 5
10666882 232.5 34.5 21.5 5
10681874 233 28.5 21 5
10681875 233 28.5 21.5 5
10681921 233 29 21 5
10681922 233 29 21.5 5
10681968 233 29.5 21 5
10681969 233 29.5 21.5 5
10682015 233 30 21 5
10682016 233 30 21.5 5
10682062 233 30.5 21 5
10682063 233 30.5 21.5 5
10682109 233 31 21 5
10682110 233 31 21.5 5
10682156 233 31.5 21 5
10682157 233 31.5 21.5 5
10682203 233 32 21 5
10682204 233 32 21.5 5
10682250 233 32.5 21 5
10682251 233 32.5 21.5 5
10682297 233 33 21 5
10682298 233 33 21.5 5
10682344 233 33.5 21 5
10682345 233 33.5 21.5 5
10682391 233 34 21 5
10682392 233 34 21.5 5
10682438 233 34.5 21 5
10682439 233 34.5 21.5 5
10697431 233.5 28.5 21 5
10697432 233.5 28.5 21.5 5
10697478 233.5 29 21 5
10697479 233.5 29 21.5 5
10697525 233.5 29.5 21 5
10697526 233.5 29.5 21.5 5
10697572 233.5 30 21 5
10697573 233.5 30 21.5 5
10697619 233.5 30.5 21 5
10697620 233.5 30.5 21.5 5
10697666 233.5 31 21 5
10697667 233.5 31 21.5 5
10697713 233.5 31.5 21 5
10697714 233.5 31.5 21.5 5
10697760 233.5 32 21 5
10697761 233.5 32 21.5 5
10697807 233.5 32.5 21 5
10697808 233.5 32.5 21.5 5
10697854 233.5 33 21 5
10697855 233.5 33 21.5 5
10697901 233.5 33.5 21 5
10697902 233.5 33.5 21.5 5
10697948 233.5 34 21 5
10697949 233.5 34 21.5 5
10697995 233.5 34.5 21 5
10697996 233.5 34.5 21.5 5
10712988 234 28.5 21 5
10712989 234 28.5 21.5 5
10713035 234 29 21 5
10713036 234 29 21.5 5
10713082 234 29.5 21 5
10713083 234 29.5 21.5 5
10713129 234 30 21 5
10713130 234 30 21.5 5
10713176 234 30.5 21 5
10713177 234 30.5 21.5 5
10713223 234 31 21 5
10713224 234 31 21.5 5
10713270 234 31.5 21 5
10713271 234 31.5 21.5 5
10713317 234 32 21 5
10713318 234 32 21.5 5
10713364 234 32.5 21 5
10713365 234 32.5 21.5 5
10713411 234 33 21 5
10713412 234 33 21.5 5
10713458 234 33.5 21 5
10713459 234 33.5 21.5 5
10713505 234 34 21 5
10713506 234 34 21.5 5
10713552 234 34.5 21 5
10713553 234 34.5 21.5 5
10728545 234.5 28.5 21 5
10728546 234.5 28.5 21.5 5
10728592 234.5 29 21 5
10728593 234.5 29 21.5 5
10728639 234.5 29.5 21 5
10728640 234.5 29.5 21.5 5
10728686 234.5 30 21 5
10728687 234.5 30 21.5 5
10728733 234.5 30.5 21 5
10728734 234.5 30.5 21.5 5
10728780 234.5 31 21 5
10728781 234.5 31 21.5 5
10728827 234.5 31.5 21 5
10728828 234.5 31.5 21.5 5
10728874 234.5 32 21 5
10728875 234.5 32 21.5 5
10728921 234.5 32.5 21 5
10728922 234.5 32.5 21.5 5
10728968 234.5 33 21 5
10728969 234.5 33 21.5 5
10729015 234.5 33.5 21 5
10729016 234.5 33.5 21.5 5
10729062 234.5 34 21 5
10729063 234.5 34 21.5 5
10729109 234.5 34.5 21 5
10729110 234.5 34.5 21.5 5
10744102 235 28.5 21 5
10744103 235 28.5 21.5 5
10744149 235 29 21 5
10744150 235 29 21.5 5
10744196 235 29.5 21 5
10744197 235 29.5 21.5 5
10744243 235 30 21 5
10744244 235 30 21.5 5
10744290 235 30.5 21 5
10744291 235 30.5 21.5 5
10744337 235 31 21 5
10744338 235 31 21.5 5
10744384 235 31.5 21 5
10744385 235 31.5 21.5 5
10744431 235 32 21 5
10744432 235 32 21.5 5
10744478 235 32.5 21 5
10744479 235 32.5 21.5 5
10744525 235 33 21 5
10744526 235 33 21.5 5
10744572 235 33.5 21 5
10744573 235 33.5 21.5 5
10744619 235 34 21 5
10744620 235 34 21.5 5
10744666 235 34.5 21 5
10744667 235 34.5 21.5 5
10759659 235.5 28.5 21 5
10759660 235.5 28.5 21.5 5
10759706 235.5 29 21 5
10759707 235.5 29 21.5 5
10759753 235.5 29.5 21 5
10759754 235.5 29.5 21.5 5
10759800 235.5 30 21 5
10759801 235.5 30 21.5 5
10759847 235.5 30.5 21 5
10759848 235.5 30.5 21.5 5
10759894 235.5 31 21 5
10759895 235.5 31 21.5 5
10759941 235.5 31.5 21 5
10759942 235.5 31.5 21.5 5
10759988 235.5 32 21 5
10759989 235.5 32 21.5 5
10760035 235.5 32.5 21 5
10760036 235.5 32.5 21.5 5
10760082 235.5 33 21 5
10760083 235.5 33 21.5 5
10760129 235.5 33.5 21 5
10760130 235.5 33.5 21.5 5
10760176 235.5 34 21 5
10760177 235.5 34 21.5 5
10760223 235.5 34.5 21 5
10760224 235.5 34.5 21.5 5
10775216 236 28.5 21 5
10775217 236 28.5 21.5 5
10775263 236 29 21 5
10775264 236 29 21.5 5
10775310 236 29.5 21 5
10775311 236 29.5 21.5 5
10775357 236 30 21 5
10775358 236 30 21.5 5
10775404 236 30.5 21 5
10775405 236 30.5 21.5 5
10775451 236 31 21 5
10775452 236 31 21.5 5
10775498 236 31.5 21 5
10775499 236 31.5 21.5 5
10775545 236 32 21 5
10775546 236 32 21.5 5
10775592 236 32.5 21 5
10775593 236 32.5 21.5 5
10775639 236 33 21 5
10775640 236 33 21.5 5
10775686 236 33.5 21 5
10775687 236 33.5 21.5 5
10775733 236 34 21 5
10775734 236 34 21.5 5
10775780 236 34.5 21 5
10775781 236 34.5 21.5 5
10790773 236.5 28.5 21 5
10790774 236.5 28.5 21.5 5
10790820 236.5 29 21 5
10790821 236.5 29 21.5 5
10790867 236.5 29.5 21 5
10790868 236.5 29.5 21.5 5
10790914 236.5 30 21 5
10790915 236.5 30 21.5 5
10790961 236.5 30.5 21 5
10790962 236.5 30.5 21.5 5
10791008 236.5 31 21 5
10791009 236.5 31 21.5 5
10791055 236.5 31.5 21 5
10791056 236.5 31.5 21.5 5
10791102 236.5 32 21 5
10791103 236.5 32 21.5 5
10791149 236.5 32.5 21 5
10791150 236.5 32.5 21.5 5
10791196 236.5 33 21 5
10791197 236.5 33 21.5 5
10791243 236.5 33.5 21 5
10791244 236.5 33.5 21.5 5
10791290 236.5 34 21 5
10791291 236.5 34 21.5 5
10791337 236.5 34.5 21 5
10791338 236.5 34.5 21.5 5
10806330 237 28.5 21 5
10806331 237 28.5 21.5 5
10806377 237 29 21 5
10806378 237 29 21.5 5
10806424 237 29.5 21 5
10806425 237 29.5 21.5 5
10806471 237 30 21 5
10806472 237 30 21.5 5
10806518 237 30.5 21 5
10806519 237 30.5 21.5 5
10806565 237 31 21 5
10806566 237 31 21.5 5
10806612 237 31.5 21 5
10806613 237 31.5 21.5 5
10806659 237 32 21 5
10806660 237 32 21.5 5
10806706 237 32.5 21 5
10806707 237 32.5 21.5 5
10806753 237 33 21 5
10806754 237 33 21.5 5
10806800 237 33.5 21 5
10806801 237 33.5 21.5 5
10806847 237 34 21 5
10806848 237 34 21.5 5
10806894 237 34.5 21 5
10806895 237 34.5 21.5 5
10821887 237.5 28.5 21 5
10821888 237.5 28.5 21.5 5
10821934 237.5 29 21 5
10821935 237.5 29 21.5 5
10821981 237.5 29.5 21 5
10821982 237.5 29.5 21.5 5
10822028 237.5 30 21 5
10822029 237.5 30 21.5 5
10822075 237.5 30.5 21 5
10822076 237.5 30.5 21.5 5
10822122 237.5 31 21 5
10822123 237.5 31 21.5 5
10822169 237.5 31.5 21 5
10822170 237.5 31.5 21.5 5
10822216 237.5 32 21 5
10822217 237.5 32 21.5 5
10822263 237.5 32.5 21 5
10822264 237.5 32.5 21.5 5
10822310 237.5 33 21 5
10822311 237.5 33 21.5 5
10822357 237.5 33.5 21 5
10822358 237.5 33.5 21.5 5
10822404 237.5 34 21 5
10822405 237.5 34 21.5 5
10822451 237.5 34.5 21 5
10822452 237.5 34.5 21.5 5
10837444 238 28.5 21 5
10837445 238 28.5 21.5 5
10837491 238 29 21 5
10837492 238 29 21.5 5
10837538 238 29.5 21 5
10837539 238 29.5 21.5 5
10837585 238 30 21 5
10837586 238 30 21.5 5
10837632 238 30.5 21 5
10837633 238 30.5 21.5 5
10837679 238 31 21 5
10837680 238 31 21.5 5
10837726 238 31.5 21 5
10837727 238 31.5 21.5 5
10837773 238 32 21 5
10837774 238 32 21.5 5
10837820 238 32.5 21 5
10837821 238 32.5 21.5 5
10837867 238 33 21 5
10837868 238 33 21.5 5
10837914 238 33.5 21 5
10837915 238 33.5 21.5 5
10837961 238 34 21 5
10837962 238 34 21.5 5
10838008 238 34.5 21 5
10838009 238 34.5 21.5 5
10853001 238.5 28.5 21 5
10853002 238.5 28.5 21.5 5
10853048 238.5 29 21 5
10853049 238.5 29 21.5 5
10853095 238.5 29.5 21 5
10853096 238.5 29.5 21.5 5
10853142 238.5 30 21 5
10853143 238.5 30 21.5 5
10853189 238.5 30.5 21 5
10853190 238.5 30.5 21.5 5
10853236 238.5 31 21 5
10853237 238.5 31 21.5 5
10853283 238.5 31.5 21 5
10853284 238.5 31.5 21.5 5
10853330 238.5 32 21 5
10853331 238.5 32 21.5 5
10853377 238.5 32.5 21 5
10853378 238.5 32.5 21.5 5
10853424 238.5 33 21 5
10853425 238.5 33 21.5 5
10853471 238.5 33.5 21 5
10853472 238.5 33.5 21.5 5
10853518 238.5 34 21 5
10853519 238.5 34 21.5 5
10853565 238.5 34.5 21 5
10853566 238.5 34.5 21.5 5
10868558 239 28.5 21 5
10868559 239 28.5 21.5 5
10868605 239 29 21 5
10868606 239 29 21.5 5
10868652 239 29.5 21 5
10868653 239 29.5 21.5 5
10868699 239 30 21 5
10868700 239 30 21.5 5
10868746 239 30.5 21 5
10868747 239 30.5 21.5 5
10868793 239 31 21 5
10868794 239 31 21.5 5
10868840 239 31.5 21 5
10868841 239 31.5 21.5 5
10868887 239 32 21 5
10868888 239 32 21.5 5
10868934 239 32.5 21 5
10868935 239 32.5 21.5 5
10868981 239 33 21 5
10868982 239 33 21.5 5
10869028 239 33.5 21 5
10869029 239 33.5 21.5 5
10869075 239 34 21 5
10869076 239 34 21.5 5
10869122 239 34.5 21 5
10869123 239 34.5 21.5 5
10884115 239.5 28.5 21 5
10884116 239.5 28.5 21.5 5
10884162 239.5 29 21 5
10884163 239.5 29 21.5 5
10884209 239.5 29.5 21 5
10884210 239.5 29.5 21.5 5
10884256 239.5 30 21 5
10884257 239.5 30 21.5 5
10884303 239.5 30.5 21 5
10884304 239.5 30.5 21.5 5
10884350 239.5 31 21 5
10884351 239.5 31 21.5 5
10884397 239.5 31.5 21 5
10884398 239.5 31.5 21.5 5
10884444 239.5 32 21 5
10884445 239.5 32 21.5 5
10884491 239.5 32.5 21 5
10884492 239.5 32.5 21.5 5
10884538 239.5 33 21 5
10884539 239.5 33 21.5 5
10884585 239.5 33.5 21 5
10884586 239.5 33.5 21.5 5
10884632 239.5 34 21 5
10884633 239.5 34 21.5 5
10884679 239.5 34.5 21 5
10884680 239.5 34.5 21.5 5
10899672 240 28.5 21 5
10899673 240 28.5 21.5 5
10899719 240 29 21 5
10899720 240 29 21.5 5
10899766 240 29.5 21 5
10899767 240 29.5 21.5 5
10899813 240 30 21 5
10899814 240 30 21.5 5
10899860 240 30.5 21 5
10899861 240 30.5 21.5 5
10899907 240 31 21 5
10899908 240 31 21.5 5
10899954 240 31.5 21 5
10899955 240 31.5 21.5 5
10900001 240 32 21 5
10900002 240 32 21.5 5
10900048 240 32.5 21 5
10900049 240 32.5 21.5 5
10900095 240 33 21 5
10900096 240 33 21.5 5
10900142 240 33.5 21 5
10900143 240 33.5 21.5 5
10900189 240 34 21 5
10900190 240 34 21.5 5
10900236 240 34.5 21 5
10900237 240 34.5 21.5 5
10915229 240.5 28.5 21 5
10915230 240.5 28.5 21.5 5
10915276 240.5 29 21 5
10915277 240.5 29 21.5 5
10915323 240.5 29.5 21 5
10915324 240.5 29.5 21.5 5
10915370 240.5 30 21 5
10915371 240.5 30 21.5 5
10915417 240.5 30.5 21 5
10915418 240.5 30.5 21.5 5
10915464 240.5 31 21 5
10915465 240.5 31 21.5 5
10915511 240.5 31.5 21 5
10915512 240.5 31.5 21.5 5
10915558 240.5 32 21 5
10915559 240.5 32 21.5 5
10915605 240.5 32.5 21 5
10915606 240.5 32.5 21.5 5
10915652 240.5 33 21 5
10915653 240.5 33 21.5 5
10915699 240.5 33.5 21 5
10915700 240.5 33.5 21.5 5
10915746 240.5 34 21 5
10915747 240.5 34 21.5 5
10915793 240.5 34.5 21 5
10915794 240.5 34.5 21.5 5
10930786 241 28.5 21 5
10930787 241 28.5 21.5 5
10930833 241 29 21 5
10930834 241 29 21.5 5
10930880 241 29.5 21 5
10930881 241 29.5 21.5 5
10930927 241 30 21 5
10930928 241 30 21.5 5
10930974 241 30.5 21 5
10930975 241 30.5 21.5 5
10931021 241 31 21 5
10931022 241 31 21.5 5
10931068 241 31.5 21 5
10931069 241 31.5 21.5 5
10931115 241 32 21 5
10931116 241 32 21.5 5
10931162 241 32.5 21 5
10931163 241 32.5 21.5 5
10931209 241 33 21 5
10931210 241 33 21.5 5
10931256 241 33.5 21 5
10931257 241 33.5 21.5 5
10931303 241 34 21 5
10931304 241 34 21.5 5
10931350 241 34.5 21 5
10931351 241 34.5 21.5 5
10946343 241.5 28.5 21 5
10946344 241.5 28.5 21.5 5
10946390 241.5 29 21 5
10946391 241.5 29 21.5 5
10946437 241.5 29.5 21 5
10946438 241.5 29.5 21.5 5
10946484 241.5 30 21 5
10946485 241.5 30 21.5 5
10946531 241.5 30.5 21 5
10946532 241.5 30.5 21.5 5
10946578 241.5 31 21 5
10946579 241.5 31 21.5 5
10946625 241.5 31.5 21 5
10946626 241.5 31.5 21.5 5
10946672 241.5 32 21 5
10946673 241.5 32 21.5 5
10946719 241.5 32.5 21 5
10946720 241.5 32.5 21.5 5
10946766 241.5 33 21 5
10946767 241.5 33 21.5 5
10946813 241.5 33.5 21 5
10946814 241.5 33.5 21.5 5
10946860 241.5 34 21 5
10946861 241.5 34 21.5 5
10946907 241.5 34.5 21 5
10946908 241.5 34.5 21.5 5
10961900 242 28.5 21 5
10961901 242 28.5 21.5 5
10961947 242 29 21 5
10961948 242 29 21.5 5
10961994 242 29.5 21 5
10961995 242 29.5 21.5 5
10962041 242 30 21 5
10962042 242 30 21.5 5
10962088 242 30.5 21 5
10962089 242 30.5 21.5 5
10962135 242 31 21 5
10962136 242 31 21.5 5
10962182 242 31.5 21 5
10962183 242 31.5 21.5 5
10962229 242 32 21 5
10962230 242 32 21.5 5
10962276 242 32.5 21 5
10962277 242 32.5 21.5 5
10962323 242 33 21 5
10962324 242 33 21.5 5
10962370 242 33.5 21 5
10962371 242 33.5 21.5 5
10962417 242 34 21 5
10962418 242 34 21.5 5
10962464 242 34.5 21 5
10962465 242 34.5 21.5 5
10977457 242.5 28.5 21 5
10977458 242.5 28.5 21.5 5
10977504 242.5 29 21 5
10977505 242.5 29 21.5 5
10977551 242.5 29.5 21 5
10977552 242.5 29.5 21.5 5
10977598 242.5 30 21 5
10977599 242.5 30 21.5 5
10977645 242.5 30.5 21 5
10977646 242.5 30.5 21.5 5
10977692 242.5 31 21 5
10977693 242.5 31 21.5 5
10977739 242.5 31.5 21 5
10977740 242.5 31.5 21.5 5
10977786 242.5 32 21 5
10977787 242.5 32 21.5 5
10977833 242.5 32.5 21 5
10977834 242.5 32.5 21.5 5
10977880 242.5 33 21 5
10977881 242.5 33 21.5 5
10977927 242.5 33.5 21 5
10977928 242.5 33.5 21.5 5
10977974 242.5 34 21 5
10977975 242.5 34 21.5 5
10978021 242.5 34.5 21 5
10978022 242.5 34.5 21.5 5
10993014 243 28.5 21 5
10993015 243 28.5 21.5 5
10993061 243 29 21 5
10993062 243 29 21.5 5
10993108 243 29.5 21 5
10993109 243 29.5 21.5 5
10993155 243 30 21 5
10993156 243 30 21.5 5
10993202 243 30.5 21 5
10993203 243 30.5 21.5 5
10993249 243 31 21 5
10993250 243 31 21.5 5
10993296 243 31.5 21 5
10993297 243 31.5 21.5 5
10993343 243 32 21 5
10993344 243 32 21.5 5
10993390 243 32.5 21 5
10993391 243 32.5 21.5 5
10993437 243 33 21 5
10993438 243 33 21.5 5
10993484 243 33.5 21 5
10993485 243 33.5 21.5 5
10993531 243 34 21 5
10993532 243 34 21.5 5
10993578 243 34.5 21 5
10993579 243 34.5 21.5 5
11008571 243.5 28.5 21 5
11008572 243.5 28.5 21.5 5
11008618 243.5 29 21 5
11008619 243.5 29 21.5 5
11008665 243.5 29.5 21 5
11008666 243.5 29.5 21.5 5
11008712 243.5 30 21 5
11008713 243.5 30 21.5 5
11008759 243.5 30.5 21 5
11008760 243.5 30.5 21.5 5
11008806 243.5 31 21 5
11008807 243.5 31 21.5 5
11008853 243.5 31.5 21 5
11008854 243.5 31.5 21.5 5
11008900 243.5 32 21 5
11008901 243.5 32 21.5 5
11008947 243.5 32.5 21 5
11008948 243.5 32.5 21.5 5
11008994 243.5 33 21 5
11008995 243.5 33 21.5 5
11009041 243.5 33.5 21 5
11009042 243.5 33.5 21.5 5
11009088 243.5 34 21 5
11009089 243.5 34 21.5 5
11009135 243.5 34.5 21 5
11009136 243.5 34.5 21.5 5
11024128 244 28.5 21 5
11024129 244 28.5 21.5 5
11024175 244 29 21 5
11024176 244 29 21.5 5
11024222 244 29.5 21 5
11024223 244 29.5 21.5 5
11024269 244 30 21 5
11024270 244 30 21.5 5
11024316 244 30.5 21 5
11024317 244 30.5 21.5 5
11024363 244 31 21 5
11024364 244 31 21.5 5
11024410 244 31.5 21 5
11024411 244 31.5 21.5 5
11024457 244 32 21 5
11024458 244 32 21.5 5
11024504 244 32.5 21 5
11024505 244 32.5 21.5 5
11024551 244 33 21 5
11024552 244 33 21.5 5
11024598 244 33.5 21 5
11024599 244 33.5 21.5 5
11024645 244 34 21 5
11024646 244 34 21.5 5
11024692 244 34.5 21 5
11024693 244 34.5 21.5 5
11039685 244.5 28.5 21 5
11039686 244.5 28.5 21.5 5
11039732 244.5 29 21 5
11039733 244.5 29 21.5 5
11039779 244.5 29.5 21 5
11039780 244.5 29.5 21.5 5
11039826 244.5 30 21 5
11039827 244.5 30 21.5 5
11039873 244.5 30.5 21 5
11039874 244.5 30.5 21.5 5
11039920 244.5 31 21 5
11039921 244.5 31 21.5 5
11039967 244.5 31.5 21 5
11039968 244.5 31.5 21.5 5
11040014 244.5 32 21 5
11040015 244.5 32 21.5 5
11040061 244.5 32.5 21 5
11040062 244.5 32.5 21.5 5
11040108 244.5 33 21 5
11040109 244.5 33 21.5 5
11040155 244.5 33.5 21 5
11040156 244.5 33.5 21.5 5
11040202 244.5 34 21 5
11040203 244.5 34 21.5 5
11040249 244.5 34.5 21 5
11040250 244.5 34.5 21.5 5
11055242 245 28.5 21 5
11055243 245 28.5 21.5 5
11055289 245 29 21 5
11055290 245 29 21.5 5
11055336 245 29.5 21 5
11055337 245 29.5 21.5 5
11055383 245 30 21 5
11055384 245 30 21.5 5
11055430 245 30.5 21 5
11055431 245 30.5 21.5 5
11055477 245 31 21 5
11055478 245 31 21.5 5
11055524 245 31.5 21 5
11055525 245 31.5 21.5 5
11055571 245 32 21 5
11055572 245 32 21.5 5
11055618 245 32.5 21 5
11055619 245 32.5 21.5 5
11055665 245 33 21 5
11055666 245 33 21.5 5
11055712 245 33.5 21 5
11055713 245 33.5 21.5 5
11055759 245 34 21 5
11055760 245 34 21.5 5
11055806 245 34.5 21 5
11055807 245 34.5 21.5 5
11070799 245.5 28.5 21 5
11070800 245.5 28.5 21.5 5
11070846 245.5 29 21 5
11070847 245.5 29 21.5 5
11070893 245.5 29.5 21 5
11070894 245.5 29.5 21.5 5
11070940 245.5 30 21 5
11070941 245.5 30 21.5 5
11070987 245.5 30.5 21 5
11070988 245.5 30.5 21.5 5
11071034 245.5 31 21 5
11071035 245.5 31 21.5 5
11071081 245.5 31.5 21 5
11071082 245.5 31.5 21.5 5
11071128 245.5 32 21 5
11071129 245.5 32 21.5 5
11071175 245.5 32.5 21 5
11071176 245.5 32.5 21.5 5
11071222 245.5 33 21 5
11071223 245.5 33 21.5 5
11071269 245.5 33.5 21 5
11071270 245.5 33.5 21.5 5
11071316 245.5 34 21 5
11071317 245.5 34 21.5 5
11071363 245.5 34.5 21 5
11071364 245.5 34.5 21.5 5
11086356 246 28.5 21 5
11086357 246 28.5 21.5 5
11086403 246 29 21 5
11086404 246 29 21.5 5
11086450 246 29.5 21 5
11086451 246 29.5 21.5 5
11086497 246 30 21 5
11086498 246 30 21.5 5
11086544 246 30.5 21 5
11086545 246 30.5 21.5 5
11086591 246 31 21 5
11086592 246 31 21.5 5
11086638 246 31.5 21 5
11086639 246 31.5 21.5 5
11086685 246 32 21 5
11086686 246 32 21.5 5
11086732 246 32.5 21 5
11086733 246 32.5 21.5 5
11086779 246 33 21 5
11086780 246 33 21.5 5
11086826 246 33.5 21 5
11086827 246 33.5 21.5 5
11086873 246 34 21 5
11086874 246 34 21.5 5
11086920 246 34.5 21 5
11086921 246 34.5 21.5 5
11101913 246.5 28.5 21 5
11101914 246.5 28.5 21.5 5
11101960 246.5 29 21 5
11101961 246.5 29 21.5 5
11102007 246.5 29.5 21 5
11102008 246.5 29.5 21.5 5
11102054 246.5 30 21 5
11102055 246.5 30 21.5 5
11102101 246.5 30.5 21 5
11102102 246.5 30.5 21.5 5
11102148 246.5 31 21 5
11102149 246.5 31 21.5 5
11102195 246.5 31.5 21 5
11102196 246.5 31.5 21.5 5
11102242 246.5 32 21 5
11102243 246.5 32 21.5 5
11102289 246.5 32.5 21 5
11102290 246.5 32.5 21.5 5
11102336 246.5 33 21 5
11102337 246.5 33 21.5 5
11102383 246.5 33.5 21 5
11102384 246.5 33.5 21.5 5
11102430 246.5 34 21 5
11102431 246.5 34 21.5 5
11102477 246.5 34.5 21 5
11102478 246.5 34.5 21.5 5
11117470 247 28.5 21 5
11117471 247 28.5 21.5 5
11117517 247 29 21 5
11117518 247 29 21.5 5
11117564 247 29.5 21 5
11117565 247 29.5 21.5 5
11117611 247 30 21 5
11117612 247 30 21.5 5
11117658 247 30.5 21 5
11117659 247 30.5 21.5 5
11117705 247 31 21 5
11117706 247 31 21.5 5
11117752 247 31.5 21 5
11117753 247 31.5 21.5 5
11117799 247 32 21 5
11117800 247 32 21.5 5
11117846 247 32.5 21 5
11117847 247 32.5 21.5 5
11117893 247 33 21 5
11117894 247 33 21.5 5
11117940 247 33.5 21 5
11117941 247 33.5 21.5 5
11117987 247 34 21 5
11117988 247 34 21.5 5
11118034 247 34.5 21 5
11118035 247 34.5 21.5 5
11133027 247.5 28.5 21 5
11133028 247.5 28.5 21.5 5
11133074 247.5 29 21 5
11133075 247.5 29 21.5 5
11133121 247.5 29.5 21 5
11133122 247.5 29.5 21.5 5
11133168 247.5 30 21 5
11133169 247.5 30 21.5 5
11133215 247.5 30.5 21 5
11133216 247.5 30.5 21.5 5
11133262 247.5 31 21 5
11133263 247.5 31 21.5 5
11133309 247.5 31.5 21 5
11133310 247.5 31.5 21.5 5
11133356 247.5 32 21 5
11133357 247.5 32 21.5 5
11133403 247.5 32.5 21 5
11133404 247.5 32.5 21.5 5
11133450 247.5 33 21 5
11133451 247.5 33 21.5 5
11133497 247.5 33.5 21 5
11133498 247.5 33.5 21.5 5
11133544 247.5 34 21 5
11133545 247.5 34 21.5 5
11133591 247.5 34.5 21 5
11133592 247.5 34.5 21.5 5
11148584 248 28.5 21 5
11148585 248 28.5 21.5 5
11148631 248 29 21 5
11148632 248 29 21.5 5
11148678 248 29.5 21 5
11148679 248 29.5 21.5 5
11148725 248 30 21 5
11148726 248 30 21.5 5
11148772 248 30.5 21 5
11148773 248 30.5 21.5 5
11148819 248 31 21 5
11148820 248 31 21.5 5
11148866 248 31.5 21 5
11148867 248 31.5 21.5 5
11148913 248 32 21 5
11148914 248 32 21.5 5
11148960 248 32.5 21 5
11148961 248 32.5 21.5 5
11149007 248 33 21 5
11149008 248 33 21.5 5
11149054 248 33.5 21 5
11149055 248 33.5 21.5 5
11149101 248 34 21 5
11149102 248 34 21.5 5
11149148 248 34.5 21 5
11149149 248 34.5 21.5 5
11164141 248.5 28.5 21 5
11164142 248.5 28.5 21.5 5
11164188 248.5 29 21 5
11164189 248.5 29 21.5 5
11164235 248.5 29.5 21 5
11164236 248.5 29.5 21.5 5
11164282 248.5 30 21 5
11164283 248.5 30 21.5 5
11164329 248.5 30.5 21 5
11164330 248.5 30.5 21.5 5
11164376 248.5 31 21 5
11164377 248.5 31 21.5 5
11164423 248.5 31.5 21 5
11164424 248.5 31.5 21.5 5
11164470 248.5 32 21 5
11164471 248.5 32 21.5 5
11164517 248.5 32.5 21 5
11164518 248.5 32.5 21.5 5
11164564 248.5 33 21 5
11164565 248.5 33 21.5 5
11164611 248.5 33.5 21 5
11164612 248.5 33.5 21.5 5
11164658 248.5 34 21 5
11164659 248.5 34 21.5 5
11164705 248.5 34.5 21 5
11164706 248.5 34.5 21.5 5
11179698 249 28.5 21 5
11179699 249 28.5 21.5 5
11179745 249 29 21 5
11179746 249 29 21.5 5
11179792 249 29.5 21 5
11179793 249 29.5 21.5 5
11179839 249 30 21 5
11179840 249 30 21.5 5
11179886 249 30.5 21 5
11179887 249 30.5 21.5 5
11179933 249 31 21 5
11179934 249 31 21.5 5
11179980 249 31.5 21 5
11179981 249 31.5 21.5 5
11180027 249 32 21 5
11180028 249 32 21.5 5
11180074 249 32.5 21 5
11180075 249 32.5 21.5 5
11180121 249 33 21 5
11180122 249 33 21.5 5
11180168 249 33.5 21 5
11180169 249 33.5 21.5 5
11180215 249 34 21 5
11180216 249 34 21.5 5
11180262 249 34.5 21 5
11180263 249 34.5 21.5 5
11195255 249.5 28.5 21 5
11195256 249.5 28.5 21.5 5
11195302 249.5 29 21 5
11195303 249.5 29 21.5 5
11195349 249.5 29.5 21 5
11195350 249.5 29.5 21.5 5
11195396 249.5 30 21 5
11195397 249.5 30 21.5 5
11195443 249.5 30.5 21 5
11195444 249.5 30.5 21.5 5
11195490 249.5 31 21 5
11195491 249.5 31 21.5 5
11195537 249.5 31.5 21 5
11195538 249.5 31.5 21.5 5
11195584 249.5 32 21 5
11195585 249.5 32 21.5 5
11195631 249.5 32.5 21 5
11195632 249.5 32.5 21.5 5
11195678 249.5 33 21 5
11195679 249.5 33 21.5 5
11195725 249.5 33.5 21 5
11195726 249.5 33.5 21.5 5
11195772 249.5 34 21 5
11195773 249.5 34 21.5 5
11195819 249.5 34.5 21 5
11195820 249.5 34.5 21.5 5
11210812 250 28.5 21 5
11210813 250 28.5 21.5 5
11210859 250 29 21 5
11210860 250 29 21.5 5
11210906 250 29.5 21 5
11210907 250 29.5 21.5 5
11210953 250 30 21 5
11210954 250 30 21.5 5
11211000 250 30.5 21 5
11211001 250 30.5 21.5 5
11211047 250 31 21 5
11211048 250 31 21.5 5
11211094 250 31.5 21 5
11211095 250 31.5 21.5 5
11211141 250 32 21 5
11211142 250 32 21.5 5
11211188 250 32.5 21 5
11211189 250 32.5 21.5 5
11211235 250 33 21 5
11211236 250 33 21.5 5
11211282 250 33.5 21 5
11211283 250 33.5 21.5 5
11211329 250 34 21 5
11211330 250 34 21.5 5
11211376 250 34.5 21 5
11211377 250 34.5 21.5 5
11226369 250.5 28.5 21 5
11226370 250.5 28.5 21.5 5
11226416 250.5 29 21 5
11226417 250.5 29 21.5 5
11226463 250.5 29.5 21 5
11226464 250.5 29.5 21.5 5
11226510 250.5 30 21 5
11226511 250.5 30 21.5 5
11226557 250.5 30.5 21 5
11226558 250.5 30.5 21.5 5
11226604 250.5 31 21 5
11226605 250.5 31 21.5 5
11226651 250.5 31.5 21 5
11226652 250.5 31.5 21.5 5
11226698 250.5 32 21 5
11226699 250.5 32 21.5 5
11226745 250.5 32.5 21 5
11226746 250.5 32.5 21.5 5
11226792 250.5 33 21 5
11226793 250.5 33 21.5 5
11226839 250.5 33.5 21 5
11226840 250.5 33.5 21.5 5
11226886 250.5 34 21 5
11226887 250.5 34 21.5 5
11226933 250.5 34.5 21 5
11226934 250.5 34.5 21.5 5
11241926 251 28.5 21 5
11241927 251 28.5 21.5 5
11241973 251 29 21 5
11241974 251 29 21.5 5
11242020 251 29.5 21 5
11242021 251 29.5 21.5 5
11242067 251 30 21 5
11242068 251 30 21.5 5
11242114 251 30.5 21 5
11242115 251 30.5 21.5 5
11242161 251 31 21 5
11242162 251 31 21.5 5
11242208 251 31.5 21 5
11242209 251 31.5 21.5 5
11242255 251 32 21 5
11242256 251 32 21.5 5
11242302 251 32.5 21 5
11242303 251 32.5 21.5 5
11242349 251 33 21 5
11242350 251 33 21.5 5
11242396 251 33.5 21 5
11242397 251 33.5 21.5 5
11242443 251 34 21 5
11242444 251 34 21.5 5
11242490 251 34.5 21 5
11242491 251 34.5 21.5 5
11257483 251.5 28.5 21 5
11257484 251.5 28.5 21.5 5
11257530 251.5 29 21 5
11257531 251.5 29 21.5 5
11257577 251.5 29.5 21 5
11257578 251.5 29.5 21.5 5
11257624 251.5 30 21 5
11257625 251.5 30 21.5 5
11257671 251.5 30.5 21 5
11257672 251.5 30.5 21.5 5
11257718 251.5 31 21 5
11257719 251.5 31 21.5 5
11257765 251.5 31.5 21 5
11257766 251.5 31.5 21.5 5
11257812 251.5 32 21 5
11257813 251.5 32 21.5 5
11257859 251.5 32.5 21 5
11257860 251.5 32.5 21.5 5
11257906 251.5 33 21 5
11257907 251.5 33 21.5 5
11257953 251.5 33.5 21 5
11257954 251.5 33.5 21.5 5
11258000 251.5 34 21 5
11258001 251.5 34 21.5 5
11258047 251.5 34.5 21 5
11258048 251.5 34.5 21.5 5
11273040 252 28.5 21 5
11273041 252 28.5 21.5 5
11273087 252 29 21 5
11273088 252 29 21.5 5
11273134 252 29.5 21 5
11273135 252 29.5 21.5 5
11273181 252 30 21 5
11273182 252 30 21.5 5
11273228 252 30.5 21 5
11273229 252 30.5 21.5 5
11273275 252 31 21 5
11273276 252 31 21.5 5
11273322 252 31.5 21 5
11273323 252 31.5 21.5 5
11273369 252 32 21 5
11273370 252 32 21.5 5
11273416 252 32.5 21 5
11273417 252 32.5 21.5 5
11273463 252 33 21 5
11273464 252 33 21.5 5
11273510 252 33.5 21 5
11273511 252 33.5 21.5 5
11273557 252 34 21 5
11273558 252 34 21.5 5
11273604 252 34.5 21 5
11273605 252 34.5 21.5 5
11288597 252.5 28.5 21 5
11288598 252.5 28.5 21.5 5
11288644 252.5 29 21 5
11288645 252.5 29 21.5 5
11288691 252.5 29.5 21 5
11288692 252.5 29.5 21.5 5
11288738 252.5 30 21 5
11288739 252.5 30 21.5 5
11288785 252.5 30.5 21 5
11288786 252.5 30.5 21.5 5
11288832 252.5 31 21 5
11288833 252.5 31 21.5 5
11288879 252.5 31.5 21 5
11288880 252.5 31.5 21.5 5
11288926 252.5 32 21 5
11288927 252.5 32 21.5 5
11288973 252.5 32.5 21 5
11288974 252.5 32.5 21.5 5
11289020 252.5 33 21 5
11289021 252.5 33 21.5 5
11289067 252.5 33.5 21 5
11289068 252.5 33.5 21.5 5
11289114 252.5 34 21 5
11289115 252.5 34 21.5 5
11289161 252.5 34.5 21 5
11289162 252.5 34.5 21.5 5
11304154 253 28.5 21 5
11304155 253 28.5 21.5 5
11304201 253 29 21 5
11304202 253 29 21.5 5
11304248 253 29.5 21 5
11304249 253 29.5 21.5 5
11304295 253 30 21 5
11304296 253 30 21.5 5
11304342 253 30.5 21 5
11304343 253 30.5 21.5 5
11304389 253 31 21 5
11304390 253 31 21.5 5
11304436 253 31.5 21 5
11304437 253 31.5 21.5 5
11304483 253 32 21 5
11304484 253 32 21.5 5
11304530 253 32.5 21 5
11304531 253 32.5 21.5 5
11304577 253 33 21 5
11304578 253 33 21.5 5
11304624 253 33.5 21 5
11304625 253 33.5 21.5 5
11304671 253 34 21 5
11304672 253 34 21.5 5
11304718 253 34.5 21 5
11304719 253 34.5 21.5 5
11319711 253.5 28.5 21 5
11319712 253.5 28.5 21.5 5
11319758 253.5 29 21 5
11319759 253.5 29 21.5 5
11319805 253.5 29.5 21 5
11319806 253.5 29.5 21.5 5
11319852 253.5 30 21 5
11319853 253.5 30 21.5 5
11319899 253.5 30.5 21 5
11319900 253.5 30.5 21.5 5
11319946 253.5 31 21 5
11319947 253.5 31 21.5 5
11319993 253.5 31.5 21 5
11319994 253.5 31.5 21.5 5
11320040 253.5 32 21 5
11320041 253.5 32 21.5 5
11320087 253.5 32.5 21 5
11320088 253.5 32.5 21.5 5
11320134 253.5 33 21 5
11320135 253.5 33 21.5 5
11320181 253.5 33.5 21 5
11320182 253.5 33.5 21.5 5
11320228 253.5 34 21 5
11320229 253.5 34 21.5 5
11320275 253.5 34.5 21 5
11320276 253.5 34.5 21.5 5
11335268 254 28.5 21 5
11335269 254 28.5 21.5 5
11335315 254 29 21 5
11335316 254 29 21.5 5
11335362 254 29.5 21 5
11335363 254 29.5 21.5 5
11335409 254 30 21 5
11335410 254 30 21.5 5
11335456 254 30.5 21 5
11335457 254 30.5 21.5 5
11335503 254 31 21 5
11335504 254 31 21.5 5
11335550 254 31.5 21 5
11335551 254 31.5 21.5 5
11335597 254 32 21 5
11335598 254 32 21.5 5
11335644 254 32.5 21 5
11335645 254 32.5 21.5 5
11335691 254 33 21 5
11335692 254 33 21.5 5
11335738 254 33.5 21 5
11335739 254 33.5 21.5 5
11335785 254 34 21 5
11335786 254 34 21.5 5
11335832 254 34.5 21 5
11335833 254 34.5 21.5 5
11350825 254.5 28.5 21 5
11350826 254.5 28.5 21.5 5
11350872 254.5 29 21 5
11350873 254.5 29 21.5 5
11350919 254.5 29.5 21 5
11350920 254.5 29.5 21.5 5
11350966 254.5 30 21 5
11350967 254.5 30 21.5 5
11351013 254.5 30.5 21 5
11351014 254.5 30.5 21.5 5
11351060 254.5 31 21 5
11351061 254.5 31 21.5 5
11351107 254.5 31.5 21 5
11351108 254.5 31.5 21.5 5
11351154 254.5 32 21 5
11351155 254.5 32 21.5 5
11351201 254.5 32.5 21 5
11351202 254.5 32.5 21.5 5
11351248 254.5 33 21 5
11351249 254.5 33 21.5 5
11351295 254.5 33.5 21 5
11351296 254.5 33.5 21.5 5
11351342 254.5 34 21 5
11351343 254.5 34 21.5 5
11351389 254.5 34.5 21 5
11351390 254.5 34.5 21.5 5
11366382 255 28.5 21 5
11366383 255 28.5 21.5 5
11366429 255 29 21 5
11366430 255 29 21.5 5
11366476 255 29.5 21 5
11366477 255 29.5 21.5 5
11366523 255 30 21 5
11366524 255 30 21.5 5
11366570 255 30.5 21 5
11366571 255 30.5 21.5 5
11366617 255 31 21 5
11366618 255 31 21.5 5
11366664 255 31.5 21 5
11366665 255 31.5 21.5 5
11366711 255 32 21 5
11366712 255 32 21.5 5
11366758 255 32.5 21 5
11366759 255 32.5 21.5 5
11366805 255 33 21 5
11366806 255 33 21.5 5
11366852 255 33.5 21 5
11366853 255 33.5 21.5 5
11366899 255 34 21 5
11366900 255 34 21.5 5
11366946 255 34.5 21 5
11366947 255 34.5 21.5 5
11381939 255.5 28.5 21 5
11381940 255.5 28.5 21.5 5
11381986 255.5 29 21 5
11381987 255.5 29 21.5 5
11382033 255.5 29.5 21 5
11382034 255.5 29.5 21.5 5
11382080 255.5 30 21 5
11382081 255.5 30 21.5 5
11382127 255.5 30.5 21 5
11382128 255.5 30.5 21.5 5
11382174 255.5 31 21 5
11382175 255.5 31 21.5 5
11382221 255.5 31.5 21 5
11382222 255.5 31.5 21.5 5
11382268 255.5 32 21 5
11382269 255.5 32 21.5 5
11382315 255.5 32.5 21 5
11382316 255.5 32.5 21.5 5
11382362 255.5 33 21 5
11382363 255.5 33 21.5 5
11382409 255.5 33.5 21 5
11382410 255.5 33.5 21.5 5
11382456 255.5 34 21 5
11382457 255.5 34 21.5 5
11382503 255.5 34.5 21 5
11382504 255.5 34.5 21.5 5
11397496 256 28.5 21 5
11397497 256 28.5 21.5 5
11397543 256 29 21 5
11397544 256 29 21.5 5
11397590 256 29.5 21 5
11397591 256 29.5 21.5 5
11397637 256 30 21 5
11397638 256 30 21.5 5
11397684 256 30.5 21 5
11397685 256 30.5 21.5 5
11397731 256 31 21 5
11397732 256 31 21.5 5
11397778 256 31.5 21 5
11397779 256 31.5 21.5 5
11397825 256 32 21 5
11397826 256 32 21.5 5
11397872 256 32.5 21 5
11397873 256 32.5 21.5 5
11397919 256 33 21 5
11397920 256 33 21.5 5
11397966 256 33.5 21 5
11397967 256 33.5 21.5 5
11398013 256 34 21 5
11398014 256 34 21.5 5
11398060 256 34.5 21 5
11398061 256 34.5 21.5 5
11413053 256.5 28.5 21 5
11413054 256.5 28.5 21.5 5
11413100 256.5 29 21 5
11413101 256.5 29 21.5 5
11413147 256.5 29.5 21 5
11413148 256.5 29.5 21.5 5
11413194 256.5 30 21 5
11413195 256.5 30 21.5 5
11413241 256.5 30.5 21 5
11413242 256.5 30.5 21.5 5
11413288 256.5 31 21 5
11413289 256.5 31 21.5 5
11413335 256.5 31.5 21 5
11413336 256.5 31.5 21.5 5
11413382 256.5 32 21 5
11413383 256.5 32 21.5 5
11413429 256.5 32.5 21 5
11413430 256.5 32.5 21.5 5
11413476 256.5 33 21 5
11413477 256.5 33 21.5 5
11413523 256.5 33.5 21 5
11413524 256.5 33.5 21.5 5
11413570 256.5 34 21 5
11413571 256.5 34 21.5 5
11413617 256.5 34.5 21 5
11413618 256.5 34.5 21.5 5
11428610 257 28.5 21 5
11428611 257 28.5 21.5 5
11428657 257 29 21 5
11428658 257 29 21.5 5
11428704 257 29.5 21 5
11428705 257 29.5 21.5 5
11428751 257 30 21 5
11428752 257 30 21.5 5
11428798 257 30.5 21 5
11428799 257 30.5 21.5 5
11428845 257 31 21 5
11428846 257 31 21.5 5
11428892 257 31.5 21 5
11428893 257 31.5 21.5 5
11428939 257 32 21 5
11428940 257 32 21.5 5
11428986 257 32.5 21 5
11428987 257 32.5 21.5 5
11429033 257 33 21 5
11429034 257 33 21.5 5
11429080 257 33.5 21 5
11429081 257 33.5 21.5 5
11429127 257 34 21 5
11429128 257 34 21.5 5
11429174 257 34.5 21 5
11429175 257 34.5 21.5 5
11444167 257.5 28.5 21 5
11444168 257.5 28.5 21.5 5
11444214 257.5 29 21 5
11444215 257.5 29 21.5 5
11444261 257.5 29.5 21 5
11444262 257.5 29.5 21.5 5
11444308 257.5 30 21 5
11444309 257.5 30 21.5 5
11444355 257.5 30.5 21 5
11444356 257.5 30.5 21.5 5
11444402 257.5 31 21 5
11444403 257.5 31 21.5 5
11444449 257.5 31.5 21 5
11444450 257.5 31.5 21.5 5
11444496 257.5 32 21 5
11444497 257.5 32 21.5 5
11444543 257.5 32.5 21 5
11444544 257.5 32.5 21.5 5
11444590 257.5 33 21 5
11444591 257.5 33 21.5 5
11444637 257.5 33.5 21 5
11444638 257.5 33.5 21.5 5
11444684 257.5 34 21 5
11444685 257.5 34 21.5 5
11459724 258 28.5 21 5
11459725 258 28.5 21.5 5
11459771 258 29 21 5
11459772 258 29 21.5 5
11459818 258 29.5 21 5
11459819 258 29.5 21.5 5
11459865 258 30 21 5
11459866 258 30 21.5 5
11459912 258 30.5 21 5
11459913 258 30.5 21.5 5
11459959 258 31 21 5
11459960 258 31 21.5 5
11460006 258 31.5 21 5
11460007 258 31.5 21.5 5
11460053 258 32 21 5
11460054 258 32 21.5 5
11460100 258 32.5 21 5
11460101 258 32.5 21.5 5
11460147 258 33 21 5
11460148 258 33 21.5 5
11475281 258.5 28.5 21 5
11475282 258.5 28.5 21.5 5
11475328 258.5 29 21 5
11475329 258.5 29 21.5 5
11475375 258.5 29.5 21 5
11475376 258.5 29.5 21.5 5
11475422 258.5 30 21 5
11475423 258.5 30 21.5 5
11475469 258.5 30.5 21 5
11475470 258.5 30.5 21.5 5
11475516 258.5 31 21 5
11475517 258.5 31 21.5 5
11475563 258.5 31.5 21 5
11475564 258.5 31.5 21.5 5
11475610 258.5 32 21 5
11475611 258.5 32 21.5 5
11475657 258.5 32.5 21 5
11475658 258.5 32.5 21.5 5
11490838 259 28.5 21 5
11490839 259 28.5 21.5 5
11490885 259 29 21 5
11490886 259 29 21.5 5
11490932 259 29.5 21 5
11490933 259 29.5 21.5 5
11490979 259 30 21 5
11490980 259 30 21.5 5
11491026 259 30.5 21 5
11491027 259 30.5 21.5 5
11491073 259 31 21 5
11491074 259 31 21.5 5
11491120 259 31.5 21 5
11491121 259 31.5 21.5 5
11506395 259.5 28.5 21 5
11506396 259.5 28.5 21.5 5
11506442 259.5 29 21 5
11506443 259.5 29 21.5 5
11506489 259.5 29.5 21 5
11506490 259.5 29.5 21.5 5
11506536 259.5 30 21 5
11506537 259.5 30 21.5 5
11506583 259.5 30.5 21 5
11506584 259.5 30.5 21.5 5
11506630 259.5 31 21 5
11506631 259.5 31 21.5 5
11521952 260 28.5 21 5
11521953 260 28.5 21.5 5
11521999 260 29 21 5
11522000 260 29 21.5 5
11522046 260 29.5 21 5
11522047 260 29.5 21.5 5
11522093 260 30 21 5
11522094 260 30 21.5 5
11537509 260.5 28.5 21 5
11537510 260.5 28.5 21.5 5
11537556 260.5 29 21 5
11537557 260.5 29 21.5 5
11537603 260.5 29.5 21 5
11537604 260.5 29.5 21.5 5
11553066 261 28.5 21 5
11553067 261 28.5 21.5 5
