1005983 -78 34.5 20.5 5
1005984 -78 34.5 21 5
1021446 -77.5 33.5 20.5 5
1021447 -77.5 33.5 21 5
1021493 -77.5 34 20.5 5
1021494 -77.5 34 21 5
1021540 -77.5 34.5 20.5 5
1021541 -77.5 34.5 21 5
1036956 -77 33 20.5 5
1036957 -77 33 21 5
1037003 -77 33.5 20.5 5
1037004 -77 33.5 21 5
1037050 -77 34 20.5 5
1037051 -77 34 21 5
1037097 -77 34.5 20.5 5
1037098 -77 34.5 21 5
1052419 -76.5 32 20.5 5
1052420 -76.5 32 21 5
1052466 -76.5 32.5 20.5 5
1052467 -76.5 32.5 21 5
1052513 -76.5 33 20.5 5
1052514 -76.5 33 21 5
1052560 -76.5 33.5 20.5 5
1052561 -76.5 33.5 21 5
1052607 -76.5 34 20.5 5
1052608 -76.5 34 21 5
1052654 -76.5 34.5 20.5 5
1052655 -76.5 34.5 21 5
1067929 -76 31.5 20.5 5
1067930 -76 31.5 21 5
1067976 -76 32 20.5 5
1067977 -76 32 21 5
1068023 -76 32.5 20.5 5
1068024 -76 32.5 21 5
1068070 -76 33 20.5 5
1068071 -76 33 21 5
1068117 -76 33.5 20.5 5
1068118 -76 33.5 21 5
1068164 -76 34 20.5 5
1068165 -76 34 21 5
1068211 -76 34.5 20.5 5
1068212 -76 34.5 21 5
1083392 -75.5 30.5 20.5 5
1083393 -75.5 30.5 21 5
1083439 -75.5 31 20.5 5
1083440 -75.5 31 21 5
1083486 -75.5 31.5 20.5 5
1083487 -75.5 31.5 21 5
1083533 -75.5 32 20.5 5
1083534 -75.5 32 21 5
1083580 -75.5 32.5 20.5 5
1083581 -75.5 32.5 21 5
1083627 -75.5 33 20.5 5
1083628 -75.5 33 21 5
1083674 -75.5 33.5 20.5 5
1083675 -75.5 33.5 21 5
1083721 -75.5 34 20.5 5
1083722 -75.5 34 21 5
1083768 -75.5 34.5 20.5 5
1083769 -75.5 34.5 21 5
1098902 -75 30 20.5 5
1098903 -75 30 21 5
1098949 -75 30.5 20.5 5
1098950 -75 30.5 21 5
1098996 -75 31 20.5 5
1098997 -75 31 21 5
1099043 -75 31.5 20.5 5
1099044 -75 31.5 21 5
1099090 -75 32 20.5 5
1099091 -75 32 21 5
1099137 -75 32.5 20.5 5
1099138 -75 32.5 21 5
1099184 -75 33 20.5 5
1099185 -75 33 21 5
1099231 -75 33.5 20.5 5
1099232 -75 33.5 21 5
1099278 -75 34 20.5 5
1099279 -75 34 21 5
1099325 -75 34.5 20.5 5
1099326 -75 34.5 21 5
1114365 -74.5 29 20.5 5
1114366 -74.5 29 21 5
1114412 -74.5 29.5 20.5 5
1114413 -74.5 29.5 21 5
1114459 -74.5 30 20.5 5
1114460 -74.5 30 21 5
1114506 -74.5 30.5 20.5 5
1114507 -74.5 30.5 21 5
1114553 -74.5 31 20.5 5
1114554 -74.5 31 21 5
1114600 -74.5 31.5 20.5 5
1114601 -74.5 31.5 21 5
1114647 -74.5 32 20.5 5
1114648 -74.5 32 21 5
1114694 -74.5 32.5 20.5 5
1114695 -74.5 32.5 21 5
1114741 -74.5 33 20.5 5
1114742 -74.5 33 21 5
1114788 -74.5 33.5 20.5 5
1114789 -74.5 33.5 21 5
1114835 -74.5 34 20.5 5
1114836 -74.5 34 21 5
1114882 -74.5 34.5 20.5 5
1114883 -74.5 34.5 21 5
1129875 -74 28.5 20.5 5
1129876 -74 28.5 21 5
1129922 -74 29 20.5 5
1129923 -74 29 21 5
1129969 -74 29.5 20.5 5
1129970 -74 29.5 21 5
1130016 -74 30 20.5 5
1130017 -74 30 21 5
1130063 -74 30.5 20.5 5
1130064 -74 30.5 21 5
1130110 -74 31 20.5 5
1130111 -74 31 21 5
1130157 -74 31.5 20.5 5
1130158 -74 31.5 21 5
1130204 -74 32 20.5 5
1130205 -74 32 21 5
1130251 -74 32.5 20.5 5
1130252 -74 32.5 21 5
1130298 -74 33 20.5 5
1130299 -74 33 21 5
1130345 -74 33.5 20.5 5
1130346 -74 33.5 21 5
1130392 -74 34 20.5 5
1130393 -74 34 21 5
1130439 -74 34.5 20.5 5
1130440 -74 34.5 21 5
1145432 -73.5 28.5 20.5 5
1145433 -73.5 28.5 21 5
1145479 -73.5 29 20.5 5
1145480 -73.5 29 21 5
1145526 -73.5 29.5 20.5 5
1145527 -73.5 29.5 21 5
1145573 -73.5 30 20.5 5
1145574 -73.5 30 21 5
1145620 -73.5 30.5 20.5 5
1145621 -73.5 30.5 21 5
1145667 -73.5 31 20.5 5
1145668 -73.5 31 21 5
1145714 -73.5 31.5 20.5 5
1145715 -73.5 31.5 21 5
1145761 -73.5 32 20.5 5
1145762 -73.5 32 21 5
1145808 -73.5 32.5 20.5 5
1145809 -73.5 32.5 21 5
1145855 -73.5 33 20.5 5
1145856 -73.5 33 21 5
1145902 -73.5 33.5 20.5 5
1145903 -73.5 33.5 21 5
1145949 -73.5 34 20.5 5
1145950 -73.5 34 21 5
1145996 -73.5 34.5 20.5 5
1145997 -73.5 34.5 21 5
1160989 -73 28.5 20.5 5
1160990 -73 28.5 21 5
1161036 -73 29 20.5 5
1161037 -73 29 21 5
1161083 -73 29.5 20.5 5
1161084 -73 29.5 21 5
1161130 -73 30 20.5 5
1161131 -73 30 21 5
1161177 -73 30.5 20.5 5
1161178 -73 30.5 21 5
1161224 -73 31 20.5 5
1161225 -73 31 21 5
1161271 -73 31.5 20.5 5
1161272 -73 31.5 21 5
1161318 -73 32 20.5 5
1161319 -73 32 21 5
1161365 -73 32.5 20.5 5
1161366 -73 32.5 21 5
1161412 -73 33 20.5 5
1161413 -73 33 21 5
1161459 -73 33.5 20.5 5
1161460 -73 33.5 21 5
1161506 -73 34 20.5 5
1161507 -73 34 21 5
1161553 -73 34.5 20.5 5
1161554 -73 34.5 21 5
1176546 -72.5 28.5 20.5 5
1176547 -72.5 28.5 21 5
1176593 -72.5 29 20.5 5
1176594 -72.5 29 21 5
1176640 -72.5 29.5 20.5 5
1176641 -72.5 29.5 21 5
1176687 -72.5 30 20.5 5
1176688 -72.5 30 21 5
1176734 -72.5 30.5 20.5 5
1176735 -72.5 30.5 21 5
1176781 -72.5 31 20.5 5
1176782 -72.5 31 21 5
1176828 -72.5 31.5 20.5 5
1176829 -72.5 31.5 21 5
1176875 -72.5 32 20.5 5
1176876 -72.5 32 21 5
1176922 -72.5 32.5 20.5 5
1176923 -72.5 32.5 21 5
1176969 -72.5 33 20.5 5
1176970 -72.5 33 21 5
1177016 -72.5 33.5 20.5 5
1177017 -72.5 33.5 21 5
1177063 -72.5 34 20.5 5
1177064 -72.5 34 21 5
1177110 -72.5 34.5 20.5 5
1177111 -72.5 34.5 21 5
1192103 -72 28.5 20.5 5
1192104 -72 28.5 21 5
1192150 -72 29 20.5 5
1192151 -72 29 21 5
1192197 -72 29.5 20.5 5
1192198 -72 29.5 21 5
1192244 -72 30 20.5 5
1192245 -72 30 21 5
1192291 -72 30.5 20.5 5
1192292 -72 30.5 21 5
1192338 -72 31 20.5 5
1192339 -72 31 21 5
1192385 -72 31.5 20.5 5
1192386 -72 31.5 21 5
1192432 -72 32 20.5 5
1192433 -72 32 21 5
1192479 -72 32.5 20.5 5
1192480 -72 32.5 21 5
1192526 -72 33 20.5 5
1192527 -72 33 21 5
1192573 -72 33.5 20.5 5
1192574 -72 33.5 21 5
1192620 -72 34 20.5 5
1192621 -72 34 21 5
1192667 -72 34.5 20.5 5
1192668 -72 34.5 21 5
1207660 -71.5 28.5 20.5 5
1207661 -71.5 28.5 21 5
1207707 -71.5 29 20.5 5
1207708 -71.5 29 21 5
1207754 -71.5 29.5 20.5 5
1207755 -71.5 29.5 21 5
1207801 -71.5 30 20.5 5
1207802 -71.5 30 21 5
1207848 -71.5 30.5 20.5 5
1207849 -71.5 30.5 21 5
1207895 -71.5 31 20.5 5
1207896 -71.5 31 21 5
1207942 -71.5 31.5 20.5 5
1207943 -71.5 31.5 21 5
1207989 -71.5 32 20.5 5
1207990 -71.5 32 21 5
1208036 -71.5 32.5 20.5 5
1208037 -71.5 32.5 21 5
1208083 -71.5 33 20.5 5
1208084 -71.5 33 21 5
1208130 -71.5 33.5 20.5 5
1208131 -71.5 33.5 21 5
1208177 -71.5 34 20.5 5
1208178 -71.5 34 21 5
1208224 -71.5 34.5 20.5 5
1208225 -71.5 34.5 21 5
1223217 -71 28.5 20.5 5
1223218 -71 28.5 21 5
1223264 -71 29 20.5 5
1223265 -71 29 21 5
1223311 -71 29.5 20.5 5
1223312 -71 29.5 21 5
1223358 -71 30 20.5 5
1223359 -71 30 21 5
1223405 -71 30.5 20.5 5
1223406 -71 30.5 21 5
1223452 -71 31 20.5 5
1223453 -71 31 21 5
1223499 -71 31.5 20.5 5
1223500 -71 31.5 21 5
1223546 -71 32 20.5 5
1223547 -71 32 21 5
1223593 -71 32.5 20.5 5
1223594 -71 32.5 21 5
1223640 -71 33 20.5 5
1223641 -71 33 21 5
1223687 -71 33.5 20.5 5
1223688 -71 33.5 21 5
1223734 -71 34 20.5 5
1223735 -71 34 21 5
1223781 -71 34.5 20.5 5
1223782 -71 34.5 21 5
1238774 -70.5 28.5 20.5 5
1238775 -70.5 28.5 21 5
1238821 -70.5 29 20.5 5
1238822 -70.5 29 21 5
1238868 -70.5 29.5 20.5 5
1238869 -70.5 29.5 21 5
1238915 -70.5 30 20.5 5
1238916 -70.5 30 21 5
1238962 -70.5 30.5 20.5 5
1238963 -70.5 30.5 21 5
1239009 -70.5 31 20.5 5
1239010 -70.5 31 21 5
1239056 -70.5 31.5 20.5 5
1239057 -70.5 31.5 21 5
1239103 -70.5 32 20.5 5
1239104 -70.5 32 21 5
1239150 -70.5 32.5 20.5 5
1239151 -70.5 32.5 21 5
1239197 -70.5 33 20.5 5
1239198 -70.5 33 21 5
1239244 -70.5 33.5 20.5 5
1239245 -70.5 33.5 21 5
1239291 -70.5 34 20.5 5
1239292 -70.5 34 21 5
1239338 -70.5 34.5 20.5 5
1239339 -70.5 34.5 21 5
1254331 -70 28.5 20.5 5
1254332 -70 28.5 21 5
1254378 -70 29 20.5 5
1254379 -70 29 21 5
1254425 -70 29.5 20.5 5
1254426 -70 29.5 21 5
1254472 -70 30 20.5 5
1254473 -70 30 21 5
1254519 -70 30.5 20.5 5
1254520 -70 30.5 21 5
1254566 -70 31 20.5 5
1254567 -70 31 21 5
1254613 -70 31.5 20.5 5
1254614 -70 31.5 21 5
1254660 -70 32 20.5 5
1254661 -70 32 21 5
1254707 -70 32.5 20.5 5
1254708 -70 32.5 21 5
1254754 -70 33 20.5 5
1254755 -70 33 21 5
1254801 -70 33.5 20.5 5
1254802 -70 33.5 21 5
1254848 -70 34 20.5 5
1254849 -70 34 21 5
1254895 -70 34.5 20.5 5
1254896 -70 34.5 21 5
1269888 -69.5 28.5 20.5 5
1269889 -69.5 28.5 21 5
1269935 -69.5 29 20.5 5
1269936 -69.5 29 21 5
1269982 -69.5 29.5 20.5 5
1269983 -69.5 29.5 21 5
1270029 -69.5 30 20.5 5
1270030 -69.5 30 21 5
1270076 -69.5 30.5 20.5 5
1270077 -69.5 30.5 21 5
1270123 -69.5 31 20.5 5
1270124 -69.5 31 21 5
1270170 -69.5 31.5 20.5 5
1270171 -69.5 31.5 21 5
1270217 -69.5 32 20.5 5
1270218 -69.5 32 21 5
1270264 -69.5 32.5 20.5 5
1270265 -69.5 32.5 21 5
1270311 -69.5 33 20.5 5
1270312 -69.5 33 21 5
1270358 -69.5 33.5 20.5 5
1270359 -69.5 33.5 21 5
1270405 -69.5 34 20.5 5
1270406 -69.5 34 21 5
1270452 -69.5 34.5 20.5 5
1270453 -69.5 34.5 21 5
1285445 -69 28.5 20.5 5
1285446 -69 28.5 21 5
1285492 -69 29 20.5 5
1285493 -69 29 21 5
1285539 -69 29.5 20.5 5
1285540 -69 29.5 21 5
1285586 -69 30 20.5 5
1285587 -69 30 21 5
1285633 -69 30.5 20.5 5
1285634 -69 30.5 21 5
1285680 -69 31 20.5 5
1285681 -69 31 21 5
1285727 -69 31.5 20.5 5
1285728 -69 31.5 21 5
1285774 -69 32 20.5 5
1285775 -69 32 21 5
1285821 -69 32.5 20.5 5
1285822 -69 32.5 21 5
1285868 -69 33 20.5 5
1285869 -69 33 21 5
1285915 -69 33.5 20.5 5
1285916 -69 33.5 21 5
1285962 -69 34 20.5 5
1285963 -69 34 21 5
1286009 -69 34.5 20.5 5
1286010 -69 34.5 21 5
1301002 -68.5 28.5 20.5 5
1301003 -68.5 28.5 21 5
1301049 -68.5 29 20.5 5
1301050 -68.5 29 21 5
1301096 -68.5 29.5 20.5 5
1301097 -68.5 29.5 21 5
1301143 -68.5 30 20.5 5
1301144 -68.5 30 21 5
1301190 -68.5 30.5 20.5 5
1301191 -68.5 30.5 21 5
1301237 -68.5 31 20.5 5
1301238 -68.5 31 21 5
1301284 -68.5 31.5 20.5 5
1301285 -68.5 31.5 21 5
1301331 -68.5 32 20.5 5
1301332 -68.5 32 21 5
1301378 -68.5 32.5 20.5 5
1301379 -68.5 32.5 21 5
1301425 -68.5 33 20.5 5
1301426 -68.5 33 21 5
1301472 -68.5 33.5 20.5 5
1301473 -68.5 33.5 21 5
1301519 -68.5 34 20.5 5
1301520 -68.5 34 21 5
1301566 -68.5 34.5 20.5 5
1301567 -68.5 34.5 21 5
1316559 -68 28.5 20.5 5
1316560 -68 28.5 21 5
1316606 -68 29 20.5 5
1316607 -68 29 21 5
1316653 -68 29.5 20.5 5
1316654 -68 29.5 21 5
1316700 -68 30 20.5 5
1316701 -68 30 21 5
1316747 -68 30.5 20.5 5
1316748 -68 30.5 21 5
1316794 -68 31 20.5 5
1316795 -68 31 21 5
1316841 -68 31.5 20.5 5
1316842 -68 31.5 21 5
1316888 -68 32 20.5 5
1316889 -68 32 21 5
1316935 -68 32.5 20.5 5
1316936 -68 32.5 21 5
1316982 -68 33 20.5 5
1316983 -68 33 21 5
1317029 -68 33.5 20.5 5
1317030 -68 33.5 21 5
1317076 -68 34 20.5 5
1317077 -68 34 21 5
1317123 -68 34.5 20.5 5
1317124 -68 34.5 21 5
1332116 -67.5 28.5 20.5 5
1332117 -67.5 28.5 21 5
1332163 -67.5 29 20.5 5
1332164 -67.5 29 21 5
1332210 -67.5 29.5 20.5 5
1332211 -67.5 29.5 21 5
1332257 -67.5 30 20.5 5
1332258 -67.5 30 21 5
1332304 -67.5 30.5 20.5 5
1332305 -67.5 30.5 21 5
1332351 -67.5 31 20.5 5
1332352 -67.5 31 21 5
1332398 -67.5 31.5 20.5 5
1332399 -67.5 31.5 21 5
1332445 -67.5 32 20.5 5
1332446 -67.5 32 21 5
1332492 -67.5 32.5 20.5 5
1332493 -67.5 32.5 21 5
1332539 -67.5 33 20.5 5
1332540 -67.5 33 21 5
1332586 -67.5 33.5 20.5 5
1332587 -67.5 33.5 21 5
1332633 -67.5 34 20.5 5
1332634 -67.5 34 21 5
1332680 -67.5 34.5 20.5 5
1332681 -67.5 34.5 21 5
1347673 -67 28.5 20.5 5
1347674 -67 28.5 21 5
1347720 -67 29 20.5 5
1347721 -67 29 21 5
1347767 -67 29.5 20.5 5
1347768 -67 29.5 21 5
1347814 -67 30 20.5 5
1347815 -67 30 21 5
1347861 -67 30.5 20.5 5
1347862 -67 30.5 21 5
1347908 -67 31 20.5 5
1347909 -67 31 21 5
1347955 -67 31.5 20.5 5
1347956 -67 31.5 21 5
1348002 -67 32 20.5 5
1348003 -67 32 21 5
1348049 -67 32.5 20.5 5
1348050 -67 32.5 21 5
1348096 -67 33 20.5 5
1348097 -67 33 21 5
1348143 -67 33.5 20.5 5
1348144 -67 33.5 21 5
1348190 -67 34 20.5 5
1348191 -67 34 21 5
1348237 -67 34.5 20.5 5
1348238 -67 34.5 21 5
1363230 -66.5 28.5 20.5 5
1363231 -66.5 28.5 21 5
1363277 -66.5 29 20.5 5
1363278 -66.5 29 21 5
1363324 -66.5 29.5 20.5 5
1363325 -66.5 29.5 21 5
1363371 -66.5 30 20.5 5
1363372 -66.5 30 21 5
1363418 -66.5 30.5 20.5 5
1363419 -66.5 30.5 21 5
1363465 -66.5 31 20.5 5
1363466 -66.5 31 21 5
1363512 -66.5 31.5 20.5 5
1363513 -66.5 31.5 21 5
1363559 -66.5 32 20.5 5
1363560 -66.5 32 21 5
1363606 -66.5 32.5 20.5 5
1363607 -66.5 32.5 21 5
1363653 -66.5 33 20.5 5
1363654 -66.5 33 21 5
1363700 -66.5 33.5 20.5 5
1363701 -66.5 33.5 21 5
1363747 -66.5 34 20.5 5
1363748 -66.5 34 21 5
1363794 -66.5 34.5 20.5 5
1363795 -66.5 34.5 21 5
1378787 -66 28.5 20.5 5
1378788 -66 28.5 21 5
1378834 -66 29 20.5 5
1378835 -66 29 21 5
1378881 -66 29.5 20.5 5
1378882 -66 29.5 21 5
1378928 -66 30 20.5 5
1378929 -66 30 21 5
1378975 -66 30.5 20.5 5
1378976 -66 30.5 21 5
1379022 -66 31 20.5 5
1379023 -66 31 21 5
1379069 -66 31.5 20.5 5
1379070 -66 31.5 21 5
1379116 -66 32 20.5 5
1379117 -66 32 21 5
1379163 -66 32.5 20.5 5
1379164 -66 32.5 21 5
1379210 -66 33 20.5 5
1379211 -66 33 21 5
1379257 -66 33.5 20.5 5
1379258 -66 33.5 21 5
1379304 -66 34 20.5 5
1379305 -66 34 21 5
1379351 -66 34.5 20.5 5
1379352 -66 34.5 21 5
1394344 -65.5 28.5 20.5 5
1394345 -65.5 28.5 21 5
1394391 -65.5 29 20.5 5
1394392 -65.5 29 21 5
1394438 -65.5 29.5 20.5 5
1394439 -65.5 29.5 21 5
1394485 -65.5 30 20.5 5
1394486 -65.5 30 21 5
1394532 -65.5 30.5 20.5 5
1394533 -65.5 30.5 21 5
1394579 -65.5 31 20.5 5
1394580 -65.5 31 21 5
1394626 -65.5 31.5 20.5 5
1394627 -65.5 31.5 21 5
1394673 -65.5 32 20.5 5
1394674 -65.5 32 21 5
1394720 -65.5 32.5 20.5 5
1394721 -65.5 32.5 21 5
1394767 -65.5 33 20.5 5
1394768 -65.5 33 21 5
1394814 -65.5 33.5 20.5 5
1394815 -65.5 33.5 21 5
1394861 -65.5 34 20.5 5
1394862 -65.5 34 21 5
1394908 -65.5 34.5 20.5 5
1394909 -65.5 34.5 21 5
1409901 -65 28.5 20.5 5
1409902 -65 28.5 21 5
1409948 -65 29 20.5 5
1409949 -65 29 21 5
1409995 -65 29.5 20.5 5
1409996 -65 29.5 21 5
1410042 -65 30 20.5 5
1410043 -65 30 21 5
1410089 -65 30.5 20.5 5
1410090 -65 30.5 21 5
1410136 -65 31 20.5 5
1410137 -65 31 21 5
1410183 -65 31.5 20.5 5
1410184 -65 31.5 21 5
1410230 -65 32 20.5 5
1410231 -65 32 21 5
1410277 -65 32.5 20.5 5
1410278 -65 32.5 21 5
1410324 -65 33 20.5 5
1410325 -65 33 21 5
1410371 -65 33.5 20.5 5
1410372 -65 33.5 21 5
1410418 -65 34 20.5 5
1410419 -65 34 21 5
1410465 -65 34.5 20.5 5
1410466 -65 34.5 21 5
1425458 -64.5 28.5 20.5 5
1425459 -64.5 28.5 21 5
1425505 -64.5 29 20.5 5
1425506 -64.5 29 21 5
1425552 -64.5 29.5 20.5 5
1425553 -64.5 29.5 21 5
1425599 -64.5 30 20.5 5
1425600 -64.5 30 21 5
1425646 -64.5 30.5 20.5 5
1425647 -64.5 30.5 21 5
1425693 -64.5 31 20.5 5
1425694 -64.5 31 21 5
1425740 -64.5 31.5 20.5 5
1425741 -64.5 31.5 21 5
1425787 -64.5 32 20.5 5
1425788 -64.5 32 21 5
1425834 -64.5 32.5 20.5 5
1425835 -64.5 32.5 21 5
1425881 -64.5 33 20.5 5
1425882 -64.5 33 21 5
1425928 -64.5 33.5 20.5 5
1425929 -64.5 33.5 21 5
1425975 -64.5 34 20.5 5
1425976 -64.5 34 21 5
1426022 -64.5 34.5 20.5 5
1426023 -64.5 34.5 21 5
1441015 -64 28.5 20.5 5
1441016 -64 28.5 21 5
1441062 -64 29 20.5 5
1441063 -64 29 21 5
1441109 -64 29.5 20.5 5
1441110 -64 29.5 21 5
1441156 -64 30 20.5 5
1441157 -64 30 21 5
1441203 -64 30.5 20.5 5
1441204 -64 30.5 21 5
1441250 -64 31 20.5 5
1441251 -64 31 21 5
1441297 -64 31.5 20.5 5
1441298 -64 31.5 21 5
1441344 -64 32 20.5 5
1441345 -64 32 21 5
1441391 -64 32.5 20.5 5
1441392 -64 32.5 21 5
1441438 -64 33 20.5 5
1441439 -64 33 21 5
1441485 -64 33.5 20.5 5
1441486 -64 33.5 21 5
1441532 -64 34 20.5 5
1441533 -64 34 21 5
1441579 -64 34.5 20.5 5
1441580 -64 34.5 21 5
1456572 -63.5 28.5 20.5 5
1456573 -63.5 28.5 21 5
1456619 -63.5 29 20.5 5
1456620 -63.5 29 21 5
1456666 -63.5 29.5 20.5 5
1456667 -63.5 29.5 21 5
1456713 -63.5 30 20.5 5
1456714 -63.5 30 21 5
1456760 -63.5 30.5 20.5 5
1456761 -63.5 30.5 21 5
1456807 -63.5 31 20.5 5
1456808 -63.5 31 21 5
1456854 -63.5 31.5 20.5 5
1456855 -63.5 31.5 21 5
1456901 -63.5 32 20.5 5
1456902 -63.5 32 21 5
1456948 -63.5 32.5 20.5 5
1456949 -63.5 32.5 21 5
1456995 -63.5 33 20.5 5
1456996 -63.5 33 21 5
1457042 -63.5 33.5 20.5 5
1457043 -63.5 33.5 21 5
1457089 -63.5 34 20.5 5
1457090 -63.5 34 21 5
1457136 -63.5 34.5 20.5 5
1457137 -63.5 34.5 21 5
1472129 -63 28.5 20.5 5
1472130 -63 28.5 21 5
1472176 -63 29 20.5 5
1472177 -63 29 21 5
1472223 -63 29.5 20.5 5
1472224 -63 29.5 21 5
1472270 -63 30 20.5 5
1472271 -63 30 21 5
1472317 -63 30.5 20.5 5
1472318 -63 30.5 21 5
1472364 -63 31 20.5 5
1472365 -63 31 21 5
1472411 -63 31.5 20.5 5
1472412 -63 31.5 21 5
1472458 -63 32 20.5 5
1472459 -63 32 21 5
1472505 -63 32.5 20.5 5
1472506 -63 32.5 21 5
1472552 -63 33 20.5 5
1472553 -63 33 21 5
1472599 -63 33.5 20.5 5
1472600 -63 33.5 21 5
1472646 -63 34 20.5 5
1472647 -63 34 21 5
1472693 -63 34.5 20.5 5
1472694 -63 34.5 21 5
1487686 -62.5 28.5 20.5 5
1487687 -62.5 28.5 21 5
1487733 -62.5 29 20.5 5
1487734 -62.5 29 21 5
1487780 -62.5 29.5 20.5 5
1487781 -62.5 29.5 21 5
1487827 -62.5 30 20.5 5
1487828 -62.5 30 21 5
1487874 -62.5 30.5 20.5 5
1487875 -62.5 30.5 21 5
1487921 -62.5 31 20.5 5
1487922 -62.5 31 21 5
1487968 -62.5 31.5 20.5 5
1487969 -62.5 31.5 21 5
1488015 -62.5 32 20.5 5
1488016 -62.5 32 21 5
1488062 -62.5 32.5 20.5 5
1488063 -62.5 32.5 21 5
1488109 -62.5 33 20.5 5
1488110 -62.5 33 21 5
1488156 -62.5 33.5 20.5 5
1488157 -62.5 33.5 21 5
1488203 -62.5 34 20.5 5
1488204 -62.5 34 21 5
1488250 -62.5 34.5 20.5 5
1488251 -62.5 34.5 21 5
1503243 -62 28.5 20.5 5
1503244 -62 28.5 21 5
1503290 -62 29 20.5 5
1503291 -62 29 21 5
1503337 -62 29.5 20.5 5
1503338 -62 29.5 21 5
1503384 -62 30 20.5 5
1503385 -62 30 21 5
1503431 -62 30.5 20.5 5
1503432 -62 30.5 21 5
1503478 -62 31 20.5 5
1503479 -62 31 21 5
1503525 -62 31.5 20.5 5
1503526 -62 31.5 21 5
1503572 -62 32 20.5 5
1503573 -62 32 21 5
1503619 -62 32.5 20.5 5
1503620 -62 32.5 21 5
1503666 -62 33 20.5 5
1503667 -62 33 21 5
1503713 -62 33.5 20.5 5
1503714 -62 33.5 21 5
1503760 -62 34 20.5 5
1503761 -62 34 21 5
1503807 -62 34.5 20.5 5
1503808 -62 34.5 21 5
1518800 -61.5 28.5 20.5 5
1518801 -61.5 28.5 21 5
1518847 -61.5 29 20.5 5
1518848 -61.5 29 21 5
1518894 -61.5 29.5 20.5 5
1518895 -61.5 29.5 21 5
1518941 -61.5 30 20.5 5
1518942 -61.5 30 21 5
1518988 -61.5 30.5 20.5 5
1518989 -61.5 30.5 21 5
1519035 -61.5 31 20.5 5
1519036 -61.5 31 21 5
1519082 -61.5 31.5 20.5 5
1519083 -61.5 31.5 21 5
1519129 -61.5 32 20.5 5
1519130 -61.5 32 21 5
1519176 -61.5 32.5 20.5 5
1519177 -61.5 32.5 21 5
1519223 -61.5 33 20.5 5
1519224 -61.5 33 21 5
1519270 -61.5 33.5 20.5 5
1519271 -61.5 33.5 21 5
1519317 -61.5 34 20.5 5
1519318 -61.5 34 21 5
1519364 -61.5 34.5 20.5 5
1519365 -61.5 34.5 21 5
1534357 -61 28.5 20.5 5
1534358 -61 28.5 21 5
1534404 -61 29 20.5 5
1534405 -61 29 21 5
1534451 -61 29.5 20.5 5
1534452 -61 29.5 21 5
1534498 -61 30 20.5 5
1534499 -61 30 21 5
1534545 -61 30.5 20.5 5
1534546 -61 30.5 21 5
1534592 -61 31 20.5 5
1534593 -61 31 21 5
1534639 -61 31.5 20.5 5
1534640 -61 31.5 21 5
1534686 -61 32 20.5 5
1534687 -61 32 21 5
1534733 -61 32.5 20.5 5
1534734 -61 32.5 21 5
1534780 -61 33 20.5 5
1534781 -61 33 21 5
1534827 -61 33.5 20.5 5
1534828 -61 33.5 21 5
1534874 -61 34 20.5 5
1534875 -61 34 21 5
1534921 -61 34.5 20.5 5
1534922 -61 34.5 21 5
1549914 -60.5 28.5 20.5 5
1549915 -60.5 28.5 21 5
1549961 -60.5 29 20.5 5
1549962 -60.5 29 21 5
1550008 -60.5 29.5 20.5 5
1550009 -60.5 29.5 21 5
1550055 -60.5 30 20.5 5
1550056 -60.5 30 21 5
1550102 -60.5 30.5 20.5 5
1550103 -60.5 30.5 21 5
1550149 -60.5 31 20.5 5
1550150 -60.5 31 21 5
1550196 -60.5 31.5 20.5 5
1550197 -60.5 31.5 21 5
1550243 -60.5 32 20.5 5
1550244 -60.5 32 21 5
1550290 -60.5 32.5 20.5 5
1550291 -60.5 32.5 21 5
1550337 -60.5 33 20.5 5
1550338 -60.5 33 21 5
1550384 -60.5 33.5 20.5 5
1550385 -60.5 33.5 21 5
1550431 -60.5 34 20.5 5
1550432 -60.5 34 21 5
1550478 -60.5 34.5 20.5 5
1550479 -60.5 34.5 21 5
1565471 -60 28.5 20.5 5
1565472 -60 28.5 21 5
1565518 -60 29 20.5 5
1565519 -60 29 21 5
1565565 -60 29.5 20.5 5
1565566 -60 29.5 21 5
1565612 -60 30 20.5 5
1565613 -60 30 21 5
1565659 -60 30.5 20.5 5
1565660 -60 30.5 21 5
1565706 -60 31 20.5 5
1565707 -60 31 21 5
1565753 -60 31.5 20.5 5
1565754 -60 31.5 21 5
1565800 -60 32 20.5 5
1565801 -60 32 21 5
1565847 -60 32.5 20.5 5
1565848 -60 32.5 21 5
1565894 -60 33 20.5 5
1565895 -60 33 21 5
1565941 -60 33.5 20.5 5
1565942 -60 33.5 21 5
1565988 -60 34 20.5 5
1565989 -60 34 21 5
1566035 -60 34.5 20.5 5
1566036 -60 34.5 21 5
1581028 -59.5 28.5 20.5 5
1581029 -59.5 28.5 21 5
1581075 -59.5 29 20.5 5
1581076 -59.5 29 21 5
1581122 -59.5 29.5 20.5 5
1581123 -59.5 29.5 21 5
1581169 -59.5 30 20.5 5
1581170 -59.5 30 21 5
1581216 -59.5 30.5 20.5 5
1581217 -59.5 30.5 21 5
1581263 -59.5 31 20.5 5
1581264 -59.5 31 21 5
1581310 -59.5 31.5 20.5 5
1581311 -59.5 31.5 21 5
1581357 -59.5 32 20.5 5
1581358 -59.5 32 21 5
1581404 -59.5 32.5 20.5 5
1581405 -59.5 32.5 21 5
1581451 -59.5 33 20.5 5
1581452 -59.5 33 21 5
1581498 -59.5 33.5 20.5 5
1581499 -59.5 33.5 21 5
1581545 -59.5 34 20.5 5
1581546 -59.5 34 21 5
1581592 -59.5 34.5 20.5 5
1581593 -59.5 34.5 21 5
1596585 -59 28.5 20.5 5
1596586 -59 28.5 21 5
1596632 -59 29 20.5 5
1596633 -59 29 21 5
1596679 -59 29.5 20.5 5
1596680 -59 29.5 21 5
1596726 -59 30 20.5 5
1596727 -59 30 21 5
1596773 -59 30.5 20.5 5
1596774 -59 30.5 21 5
1596820 -59 31 20.5 5
1596821 -59 31 21 5
1596867 -59 31.5 20.5 5
1596868 -59 31.5 21 5
1596914 -59 32 20.5 5
1596915 -59 32 21 5
1596961 -59 32.5 20.5 5
1596962 -59 32.5 21 5
1597008 -59 33 20.5 5
1597009 -59 33 21 5
1597055 -59 33.5 20.5 5
1597056 -59 33.5 21 5
1597102 -59 34 20.5 5
1597103 -59 34 21 5
1597149 -59 34.5 20.5 5
1597150 -59 34.5 21 5
1612142 -58.5 28.5 20.5 5
1612143 -58.5 28.5 21 5
1612189 -58.5 29 20.5 5
1612190 -58.5 29 21 5
1612236 -58.5 29.5 20.5 5
1612237 -58.5 29.5 21 5
1612283 -58.5 30 20.5 5
1612284 -58.5 30 21 5
1612330 -58.5 30.5 20.5 5
1612331 -58.5 30.5 21 5
1612377 -58.5 31 20.5 5
1612378 -58.5 31 21 5
1612424 -58.5 31.5 20.5 5
1612425 -58.5 31.5 21 5
1612471 -58.5 32 20.5 5
1612472 -58.5 32 21 5
1612518 -58.5 32.5 20.5 5
1612519 -58.5 32.5 21 5
1612565 -58.5 33 20.5 5
1612566 -58.5 33 21 5
1612612 -58.5 33.5 20.5 5
1612613 -58.5 33.5 21 5
1612659 -58.5 34 20.5 5
1612660 -58.5 34 21 5
1612706 -58.5 34.5 20.5 5
1612707 -58.5 34.5 21 5
1627699 -58 28.5 20.5 5
1627700 -58 28.5 21 5
1627746 -58 29 20.5 5
1627747 -58 29 21 5
1627793 -58 29.5 20.5 5
1627794 -58 29.5 21 5
1627840 -58 30 20.5 5
1627841 -58 30 21 5
1627887 -58 30.5 20.5 5
1627888 -58 30.5 21 5
1627934 -58 31 20.5 5
1627935 -58 31 21 5
1627981 -58 31.5 20.5 5
1627982 -58 31.5 21 5
1628028 -58 32 20.5 5
1628029 -58 32 21 5
1628075 -58 32.5 20.5 5
1628076 -58 32.5 21 5
1628122 -58 33 20.5 5
1628123 -58 33 21 5
1628169 -58 33.5 20.5 5
1628170 -58 33.5 21 5
1628216 -58 34 20.5 5
1628217 -58 34 21 5
1628263 -58 34.5 20.5 5
1628264 -58 34.5 21 5
1643256 -57.5 28.5 20.5 5
1643257 -57.5 28.5 21 5
1643303 -57.5 29 20.5 5
1643304 -57.5 29 21 5
1643350 -57.5 29.5 20.5 5
1643351 -57.5 29.5 21 5
1643397 -57.5 30 20.5 5
1643398 -57.5 30 21 5
1643444 -57.5 30.5 20.5 5
1643445 -57.5 30.5 21 5
1643491 -57.5 31 20.5 5
1643492 -57.5 31 21 5
1643538 -57.5 31.5 20.5 5
1643539 -57.5 31.5 21 5
1643585 -57.5 32 20.5 5
1643586 -57.5 32 21 5
1643632 -57.5 32.5 20.5 5
1643633 -57.5 32.5 21 5
1643679 -57.5 33 20.5 5
1643680 -57.5 33 21 5
1643726 -57.5 33.5 20.5 5
1643727 -57.5 33.5 21 5
1643773 -57.5 34 20.5 5
1643774 -57.5 34 21 5
1643820 -57.5 34.5 20.5 5
1643821 -57.5 34.5 21 5
1658813 -57 28.5 20.5 5
1658814 -57 28.5 21 5
1658860 -57 29 20.5 5
1658861 -57 29 21 5
1658907 -57 29.5 20.5 5
1658908 -57 29.5 21 5
1658954 -57 30 20.5 5
1658955 -57 30 21 5
1659001 -57 30.5 20.5 5
1659002 -57 30.5 21 5
1659048 -57 31 20.5 5
1659049 -57 31 21 5
1659095 -57 31.5 20.5 5
1659096 -57 31.5 21 5
1659142 -57 32 20.5 5
1659143 -57 32 21 5
1659189 -57 32.5 20.5 5
1659190 -57 32.5 21 5
1659236 -57 33 20.5 5
1659237 -57 33 21 5
1659283 -57 33.5 20.5 5
1659284 -57 33.5 21 5
1659330 -57 34 20.5 5
1659331 -57 34 21 5
1659377 -57 34.5 20.5 5
1659378 -57 34.5 21 5
1674370 -56.5 28.5 20.5 5
1674371 -56.5 28.5 21 5
1674417 -56.5 29 20.5 5
1674418 -56.5 29 21 5
1674464 -56.5 29.5 20.5 5
1674465 -56.5 29.5 21 5
1674511 -56.5 30 20.5 5
1674512 -56.5 30 21 5
1674558 -56.5 30.5 20.5 5
1674559 -56.5 30.5 21 5
1674605 -56.5 31 20.5 5
1674606 -56.5 31 21 5
1674652 -56.5 31.5 20.5 5
1674653 -56.5 31.5 21 5
1674699 -56.5 32 20.5 5
1674700 -56.5 32 21 5
1674746 -56.5 32.5 20.5 5
1674747 -56.5 32.5 21 5
1674793 -56.5 33 20.5 5
1674794 -56.5 33 21 5
1674840 -56.5 33.5 20.5 5
1674841 -56.5 33.5 21 5
1674887 -56.5 34 20.5 5
1674888 -56.5 34 21 5
1674934 -56.5 34.5 20.5 5
1674935 -56.5 34.5 21 5
1689927 -56 28.5 20.5 5
1689928 -56 28.5 21 5
1689974 -56 29 20.5 5
1689975 -56 29 21 5
1690021 -56 29.5 20.5 5
1690022 -56 29.5 21 5
1690068 -56 30 20.5 5
1690069 -56 30 21 5
1690115 -56 30.5 20.5 5
1690116 -56 30.5 21 5
1690162 -56 31 20.5 5
1690163 -56 31 21 5
1690209 -56 31.5 20.5 5
1690210 -56 31.5 21 5
1690256 -56 32 20.5 5
1690257 -56 32 21 5
1690303 -56 32.5 20.5 5
1690304 -56 32.5 21 5
1690350 -56 33 20.5 5
1690351 -56 33 21 5
1690397 -56 33.5 20.5 5
1690398 -56 33.5 21 5
1690444 -56 34 20.5 5
1690445 -56 34 21 5
1690491 -56 34.5 20.5 5
1690492 -56 34.5 21 5
1705484 -55.5 28.5 20.5 5
1705485 -55.5 28.5 21 5
1705531 -55.5 29 20.5 5
1705532 -55.5 29 21 5
1705578 -55.5 29.5 20.5 5
1705579 -55.5 29.5 21 5
1705625 -55.5 30 20.5 5
1705626 -55.5 30 21 5
1705672 -55.5 30.5 20.5 5
1705673 -55.5 30.5 21 5
1705719 -55.5 31 20.5 5
1705720 -55.5 31 21 5
1705766 -55.5 31.5 20.5 5
1705767 -55.5 31.5 21 5
1705813 -55.5 32 20.5 5
1705814 -55.5 32 21 5
1705860 -55.5 32.5 20.5 5
1705861 -55.5 32.5 21 5
1705907 -55.5 33 20.5 5
1705908 -55.5 33 21 5
1705954 -55.5 33.5 20.5 5
1705955 -55.5 33.5 21 5
1706001 -55.5 34 20.5 5
1706002 -55.5 34 21 5
1706048 -55.5 34.5 20.5 5
1706049 -55.5 34.5 21 5
1721041 -55 28.5 20.5 5
1721042 -55 28.5 21 5
1721088 -55 29 20.5 5
1721089 -55 29 21 5
1721135 -55 29.5 20.5 5
1721136 -55 29.5 21 5
1721182 -55 30 20.5 5
1721183 -55 30 21 5
1721229 -55 30.5 20.5 5
1721230 -55 30.5 21 5
1721276 -55 31 20.5 5
1721277 -55 31 21 5
1721323 -55 31.5 20.5 5
1721324 -55 31.5 21 5
1721370 -55 32 20.5 5
1721371 -55 32 21 5
1721417 -55 32.5 20.5 5
1721418 -55 32.5 21 5
1721464 -55 33 20.5 5
1721465 -55 33 21 5
1721511 -55 33.5 20.5 5
1721512 -55 33.5 21 5
1721558 -55 34 20.5 5
1721559 -55 34 21 5
1721605 -55 34.5 20.5 5
1721606 -55 34.5 21 5
1736598 -54.5 28.5 20.5 5
1736599 -54.5 28.5 21 5
1736645 -54.5 29 20.5 5
1736646 -54.5 29 21 5
1736692 -54.5 29.5 20.5 5
1736693 -54.5 29.5 21 5
1736739 -54.5 30 20.5 5
1736740 -54.5 30 21 5
1736786 -54.5 30.5 20.5 5
1736787 -54.5 30.5 21 5
1736833 -54.5 31 20.5 5
1736834 -54.5 31 21 5
1736880 -54.5 31.5 20.5 5
1736881 -54.5 31.5 21 5
1736927 -54.5 32 20.5 5
1736928 -54.5 32 21 5
1736974 -54.5 32.5 20.5 5
1736975 -54.5 32.5 21 5
1737021 -54.5 33 20.5 5
1737022 -54.5 33 21 5
1737068 -54.5 33.5 20.5 5
1737069 -54.5 33.5 21 5
1737115 -54.5 34 20.5 5
1737116 -54.5 34 21 5
1737162 -54.5 34.5 20.5 5
1737163 -54.5 34.5 21 5
1752155 -54 28.5 20.5 5
1752156 -54 28.5 21 5
1752202 -54 29 20.5 5
1752203 -54 29 21 5
1752249 -54 29.5 20.5 5
1752250 -54 29.5 21 5
1752296 -54 30 20.5 5
1752297 -54 30 21 5
1752343 -54 30.5 20.5 5
1752344 -54 30.5 21 5
1752390 -54 31 20.5 5
1752391 -54 31 21 5
1752437 -54 31.5 20.5 5
1752438 -54 31.5 21 5
1752484 -54 32 20.5 5
1752485 -54 32 21 5
1752531 -54 32.5 20.5 5
1752532 -54 32.5 21 5
1752578 -54 33 20.5 5
1752579 -54 33 21 5
1752625 -54 33.5 20.5 5
1752626 -54 33.5 21 5
1752672 -54 34 20.5 5
1752673 -54 34 21 5
1752719 -54 34.5 20.5 5
1752720 -54 34.5 21 5
1767712 -53.5 28.5 20.5 5
1767713 -53.5 28.5 21 5
1767759 -53.5 29 20.5 5
1767760 -53.5 29 21 5
1767806 -53.5 29.5 20.5 5
1767807 -53.5 29.5 21 5
1767853 -53.5 30 20.5 5
1767854 -53.5 30 21 5
1767900 -53.5 30.5 20.5 5
1767901 -53.5 30.5 21 5
1767947 -53.5 31 20.5 5
1767948 -53.5 31 21 5
1767994 -53.5 31.5 20.5 5
1767995 -53.5 31.5 21 5
1768041 -53.5 32 20.5 5
1768042 -53.5 32 21 5
1768088 -53.5 32.5 20.5 5
1768089 -53.5 32.5 21 5
1768135 -53.5 33 20.5 5
1768136 -53.5 33 21 5
1768182 -53.5 33.5 20.5 5
1768183 -53.5 33.5 21 5
1768229 -53.5 34 20.5 5
1768230 -53.5 34 21 5
1768276 -53.5 34.5 20.5 5
1768277 -53.5 34.5 21 5
1783269 -53 28.5 20.5 5
1783270 -53 28.5 21 5
1783316 -53 29 20.5 5
1783317 -53 29 21 5
1783363 -53 29.5 20.5 5
1783364 -53 29.5 21 5
1783410 -53 30 20.5 5
1783411 -53 30 21 5
1783457 -53 30.5 20.5 5
1783458 -53 30.5 21 5
1783504 -53 31 20.5 5
1783505 -53 31 21 5
1783551 -53 31.5 20.5 5
1783552 -53 31.5 21 5
1783598 -53 32 20.5 5
1783599 -53 32 21 5
1783645 -53 32.5 20.5 5
1783646 -53 32.5 21 5
1783692 -53 33 20.5 5
1783693 -53 33 21 5
1783739 -53 33.5 20.5 5
1783740 -53 33.5 21 5
1783786 -53 34 20.5 5
1783787 -53 34 21 5
1783833 -53 34.5 20.5 5
1783834 -53 34.5 21 5
1798826 -52.5 28.5 20.5 5
1798827 -52.5 28.5 21 5
1798873 -52.5 29 20.5 5
1798874 -52.5 29 21 5
1798920 -52.5 29.5 20.5 5
1798921 -52.5 29.5 21 5
1798967 -52.5 30 20.5 5
1798968 -52.5 30 21 5
1799014 -52.5 30.5 20.5 5
1799015 -52.5 30.5 21 5
1799061 -52.5 31 20.5 5
1799062 -52.5 31 21 5
1799108 -52.5 31.5 20.5 5
1799109 -52.5 31.5 21 5
1799155 -52.5 32 20.5 5
1799156 -52.5 32 21 5
1799202 -52.5 32.5 20.5 5
1799203 -52.5 32.5 21 5
1799249 -52.5 33 20.5 5
1799250 -52.5 33 21 5
1799296 -52.5 33.5 20.5 5
1799297 -52.5 33.5 21 5
1799343 -52.5 34 20.5 5
1799344 -52.5 34 21 5
1799390 -52.5 34.5 20.5 5
1799391 -52.5 34.5 21 5
1814383 -52 28.5 20.5 5
1814384 -52 28.5 21 5
1814430 -52 29 20.5 5
1814431 -52 29 21 5
1814477 -52 29.5 20.5 5
1814478 -52 29.5 21 5
1814524 -52 30 20.5 5
1814525 -52 30 21 5
1814571 -52 30.5 20.5 5
1814572 -52 30.5 21 5
1814618 -52 31 20.5 5
1814619 -52 31 21 5
1814665 -52 31.5 20.5 5
1814666 -52 31.5 21 5
1814712 -52 32 20.5 5
1814713 -52 32 21 5
1814759 -52 32.5 20.5 5
1814760 -52 32.5 21 5
1814806 -52 33 20.5 5
1814807 -52 33 21 5
1814853 -52 33.5 20.5 5
1814854 -52 33.5 21 5
1814900 -52 34 20.5 5
1814901 -52 34 21 5
1814947 -52 34.5 20.5 5
1814948 -52 34.5 21 5
1829940 -51.5 28.5 20.5 5
1829941 -51.5 28.5 21 5
1829987 -51.5 29 20.5 5
1829988 -51.5 29 21 5
1830034 -51.5 29.5 20.5 5
1830035 -51.5 29.5 21 5
1830081 -51.5 30 20.5 5
1830082 -51.5 30 21 5
1830128 -51.5 30.5 20.5 5
1830129 -51.5 30.5 21 5
1830175 -51.5 31 20.5 5
1830176 -51.5 31 21 5
1830222 -51.5 31.5 20.5 5
1830223 -51.5 31.5 21 5
1830269 -51.5 32 20.5 5
1830270 -51.5 32 21 5
1830316 -51.5 32.5 20.5 5
1830317 -51.5 32.5 21 5
1830363 -51.5 33 20.5 5
1830364 -51.5 33 21 5
1830410 -51.5 33.5 20.5 5
1830411 -51.5 33.5 21 5
1830457 -51.5 34 20.5 5
1830458 -51.5 34 21 5
1830504 -51.5 34.5 20.5 5
1830505 -51.5 34.5 21 5
1845497 -51 28.5 20.5 5
1845498 -51 28.5 21 5
1845544 -51 29 20.5 5
1845545 -51 29 21 5
1845591 -51 29.5 20.5 5
1845592 -51 29.5 21 5
1845638 -51 30 20.5 5
1845639 -51 30 21 5
1845685 -51 30.5 20.5 5
1845686 -51 30.5 21 5
1845732 -51 31 20.5 5
1845733 -51 31 21 5
1845779 -51 31.5 20.5 5
1845780 -51 31.5 21 5
1845826 -51 32 20.5 5
1845827 -51 32 21 5
1845873 -51 32.5 20.5 5
1845874 -51 32.5 21 5
1845920 -51 33 20.5 5
1845921 -51 33 21 5
1845967 -51 33.5 20.5 5
1845968 -51 33.5 21 5
1846014 -51 34 20.5 5
1846015 -51 34 21 5
1846061 -51 34.5 20.5 5
1846062 -51 34.5 21 5
1861054 -50.5 28.5 20.5 5
1861055 -50.5 28.5 21 5
1861101 -50.5 29 20.5 5
1861102 -50.5 29 21 5
1861148 -50.5 29.5 20.5 5
1861149 -50.5 29.5 21 5
1861195 -50.5 30 20.5 5
1861196 -50.5 30 21 5
1861242 -50.5 30.5 20.5 5
1861243 -50.5 30.5 21 5
1861289 -50.5 31 20.5 5
1861290 -50.5 31 21 5
1861336 -50.5 31.5 20.5 5
1861337 -50.5 31.5 21 5
1861383 -50.5 32 20.5 5
1861384 -50.5 32 21 5
1861430 -50.5 32.5 20.5 5
1861431 -50.5 32.5 21 5
1861477 -50.5 33 20.5 5
1861478 -50.5 33 21 5
1861524 -50.5 33.5 20.5 5
1861525 -50.5 33.5 21 5
1861571 -50.5 34 20.5 5
1861572 -50.5 34 21 5
1861618 -50.5 34.5 20.5 5
1861619 -50.5 34.5 21 5
1876611 -50 28.5 20.5 5
1876612 -50 28.5 21 5
1876658 -50 29 20.5 5
1876659 -50 29 21 5
1876705 -50 29.5 20.5 5
1876706 -50 29.5 21 5
1876752 -50 30 20.5 5
1876753 -50 30 21 5
1876799 -50 30.5 20.5 5
1876800 -50 30.5 21 5
1876846 -50 31 20.5 5
1876847 -50 31 21 5
1876893 -50 31.5 20.5 5
1876894 -50 31.5 21 5
1876940 -50 32 20.5 5
1876941 -50 32 21 5
1876987 -50 32.5 20.5 5
1876988 -50 32.5 21 5
1877034 -50 33 20.5 5
1877035 -50 33 21 5
1877081 -50 33.5 20.5 5
1877082 -50 33.5 21 5
1877128 -50 34 20.5 5
1877129 -50 34 21 5
1877175 -50 34.5 20.5 5
1877176 -50 34.5 21 5
1892168 -49.5 28.5 20.5 5
1892169 -49.5 28.5 21 5
1892215 -49.5 29 20.5 5
1892216 -49.5 29 21 5
1892262 -49.5 29.5 20.5 5
1892263 -49.5 29.5 21 5
1892309 -49.5 30 20.5 5
1892310 -49.5 30 21 5
1892356 -49.5 30.5 20.5 5
1892357 -49.5 30.5 21 5
1892403 -49.5 31 20.5 5
1892404 -49.5 31 21 5
1892450 -49.5 31.5 20.5 5
1892451 -49.5 31.5 21 5
1892497 -49.5 32 20.5 5
1892498 -49.5 32 21 5
1892544 -49.5 32.5 20.5 5
1892545 -49.5 32.5 21 5
1892591 -49.5 33 20.5 5
1892592 -49.5 33 21 5
1892638 -49.5 33.5 20.5 5
1892639 -49.5 33.5 21 5
1892685 -49.5 34 20.5 5
1892686 -49.5 34 21 5
1892732 -49.5 34.5 20.5 5
1892733 -49.5 34.5 21 5
1907725 -49 28.5 20.5 5
1907726 -49 28.5 21 5
1907772 -49 29 20.5 5
1907773 -49 29 21 5
1907819 -49 29.5 20.5 5
1907820 -49 29.5 21 5
1907866 -49 30 20.5 5
1907867 -49 30 21 5
1907913 -49 30.5 20.5 5
1907914 -49 30.5 21 5
1907960 -49 31 20.5 5
1907961 -49 31 21 5
1908007 -49 31.5 20.5 5
1908008 -49 31.5 21 5
1908054 -49 32 20.5 5
1908055 -49 32 21 5
1908101 -49 32.5 20.5 5
1908102 -49 32.5 21 5
1908148 -49 33 20.5 5
1908149 -49 33 21 5
1908195 -49 33.5 20.5 5
1908196 -49 33.5 21 5
1908242 -49 34 20.5 5
1908243 -49 34 21 5
1908289 -49 34.5 20.5 5
1908290 -49 34.5 21 5
1923282 -48.5 28.5 20.5 5
1923283 -48.5 28.5 21 5
1923329 -48.5 29 20.5 5
1923330 -48.5 29 21 5
1923376 -48.5 29.5 20.5 5
1923377 -48.5 29.5 21 5
1923423 -48.5 30 20.5 5
1923424 -48.5 30 21 5
1923470 -48.5 30.5 20.5 5
1923471 -48.5 30.5 21 5
1923517 -48.5 31 20.5 5
1923518 -48.5 31 21 5
1923564 -48.5 31.5 20.5 5
1923565 -48.5 31.5 21 5
1923611 -48.5 32 20.5 5
1923612 -48.5 32 21 5
1923658 -48.5 32.5 20.5 5
1923659 -48.5 32.5 21 5
1923705 -48.5 33 20.5 5
1923706 -48.5 33 21 5
1923752 -48.5 33.5 20.5 5
1923753 -48.5 33.5 21 5
1923799 -48.5 34 20.5 5
1923800 -48.5 34 21 5
1923846 -48.5 34.5 20.5 5
1923847 -48.5 34.5 21 5
1938839 -48 28.5 20.5 5
1938840 -48 28.5 21 5
1938886 -48 29 20.5 5
1938887 -48 29 21 5
1938933 -48 29.5 20.5 5
1938934 -48 29.5 21 5
1938980 -48 30 20.5 5
1938981 -48 30 21 5
1939027 -48 30.5 20.5 5
1939028 -48 30.5 21 5
1939074 -48 31 20.5 5
1939075 -48 31 21 5
1939121 -48 31.5 20.5 5
1939122 -48 31.5 21 5
1939168 -48 32 20.5 5
1939169 -48 32 21 5
1939215 -48 32.5 20.5 5
1939216 -48 32.5 21 5
1939262 -48 33 20.5 5
1939263 -48 33 21 5
1939309 -48 33.5 20.5 5
1939310 -48 33.5 21 5
1939356 -48 34 20.5 5
1939357 -48 34 21 5
1939403 -48 34.5 20.5 5
1939404 -48 34.5 21 5
1954396 -47.5 28.5 20.5 5
1954397 -47.5 28.5 21 5
1954443 -47.5 29 20.5 5
1954444 -47.5 29 21 5
1954490 -47.5 29.5 20.5 5
1954491 -47.5 29.5 21 5
1954537 -47.5 30 20.5 5
1954538 -47.5 30 21 5
1954584 -47.5 30.5 20.5 5
1954585 -47.5 30.5 21 5
1954631 -47.5 31 20.5 5
1954632 -47.5 31 21 5
1954678 -47.5 31.5 20.5 5
1954679 -47.5 31.5 21 5
1954725 -47.5 32 20.5 5
1954726 -47.5 32 21 5
1954772 -47.5 32.5 20.5 5
1954773 -47.5 32.5 21 5
1954819 -47.5 33 20.5 5
1954820 -47.5 33 21 5
1954866 -47.5 33.5 20.5 5
1954867 -47.5 33.5 21 5
1954913 -47.5 34 20.5 5
1954914 -47.5 34 21 5
1954960 -47.5 34.5 20.5 5
1954961 -47.5 34.5 21 5
1969953 -47 28.5 20.5 5
1969954 -47 28.5 21 5
1970000 -47 29 20.5 5
1970001 -47 29 21 5
1970047 -47 29.5 20.5 5
1970048 -47 29.5 21 5
1970094 -47 30 20.5 5
1970095 -47 30 21 5
1970141 -47 30.5 20.5 5
1970142 -47 30.5 21 5
1970188 -47 31 20.5 5
1970189 -47 31 21 5
1970235 -47 31.5 20.5 5
1970236 -47 31.5 21 5
1970282 -47 32 20.5 5
1970283 -47 32 21 5
1970329 -47 32.5 20.5 5
1970330 -47 32.5 21 5
1970376 -47 33 20.5 5
1970377 -47 33 21 5
1970423 -47 33.5 20.5 5
1970424 -47 33.5 21 5
1970470 -47 34 20.5 5
1970471 -47 34 21 5
1970517 -47 34.5 20.5 5
1970518 -47 34.5 21 5
1985510 -46.5 28.5 20.5 5
1985511 -46.5 28.5 21 5
1985557 -46.5 29 20.5 5
1985558 -46.5 29 21 5
1985604 -46.5 29.5 20.5 5
1985605 -46.5 29.5 21 5
1985651 -46.5 30 20.5 5
1985652 -46.5 30 21 5
1985698 -46.5 30.5 20.5 5
1985699 -46.5 30.5 21 5
1985745 -46.5 31 20.5 5
1985746 -46.5 31 21 5
1985792 -46.5 31.5 20.5 5
1985793 -46.5 31.5 21 5
1985839 -46.5 32 20.5 5
1985840 -46.5 32 21 5
1985886 -46.5 32.5 20.5 5
1985887 -46.5 32.5 21 5
1985933 -46.5 33 20.5 5
1985934 -46.5 33 21 5
1985980 -46.5 33.5 20.5 5
1985981 -46.5 33.5 21 5
1986027 -46.5 34 20.5 5
1986028 -46.5 34 21 5
1986074 -46.5 34.5 20.5 5
1986075 -46.5 34.5 21 5
2001067 -46 28.5 20.5 5
2001068 -46 28.5 21 5
2001114 -46 29 20.5 5
2001115 -46 29 21 5
2001161 -46 29.5 20.5 5
2001162 -46 29.5 21 5
2001208 -46 30 20.5 5
2001209 -46 30 21 5
2001255 -46 30.5 20.5 5
2001256 -46 30.5 21 5
2001302 -46 31 20.5 5
2001303 -46 31 21 5
2001349 -46 31.5 20.5 5
2001350 -46 31.5 21 5
2001396 -46 32 20.5 5
2001397 -46 32 21 5
2001443 -46 32.5 20.5 5
2001444 -46 32.5 21 5
2001490 -46 33 20.5 5
2001491 -46 33 21 5
2001537 -46 33.5 20.5 5
2001538 -46 33.5 21 5
2001584 -46 34 20.5 5
2001585 -46 34 21 5
2001631 -46 34.5 20.5 5
2001632 -46 34.5 21 5
2016624 -45.5 28.5 20.5 5
2016625 -45.5 28.5 21 5
2016671 -45.5 29 20.5 5
2016672 -45.5 29 21 5
2016718 -45.5 29.5 20.5 5
2016719 -45.5 29.5 21 5
2016765 -45.5 30 20.5 5
2016766 -45.5 30 21 5
2016812 -45.5 30.5 20.5 5
2016813 -45.5 30.5 21 5
2016859 -45.5 31 20.5 5
2016860 -45.5 31 21 5
2016906 -45.5 31.5 20.5 5
2016907 -45.5 31.5 21 5
2016953 -45.5 32 20.5 5
2016954 -45.5 32 21 5
2017000 -45.5 32.5 20.5 5
2017001 -45.5 32.5 21 5
2017047 -45.5 33 20.5 5
2017048 -45.5 33 21 5
2017094 -45.5 33.5 20.5 5
2017095 -45.5 33.5 21 5
2017141 -45.5 34 20.5 5
2017142 -45.5 34 21 5
2017188 -45.5 34.5 20.5 5
2017189 -45.5 34.5 21 5
2032181 -45 28.5 20.5 5
2032182 -45 28.5 21 5
2032228 -45 29 20.5 5
2032229 -45 29 21 5
2032275 -45 29.5 20.5 5
2032276 -45 29.5 21 5
2032322 -45 30 20.5 5
2032323 -45 30 21 5
2032369 -45 30.5 20.5 5
2032370 -45 30.5 21 5
2032416 -45 31 20.5 5
2032417 -45 31 21 5
2032463 -45 31.5 20.5 5
2032464 -45 31.5 21 5
2032510 -45 32 20.5 5
2032511 -45 32 21 5
2032557 -45 32.5 20.5 5
2032558 -45 32.5 21 5
2032604 -45 33 20.5 5
2032605 -45 33 21 5
2032651 -45 33.5 20.5 5
2032652 -45 33.5 21 5
2032698 -45 34 20.5 5
2032699 -45 34 21 5
2032745 -45 34.5 20.5 5
2032746 -45 34.5 21 5
2047738 -44.5 28.5 20.5 5
2047739 -44.5 28.5 21 5
2047785 -44.5 29 20.5 5
2047786 -44.5 29 21 5
2047832 -44.5 29.5 20.5 5
2047833 -44.5 29.5 21 5
2047879 -44.5 30 20.5 5
2047880 -44.5 30 21 5
2047926 -44.5 30.5 20.5 5
2047927 -44.5 30.5 21 5
2047973 -44.5 31 20.5 5
2047974 -44.5 31 21 5
2048020 -44.5 31.5 20.5 5
2048021 -44.5 31.5 21 5
2048067 -44.5 32 20.5 5
2048068 -44.5 32 21 5
2048114 -44.5 32.5 20.5 5
2048115 -44.5 32.5 21 5
2048161 -44.5 33 20.5 5
2048162 -44.5 33 21 5
2048208 -44.5 33.5 20.5 5
2048209 -44.5 33.5 21 5
2048255 -44.5 34 20.5 5
2048256 -44.5 34 21 5
2048302 -44.5 34.5 20.5 5
2048303 -44.5 34.5 21 5
2063295 -44 28.5 20.5 5
2063296 -44 28.5 21 5
2063342 -44 29 20.5 5
2063343 -44 29 21 5
2063389 -44 29.5 20.5 5
2063390 -44 29.5 21 5
2063436 -44 30 20.5 5
2063437 -44 30 21 5
2063483 -44 30.5 20.5 5
2063484 -44 30.5 21 5
2063530 -44 31 20.5 5
2063531 -44 31 21 5
2063577 -44 31.5 20.5 5
2063578 -44 31.5 21 5
2063624 -44 32 20.5 5
2063625 -44 32 21 5
2063671 -44 32.5 20.5 5
2063672 -44 32.5 21 5
2063718 -44 33 20.5 5
2063719 -44 33 21 5
2063765 -44 33.5 20.5 5
2063766 -44 33.5 21 5
2063812 -44 34 20.5 5
2063813 -44 34 21 5
2063859 -44 34.5 20.5 5
2063860 -44 34.5 21 5
2078852 -43.5 28.5 20.5 5
2078853 -43.5 28.5 21 5
2078899 -43.5 29 20.5 5
2078900 -43.5 29 21 5
2078946 -43.5 29.5 20.5 5
2078947 -43.5 29.5 21 5
2078993 -43.5 30 20.5 5
2078994 -43.5 30 21 5
2079040 -43.5 30.5 20.5 5
2079041 -43.5 30.5 21 5
2079087 -43.5 31 20.5 5
2079088 -43.5 31 21 5
2079134 -43.5 31.5 20.5 5
2079135 -43.5 31.5 21 5
2079181 -43.5 32 20.5 5
2079182 -43.5 32 21 5
2079228 -43.5 32.5 20.5 5
2079229 -43.5 32.5 21 5
2079275 -43.5 33 20.5 5
2079276 -43.5 33 21 5
2079322 -43.5 33.5 20.5 5
2079323 -43.5 33.5 21 5
2079369 -43.5 34 20.5 5
2079370 -43.5 34 21 5
2079416 -43.5 34.5 20.5 5
2079417 -43.5 34.5 21 5
2094409 -43 28.5 20.5 5
2094410 -43 28.5 21 5
2094456 -43 29 20.5 5
2094457 -43 29 21 5
2094503 -43 29.5 20.5 5
2094504 -43 29.5 21 5
2094550 -43 30 20.5 5
2094551 -43 30 21 5
2094597 -43 30.5 20.5 5
2094598 -43 30.5 21 5
2094644 -43 31 20.5 5
2094645 -43 31 21 5
2094691 -43 31.5 20.5 5
2094692 -43 31.5 21 5
2094738 -43 32 20.5 5
2094739 -43 32 21 5
2094785 -43 32.5 20.5 5
2094786 -43 32.5 21 5
2094832 -43 33 20.5 5
2094833 -43 33 21 5
2094879 -43 33.5 20.5 5
2094880 -43 33.5 21 5
2094926 -43 34 20.5 5
2094927 -43 34 21 5
2094973 -43 34.5 20.5 5
2094974 -43 34.5 21 5
2109966 -42.5 28.5 20.5 5
2109967 -42.5 28.5 21 5
2110013 -42.5 29 20.5 5
2110014 -42.5 29 21 5
2110060 -42.5 29.5 20.5 5
2110061 -42.5 29.5 21 5
2110107 -42.5 30 20.5 5
2110108 -42.5 30 21 5
2110154 -42.5 30.5 20.5 5
2110155 -42.5 30.5 21 5
2110201 -42.5 31 20.5 5
2110202 -42.5 31 21 5
2110248 -42.5 31.5 20.5 5
2110249 -42.5 31.5 21 5
2110295 -42.5 32 20.5 5
2110296 -42.5 32 21 5
2110342 -42.5 32.5 20.5 5
2110343 -42.5 32.5 21 5
2110389 -42.5 33 20.5 5
2110390 -42.5 33 21 5
2110436 -42.5 33.5 20.5 5
2110437 -42.5 33.5 21 5
2110483 -42.5 34 20.5 5
2110484 -42.5 34 21 5
2110530 -42.5 34.5 20.5 5
2110531 -42.5 34.5 21 5
2125523 -42 28.5 20.5 5
2125524 -42 28.5 21 5
2125570 -42 29 20.5 5
2125571 -42 29 21 5
2125617 -42 29.5 20.5 5
2125618 -42 29.5 21 5
2125664 -42 30 20.5 5
2125665 -42 30 21 5
2125711 -42 30.5 20.5 5
2125712 -42 30.5 21 5
2125758 -42 31 20.5 5
2125759 -42 31 21 5
2125805 -42 31.5 20.5 5
2125806 -42 31.5 21 5
2125852 -42 32 20.5 5
2125853 -42 32 21 5
2125899 -42 32.5 20.5 5
2125900 -42 32.5 21 5
2125946 -42 33 20.5 5
2125947 -42 33 21 5
2125993 -42 33.5 20.5 5
2125994 -42 33.5 21 5
2126040 -42 34 20.5 5
2126041 -42 34 21 5
2126087 -42 34.5 20.5 5
2126088 -42 34.5 21 5
2141080 -41.5 28.5 20.5 5
2141081 -41.5 28.5 21 5
2141127 -41.5 29 20.5 5
2141128 -41.5 29 21 5
2141174 -41.5 29.5 20.5 5
2141175 -41.5 29.5 21 5
2141221 -41.5 30 20.5 5
2141222 -41.5 30 21 5
2141268 -41.5 30.5 20.5 5
2141269 -41.5 30.5 21 5
2141315 -41.5 31 20.5 5
2141316 -41.5 31 21 5
2141362 -41.5 31.5 20.5 5
2141363 -41.5 31.5 21 5
2141409 -41.5 32 20.5 5
2141410 -41.5 32 21 5
2141456 -41.5 32.5 20.5 5
2141457 -41.5 32.5 21 5
2141503 -41.5 33 20.5 5
2141504 -41.5 33 21 5
2141550 -41.5 33.5 20.5 5
2141551 -41.5 33.5 21 5
2141597 -41.5 34 20.5 5
2141598 -41.5 34 21 5
2141644 -41.5 34.5 20.5 5
2141645 -41.5 34.5 21 5
2156637 -41 28.5 20.5 5
2156638 -41 28.5 21 5
2156684 -41 29 20.5 5
2156685 -41 29 21 5
2156731 -41 29.5 20.5 5
2156732 -41 29.5 21 5
2156778 -41 30 20.5 5
2156779 -41 30 21 5
2156825 -41 30.5 20.5 5
2156826 -41 30.5 21 5
2156872 -41 31 20.5 5
2156873 -41 31 21 5
2156919 -41 31.5 20.5 5
2156920 -41 31.5 21 5
2156966 -41 32 20.5 5
2156967 -41 32 21 5
2157013 -41 32.5 20.5 5
2157014 -41 32.5 21 5
2157060 -41 33 20.5 5
2157061 -41 33 21 5
2157107 -41 33.5 20.5 5
2157108 -41 33.5 21 5
2157154 -41 34 20.5 5
2157155 -41 34 21 5
2157201 -41 34.5 20.5 5
2157202 -41 34.5 21 5
2172194 -40.5 28.5 20.5 5
2172195 -40.5 28.5 21 5
2172241 -40.5 29 20.5 5
2172242 -40.5 29 21 5
2172288 -40.5 29.5 20.5 5
2172289 -40.5 29.5 21 5
2172335 -40.5 30 20.5 5
2172336 -40.5 30 21 5
2172382 -40.5 30.5 20.5 5
2172383 -40.5 30.5 21 5
2172429 -40.5 31 20.5 5
2172430 -40.5 31 21 5
2172476 -40.5 31.5 20.5 5
2172477 -40.5 31.5 21 5
2172523 -40.5 32 20.5 5
2172524 -40.5 32 21 5
2172570 -40.5 32.5 20.5 5
2172571 -40.5 32.5 21 5
2172617 -40.5 33 20.5 5
2172618 -40.5 33 21 5
2172664 -40.5 33.5 20.5 5
2172665 -40.5 33.5 21 5
2172711 -40.5 34 20.5 5
2172712 -40.5 34 21 5
2172758 -40.5 34.5 20.5 5
2172759 -40.5 34.5 21 5
2187751 -40 28.5 20.5 5
2187752 -40 28.5 21 5
2187798 -40 29 20.5 5
2187799 -40 29 21 5
2187845 -40 29.5 20.5 5
2187846 -40 29.5 21 5
2187892 -40 30 20.5 5
2187893 -40 30 21 5
2187939 -40 30.5 20.5 5
2187940 -40 30.5 21 5
2187986 -40 31 20.5 5
2187987 -40 31 21 5
2188033 -40 31.5 20.5 5
2188034 -40 31.5 21 5
2188080 -40 32 20.5 5
2188081 -40 32 21 5
2188127 -40 32.5 20.5 5
2188128 -40 32.5 21 5
2188174 -40 33 20.5 5
2188175 -40 33 21 5
2188221 -40 33.5 20.5 5
2188222 -40 33.5 21 5
2188268 -40 34 20.5 5
2188269 -40 34 21 5
2188315 -40 34.5 20.5 5
2188316 -40 34.5 21 5
2203308 -39.5 28.5 20.5 5
2203309 -39.5 28.5 21 5
2203355 -39.5 29 20.5 5
2203356 -39.5 29 21 5
2203402 -39.5 29.5 20.5 5
2203403 -39.5 29.5 21 5
2203449 -39.5 30 20.5 5
2203450 -39.5 30 21 5
2203496 -39.5 30.5 20.5 5
2203497 -39.5 30.5 21 5
2203543 -39.5 31 20.5 5
2203544 -39.5 31 21 5
2203590 -39.5 31.5 20.5 5
2203591 -39.5 31.5 21 5
2203637 -39.5 32 20.5 5
2203638 -39.5 32 21 5
2203684 -39.5 32.5 20.5 5
2203685 -39.5 32.5 21 5
2203731 -39.5 33 20.5 5
2203732 -39.5 33 21 5
2203778 -39.5 33.5 20.5 5
2203779 -39.5 33.5 21 5
2203825 -39.5 34 20.5 5
2203826 -39.5 34 21 5
2203872 -39.5 34.5 20.5 5
2203873 -39.5 34.5 21 5
2218865 -39 28.5 20.5 5
2218866 -39 28.5 21 5
2218912 -39 29 20.5 5
2218913 -39 29 21 5
2218959 -39 29.5 20.5 5
2218960 -39 29.5 21 5
2219006 -39 30 20.5 5
2219007 -39 30 21 5
2219053 -39 30.5 20.5 5
2219054 -39 30.5 21 5
2219100 -39 31 20.5 5
2219101 -39 31 21 5
2219147 -39 31.5 20.5 5
2219148 -39 31.5 21 5
2219194 -39 32 20.5 5
2219195 -39 32 21 5
2219241 -39 32.5 20.5 5
2219242 -39 32.5 21 5
2219288 -39 33 20.5 5
2219289 -39 33 21 5
2219335 -39 33.5 20.5 5
2219336 -39 33.5 21 5
2219382 -39 34 20.5 5
2219383 -39 34 21 5
2219429 -39 34.5 20.5 5
2219430 -39 34.5 21 5
2234422 -38.5 28.5 20.5 5
2234423 -38.5 28.5 21 5
2234469 -38.5 29 20.5 5
2234470 -38.5 29 21 5
2234516 -38.5 29.5 20.5 5
2234517 -38.5 29.5 21 5
2234563 -38.5 30 20.5 5
2234564 -38.5 30 21 5
2234610 -38.5 30.5 20.5 5
2234611 -38.5 30.5 21 5
2234657 -38.5 31 20.5 5
2234658 -38.5 31 21 5
2234704 -38.5 31.5 20.5 5
2234705 -38.5 31.5 21 5
2234751 -38.5 32 20.5 5
2234752 -38.5 32 21 5
2234798 -38.5 32.5 20.5 5
2234799 -38.5 32.5 21 5
2234845 -38.5 33 20.5 5
2234846 -38.5 33 21 5
2234892 -38.5 33.5 20.5 5
2234893 -38.5 33.5 21 5
2234939 -38.5 34 20.5 5
2234940 -38.5 34 21 5
2234986 -38.5 34.5 20.5 5
2234987 -38.5 34.5 21 5
2249979 -38 28.5 20.5 5
2249980 -38 28.5 21 5
2250026 -38 29 20.5 5
2250027 -38 29 21 5
2250073 -38 29.5 20.5 5
2250074 -38 29.5 21 5
2250120 -38 30 20.5 5
2250121 -38 30 21 5
2250167 -38 30.5 20.5 5
2250168 -38 30.5 21 5
2250214 -38 31 20.5 5
2250215 -38 31 21 5
2250261 -38 31.5 20.5 5
2250262 -38 31.5 21 5
2250308 -38 32 20.5 5
2250309 -38 32 21 5
2250355 -38 32.5 20.5 5
2250356 -38 32.5 21 5
2250402 -38 33 20.5 5
2250403 -38 33 21 5
2250449 -38 33.5 20.5 5
2250450 -38 33.5 21 5
2250496 -38 34 20.5 5
2250497 -38 34 21 5
2250543 -38 34.5 20.5 5
2250544 -38 34.5 21 5
2265536 -37.5 28.5 20.5 5
2265537 -37.5 28.5 21 5
2265583 -37.5 29 20.5 5
2265584 -37.5 29 21 5
2265630 -37.5 29.5 20.5 5
2265631 -37.5 29.5 21 5
2265677 -37.5 30 20.5 5
2265678 -37.5 30 21 5
2265724 -37.5 30.5 20.5 5
2265725 -37.5 30.5 21 5
2265771 -37.5 31 20.5 5
2265772 -37.5 31 21 5
2265818 -37.5 31.5 20.5 5
2265819 -37.5 31.5 21 5
2265865 -37.5 32 20.5 5
2265866 -37.5 32 21 5
2265912 -37.5 32.5 20.5 5
2265913 -37.5 32.5 21 5
2265959 -37.5 33 20.5 5
2265960 -37.5 33 21 5
2266006 -37.5 33.5 20.5 5
2266007 -37.5 33.5 21 5
2266053 -37.5 34 20.5 5
2266054 -37.5 34 21 5
2266100 -37.5 34.5 20.5 5
2266101 -37.5 34.5 21 5
2281093 -37 28.5 20.5 5
2281094 -37 28.5 21 5
2281140 -37 29 20.5 5
2281141 -37 29 21 5
2281187 -37 29.5 20.5 5
2281188 -37 29.5 21 5
2281234 -37 30 20.5 5
2281235 -37 30 21 5
2281281 -37 30.5 20.5 5
2281282 -37 30.5 21 5
2281328 -37 31 20.5 5
2281329 -37 31 21 5
2281375 -37 31.5 20.5 5
2281376 -37 31.5 21 5
2281422 -37 32 20.5 5
2281423 -37 32 21 5
2281469 -37 32.5 20.5 5
2281470 -37 32.5 21 5
2281516 -37 33 20.5 5
2281517 -37 33 21 5
2281563 -37 33.5 20.5 5
2281564 -37 33.5 21 5
2281610 -37 34 20.5 5
2281611 -37 34 21 5
2281657 -37 34.5 20.5 5
2281658 -37 34.5 21 5
2296650 -36.5 28.5 20.5 5
2296651 -36.5 28.5 21 5
2296697 -36.5 29 20.5 5
2296698 -36.5 29 21 5
2296744 -36.5 29.5 20.5 5
2296745 -36.5 29.5 21 5
2296791 -36.5 30 20.5 5
2296792 -36.5 30 21 5
2296838 -36.5 30.5 20.5 5
2296839 -36.5 30.5 21 5
2296885 -36.5 31 20.5 5
2296886 -36.5 31 21 5
2296932 -36.5 31.5 20.5 5
2296933 -36.5 31.5 21 5
2296979 -36.5 32 20.5 5
2296980 -36.5 32 21 5
2297026 -36.5 32.5 20.5 5
2297027 -36.5 32.5 21 5
2297073 -36.5 33 20.5 5
2297074 -36.5 33 21 5
2297120 -36.5 33.5 20.5 5
2297121 -36.5 33.5 21 5
2297167 -36.5 34 20.5 5
2297168 -36.5 34 21 5
2297214 -36.5 34.5 20.5 5
2297215 -36.5 34.5 21 5
2312207 -36 28.5 20.5 5
2312208 -36 28.5 21 5
2312254 -36 29 20.5 5
2312255 -36 29 21 5
2312301 -36 29.5 20.5 5
2312302 -36 29.5 21 5
2312348 -36 30 20.5 5
2312349 -36 30 21 5
2312395 -36 30.5 20.5 5
2312396 -36 30.5 21 5
2312442 -36 31 20.5 5
2312443 -36 31 21 5
2312489 -36 31.5 20.5 5
2312490 -36 31.5 21 5
2312536 -36 32 20.5 5
2312537 -36 32 21 5
2312583 -36 32.5 20.5 5
2312584 -36 32.5 21 5
2312630 -36 33 20.5 5
2312631 -36 33 21 5
2312677 -36 33.5 20.5 5
2312678 -36 33.5 21 5
2312724 -36 34 20.5 5
2312725 -36 34 21 5
2312771 -36 34.5 20.5 5
2312772 -36 34.5 21 5
2327764 -35.5 28.5 20.5 5
2327765 -35.5 28.5 21 5
2327811 -35.5 29 20.5 5
2327812 -35.5 29 21 5
2327858 -35.5 29.5 20.5 5
2327859 -35.5 29.5 21 5
2327905 -35.5 30 20.5 5
2327906 -35.5 30 21 5
2327952 -35.5 30.5 20.5 5
2327953 -35.5 30.5 21 5
2327999 -35.5 31 20.5 5
2328000 -35.5 31 21 5
2328046 -35.5 31.5 20.5 5
2328047 -35.5 31.5 21 5
2328093 -35.5 32 20.5 5
2328094 -35.5 32 21 5
2328140 -35.5 32.5 20.5 5
2328141 -35.5 32.5 21 5
2328187 -35.5 33 20.5 5
2328188 -35.5 33 21 5
2328234 -35.5 33.5 20.5 5
2328235 -35.5 33.5 21 5
2328281 -35.5 34 20.5 5
2328282 -35.5 34 21 5
2328328 -35.5 34.5 20.5 5
2328329 -35.5 34.5 21 5
2343321 -35 28.5 20.5 5
2343322 -35 28.5 21 5
2343368 -35 29 20.5 5
2343369 -35 29 21 5
2343415 -35 29.5 20.5 5
2343416 -35 29.5 21 5
2343462 -35 30 20.5 5
2343463 -35 30 21 5
2343509 -35 30.5 20.5 5
2343510 -35 30.5 21 5
2343556 -35 31 20.5 5
2343557 -35 31 21 5
2343603 -35 31.5 20.5 5
2343604 -35 31.5 21 5
2343650 -35 32 20.5 5
2343651 -35 32 21 5
2343697 -35 32.5 20.5 5
2343698 -35 32.5 21 5
2343744 -35 33 20.5 5
2343745 -35 33 21 5
2343791 -35 33.5 20.5 5
2343792 -35 33.5 21 5
2343838 -35 34 20.5 5
2343839 -35 34 21 5
2343885 -35 34.5 20.5 5
2343886 -35 34.5 21 5
2358878 -34.5 28.5 20.5 5
2358879 -34.5 28.5 21 5
2358925 -34.5 29 20.5 5
2358926 -34.5 29 21 5
2358972 -34.5 29.5 20.5 5
2358973 -34.5 29.5 21 5
2359019 -34.5 30 20.5 5
2359020 -34.5 30 21 5
2359066 -34.5 30.5 20.5 5
2359067 -34.5 30.5 21 5
2359113 -34.5 31 20.5 5
2359114 -34.5 31 21 5
2359160 -34.5 31.5 20.5 5
2359161 -34.5 31.5 21 5
2359207 -34.5 32 20.5 5
2359208 -34.5 32 21 5
2359254 -34.5 32.5 20.5 5
2359255 -34.5 32.5 21 5
2359301 -34.5 33 20.5 5
2359302 -34.5 33 21 5
2359348 -34.5 33.5 20.5 5
2359349 -34.5 33.5 21 5
2359395 -34.5 34 20.5 5
2359396 -34.5 34 21 5
2359442 -34.5 34.5 20.5 5
2359443 -34.5 34.5 21 5
2374435 -34 28.5 20.5 5
2374436 -34 28.5 21 5
2374482 -34 29 20.5 5
2374483 -34 29 21 5
2374529 -34 29.5 20.5 5
2374530 -34 29.5 21 5
2374576 -34 30 20.5 5
2374577 -34 30 21 5
2374623 -34 30.5 20.5 5
2374624 -34 30.5 21 5
2374670 -34 31 20.5 5
2374671 -34 31 21 5
2374717 -34 31.5 20.5 5
2374718 -34 31.5 21 5
2374764 -34 32 20.5 5
2374765 -34 32 21 5
2374811 -34 32.5 20.5 5
2374812 -34 32.5 21 5
2374858 -34 33 20.5 5
2374859 -34 33 21 5
2374905 -34 33.5 20.5 5
2374906 -34 33.5 21 5
2374952 -34 34 20.5 5
2374953 -34 34 21 5
2374999 -34 34.5 20.5 5
2375000 -34 34.5 21 5
2389992 -33.5 28.5 20.5 5
2389993 -33.5 28.5 21 5
2390039 -33.5 29 20.5 5
2390040 -33.5 29 21 5
2390086 -33.5 29.5 20.5 5
2390087 -33.5 29.5 21 5
2390133 -33.5 30 20.5 5
2390134 -33.5 30 21 5
2390180 -33.5 30.5 20.5 5
2390181 -33.5 30.5 21 5
2390227 -33.5 31 20.5 5
2390228 -33.5 31 21 5
2390274 -33.5 31.5 20.5 5
2390275 -33.5 31.5 21 5
2390321 -33.5 32 20.5 5
2390322 -33.5 32 21 5
2390368 -33.5 32.5 20.5 5
2390369 -33.5 32.5 21 5
2390415 -33.5 33 20.5 5
2390416 -33.5 33 21 5
2390462 -33.5 33.5 20.5 5
2390463 -33.5 33.5 21 5
2390509 -33.5 34 20.5 5
2390510 -33.5 34 21 5
2390556 -33.5 34.5 20.5 5
2390557 -33.5 34.5 21 5
2405549 -33 28.5 20.5 5
2405550 -33 28.5 21 5
2405596 -33 29 20.5 5
2405597 -33 29 21 5
2405643 -33 29.5 20.5 5
2405644 -33 29.5 21 5
2405690 -33 30 20.5 5
2405691 -33 30 21 5
2405737 -33 30.5 20.5 5
2405738 -33 30.5 21 5
2405784 -33 31 20.5 5
2405785 -33 31 21 5
2405831 -33 31.5 20.5 5
2405832 -33 31.5 21 5
2405878 -33 32 20.5 5
2405879 -33 32 21 5
2405925 -33 32.5 20.5 5
2405926 -33 32.5 21 5
2405972 -33 33 20.5 5
2405973 -33 33 21 5
2406019 -33 33.5 20.5 5
2406020 -33 33.5 21 5
2406066 -33 34 20.5 5
2406067 -33 34 21 5
2406113 -33 34.5 20.5 5
2406114 -33 34.5 21 5
2421106 -32.5 28.5 20.5 5
2421107 -32.5 28.5 21 5
2421153 -32.5 29 20.5 5
2421154 -32.5 29 21 5
2421200 -32.5 29.5 20.5 5
2421201 -32.5 29.5 21 5
2421247 -32.5 30 20.5 5
2421248 -32.5 30 21 5
2421294 -32.5 30.5 20.5 5
2421295 -32.5 30.5 21 5
2421341 -32.5 31 20.5 5
2421342 -32.5 31 21 5
2421388 -32.5 31.5 20.5 5
2421389 -32.5 31.5 21 5
2421435 -32.5 32 20.5 5
2421436 -32.5 32 21 5
2421482 -32.5 32.5 20.5 5
2421483 -32.5 32.5 21 5
2421529 -32.5 33 20.5 5
2421530 -32.5 33 21 5
2421576 -32.5 33.5 20.5 5
2421577 -32.5 33.5 21 5
2421623 -32.5 34 20.5 5
2421624 -32.5 34 21 5
2421670 -32.5 34.5 20.5 5
2421671 -32.5 34.5 21 5
2436663 -32 28.5 20.5 5
2436664 -32 28.5 21 5
2436710 -32 29 20.5 5
2436711 -32 29 21 5
2436757 -32 29.5 20.5 5
2436758 -32 29.5 21 5
2436804 -32 30 20.5 5
2436805 -32 30 21 5
2436851 -32 30.5 20.5 5
2436852 -32 30.5 21 5
2436898 -32 31 20.5 5
2436899 -32 31 21 5
2436945 -32 31.5 20.5 5
2436946 -32 31.5 21 5
2436992 -32 32 20.5 5
2436993 -32 32 21 5
2437039 -32 32.5 20.5 5
2437040 -32 32.5 21 5
2437086 -32 33 20.5 5
2437087 -32 33 21 5
2437133 -32 33.5 20.5 5
2437134 -32 33.5 21 5
2437180 -32 34 20.5 5
2437181 -32 34 21 5
2437227 -32 34.5 20.5 5
2437228 -32 34.5 21 5
2452220 -31.5 28.5 20.5 5
2452221 -31.5 28.5 21 5
2452267 -31.5 29 20.5 5
2452268 -31.5 29 21 5
2452314 -31.5 29.5 20.5 5
2452315 -31.5 29.5 21 5
2452361 -31.5 30 20.5 5
2452362 -31.5 30 21 5
2452408 -31.5 30.5 20.5 5
2452409 -31.5 30.5 21 5
2452455 -31.5 31 20.5 5
2452456 -31.5 31 21 5
2452502 -31.5 31.5 20.5 5
2452503 -31.5 31.5 21 5
2452549 -31.5 32 20.5 5
2452550 -31.5 32 21 5
2452596 -31.5 32.5 20.5 5
2452597 -31.5 32.5 21 5
2452643 -31.5 33 20.5 5
2452644 -31.5 33 21 5
2452690 -31.5 33.5 20.5 5
2452691 -31.5 33.5 21 5
2452737 -31.5 34 20.5 5
2452738 -31.5 34 21 5
2452784 -31.5 34.5 20.5 5
2452785 -31.5 34.5 21 5
2467777 -31 28.5 20.5 5
2467778 -31 28.5 21 5
2467824 -31 29 20.5 5
2467825 -31 29 21 5
2467871 -31 29.5 20.5 5
2467872 -31 29.5 21 5
2467918 -31 30 20.5 5
2467919 -31 30 21 5
2467965 -31 30.5 20.5 5
2467966 -31 30.5 21 5
2468012 -31 31 20.5 5
2468013 -31 31 21 5
2468059 -31 31.5 20.5 5
2468060 -31 31.5 21 5
2468106 -31 32 20.5 5
2468107 -31 32 21 5
2468153 -31 32.5 20.5 5
2468154 -31 32.5 21 5
2468200 -31 33 20.5 5
2468201 -31 33 21 5
2468247 -31 33.5 20.5 5
2468248 -31 33.5 21 5
2468294 -31 34 20.5 5
2468295 -31 34 21 5
2468341 -31 34.5 20.5 5
2468342 -31 34.5 21 5
2483334 -30.5 28.5 20.5 5
2483335 -30.5 28.5 21 5
2483381 -30.5 29 20.5 5
2483382 -30.5 29 21 5
2483428 -30.5 29.5 20.5 5
2483429 -30.5 29.5 21 5
2483475 -30.5 30 20.5 5
2483476 -30.5 30 21 5
2483522 -30.5 30.5 20.5 5
2483523 -30.5 30.5 21 5
2483569 -30.5 31 20.5 5
2483570 -30.5 31 21 5
2483616 -30.5 31.5 20.5 5
2483617 -30.5 31.5 21 5
2483663 -30.5 32 20.5 5
2483664 -30.5 32 21 5
2483710 -30.5 32.5 20.5 5
2483711 -30.5 32.5 21 5
2483757 -30.5 33 20.5 5
2483758 -30.5 33 21 5
2483804 -30.5 33.5 20.5 5
2483805 -30.5 33.5 21 5
2483851 -30.5 34 20.5 5
2483852 -30.5 34 21 5
2483898 -30.5 34.5 20.5 5
2483899 -30.5 34.5 21 5
2498891 -30 28.5 20.5 5
2498892 -30 28.5 21 5
2498938 -30 29 20.5 5
2498939 -30 29 21 5
2498985 -30 29.5 20.5 5
2498986 -30 29.5 21 5
2499032 -30 30 20.5 5
2499033 -30 30 21 5
2499079 -30 30.5 20.5 5
2499080 -30 30.5 21 5
2499126 -30 31 20.5 5
2499127 -30 31 21 5
2499173 -30 31.5 20.5 5
2499174 -30 31.5 21 5
2499220 -30 32 20.5 5
2499221 -30 32 21 5
2499267 -30 32.5 20.5 5
2499268 -30 32.5 21 5
2499314 -30 33 20.5 5
2499315 -30 33 21 5
2499361 -30 33.5 20.5 5
2499362 -30 33.5 21 5
2499408 -30 34 20.5 5
2499409 -30 34 21 5
2499455 -30 34.5 20.5 5
2499456 -30 34.5 21 5
2514448 -29.5 28.5 20.5 5
2514449 -29.5 28.5 21 5
2514495 -29.5 29 20.5 5
2514496 -29.5 29 21 5
2514542 -29.5 29.5 20.5 5
2514543 -29.5 29.5 21 5
2514589 -29.5 30 20.5 5
2514590 -29.5 30 21 5
2514636 -29.5 30.5 20.5 5
2514637 -29.5 30.5 21 5
2514683 -29.5 31 20.5 5
2514684 -29.5 31 21 5
2514730 -29.5 31.5 20.5 5
2514731 -29.5 31.5 21 5
2514777 -29.5 32 20.5 5
2514778 -29.5 32 21 5
2514824 -29.5 32.5 20.5 5
2514825 -29.5 32.5 21 5
2514871 -29.5 33 20.5 5
2514872 -29.5 33 21 5
2514918 -29.5 33.5 20.5 5
2514919 -29.5 33.5 21 5
2514965 -29.5 34 20.5 5
2514966 -29.5 34 21 5
2515012 -29.5 34.5 20.5 5
2515013 -29.5 34.5 21 5
2530005 -29 28.5 20.5 5
2530006 -29 28.5 21 5
2530052 -29 29 20.5 5
2530053 -29 29 21 5
2530099 -29 29.5 20.5 5
2530100 -29 29.5 21 5
2530146 -29 30 20.5 5
2530147 -29 30 21 5
2530193 -29 30.5 20.5 5
2530194 -29 30.5 21 5
2530240 -29 31 20.5 5
2530241 -29 31 21 5
2530287 -29 31.5 20.5 5
2530288 -29 31.5 21 5
2530334 -29 32 20.5 5
2530335 -29 32 21 5
2530381 -29 32.5 20.5 5
2530382 -29 32.5 21 5
2530428 -29 33 20.5 5
2530429 -29 33 21 5
2530475 -29 33.5 20.5 5
2530476 -29 33.5 21 5
2530522 -29 34 20.5 5
2530523 -29 34 21 5
2530569 -29 34.5 20.5 5
2530570 -29 34.5 21 5
2545562 -28.5 28.5 20.5 5
2545563 -28.5 28.5 21 5
2545609 -28.5 29 20.5 5
2545610 -28.5 29 21 5
2545656 -28.5 29.5 20.5 5
2545657 -28.5 29.5 21 5
2545703 -28.5 30 20.5 5
2545704 -28.5 30 21 5
2545750 -28.5 30.5 20.5 5
2545751 -28.5 30.5 21 5
2545797 -28.5 31 20.5 5
2545798 -28.5 31 21 5
2545844 -28.5 31.5 20.5 5
2545845 -28.5 31.5 21 5
2545891 -28.5 32 20.5 5
2545892 -28.5 32 21 5
2545938 -28.5 32.5 20.5 5
2545939 -28.5 32.5 21 5
2545985 -28.5 33 20.5 5
2545986 -28.5 33 21 5
2546032 -28.5 33.5 20.5 5
2546033 -28.5 33.5 21 5
2546079 -28.5 34 20.5 5
2546080 -28.5 34 21 5
2546126 -28.5 34.5 20.5 5
2546127 -28.5 34.5 21 5
2561119 -28 28.5 20.5 5
2561120 -28 28.5 21 5
2561166 -28 29 20.5 5
2561167 -28 29 21 5
2561213 -28 29.5 20.5 5
2561214 -28 29.5 21 5
2561260 -28 30 20.5 5
2561261 -28 30 21 5
2561307 -28 30.5 20.5 5
2561308 -28 30.5 21 5
2561354 -28 31 20.5 5
2561355 -28 31 21 5
2561401 -28 31.5 20.5 5
2561402 -28 31.5 21 5
2561448 -28 32 20.5 5
2561449 -28 32 21 5
2561495 -28 32.5 20.5 5
2561496 -28 32.5 21 5
2561542 -28 33 20.5 5
2561543 -28 33 21 5
2561589 -28 33.5 20.5 5
2561590 -28 33.5 21 5
2561636 -28 34 20.5 5
2561637 -28 34 21 5
2561683 -28 34.5 20.5 5
2561684 -28 34.5 21 5
2576676 -27.5 28.5 20.5 5
2576677 -27.5 28.5 21 5
2576723 -27.5 29 20.5 5
2576724 -27.5 29 21 5
2576770 -27.5 29.5 20.5 5
2576771 -27.5 29.5 21 5
2576817 -27.5 30 20.5 5
2576818 -27.5 30 21 5
2576864 -27.5 30.5 20.5 5
2576865 -27.5 30.5 21 5
2576911 -27.5 31 20.5 5
2576912 -27.5 31 21 5
2576958 -27.5 31.5 20.5 5
2576959 -27.5 31.5 21 5
2577005 -27.5 32 20.5 5
2577006 -27.5 32 21 5
2577052 -27.5 32.5 20.5 5
2577053 -27.5 32.5 21 5
2577099 -27.5 33 20.5 5
2577100 -27.5 33 21 5
2577146 -27.5 33.5 20.5 5
2577147 -27.5 33.5 21 5
2577193 -27.5 34 20.5 5
2577194 -27.5 34 21 5
2577240 -27.5 34.5 20.5 5
2577241 -27.5 34.5 21 5
2592233 -27 28.5 20.5 5
2592234 -27 28.5 21 5
2592280 -27 29 20.5 5
2592281 -27 29 21 5
2592327 -27 29.5 20.5 5
2592328 -27 29.5 21 5
2592374 -27 30 20.5 5
2592375 -27 30 21 5
2592421 -27 30.5 20.5 5
2592422 -27 30.5 21 5
2592468 -27 31 20.5 5
2592469 -27 31 21 5
2592515 -27 31.5 20.5 5
2592516 -27 31.5 21 5
2592562 -27 32 20.5 5
2592563 -27 32 21 5
2592609 -27 32.5 20.5 5
2592610 -27 32.5 21 5
2592656 -27 33 20.5 5
2592657 -27 33 21 5
2592703 -27 33.5 20.5 5
2592704 -27 33.5 21 5
2592750 -27 34 20.5 5
2592751 -27 34 21 5
2592797 -27 34.5 20.5 5
2592798 -27 34.5 21 5
2607790 -26.5 28.5 20.5 5
2607791 -26.5 28.5 21 5
2607837 -26.5 29 20.5 5
2607838 -26.5 29 21 5
2607884 -26.5 29.5 20.5 5
2607885 -26.5 29.5 21 5
2607931 -26.5 30 20.5 5
2607932 -26.5 30 21 5
2607978 -26.5 30.5 20.5 5
2607979 -26.5 30.5 21 5
2608025 -26.5 31 20.5 5
2608026 -26.5 31 21 5
2608072 -26.5 31.5 20.5 5
2608073 -26.5 31.5 21 5
2608119 -26.5 32 20.5 5
2608120 -26.5 32 21 5
2608166 -26.5 32.5 20.5 5
2608167 -26.5 32.5 21 5
2608213 -26.5 33 20.5 5
2608214 -26.5 33 21 5
2608260 -26.5 33.5 20.5 5
2608261 -26.5 33.5 21 5
2608307 -26.5 34 20.5 5
2608308 -26.5 34 21 5
2608354 -26.5 34.5 20.5 5
2608355 -26.5 34.5 21 5
2623347 -26 28.5 20.5 5
2623348 -26 28.5 21 5
2623394 -26 29 20.5 5
2623395 -26 29 21 5
2623441 -26 29.5 20.5 5
2623442 -26 29.5 21 5
2623488 -26 30 20.5 5
2623489 -26 30 21 5
2623535 -26 30.5 20.5 5
2623536 -26 30.5 21 5
2623582 -26 31 20.5 5
2623583 -26 31 21 5
2623629 -26 31.5 20.5 5
2623630 -26 31.5 21 5
2623676 -26 32 20.5 5
2623677 -26 32 21 5
2623723 -26 32.5 20.5 5
2623724 -26 32.5 21 5
2623770 -26 33 20.5 5
2623771 -26 33 21 5
2623817 -26 33.5 20.5 5
2623818 -26 33.5 21 5
2623864 -26 34 20.5 5
2623865 -26 34 21 5
2623911 -26 34.5 20.5 5
2623912 -26 34.5 21 5
2638904 -25.5 28.5 20.5 5
2638905 -25.5 28.5 21 5
2638951 -25.5 29 20.5 5
2638952 -25.5 29 21 5
2638998 -25.5 29.5 20.5 5
2638999 -25.5 29.5 21 5
2639045 -25.5 30 20.5 5
2639046 -25.5 30 21 5
2639092 -25.5 30.5 20.5 5
2639093 -25.5 30.5 21 5
2639139 -25.5 31 20.5 5
2639140 -25.5 31 21 5
2639186 -25.5 31.5 20.5 5
2639187 -25.5 31.5 21 5
2639233 -25.5 32 20.5 5
2639234 -25.5 32 21 5
2639280 -25.5 32.5 20.5 5
2639281 -25.5 32.5 21 5
2639327 -25.5 33 20.5 5
2639328 -25.5 33 21 5
2639374 -25.5 33.5 20.5 5
2639375 -25.5 33.5 21 5
2639421 -25.5 34 20.5 5
2639422 -25.5 34 21 5
2639468 -25.5 34.5 20.5 5
2639469 -25.5 34.5 21 5
2654461 -25 28.5 20.5 5
2654462 -25 28.5 21 5
2654508 -25 29 20.5 5
2654509 -25 29 21 5
2654555 -25 29.5 20.5 5
2654556 -25 29.5 21 5
2654602 -25 30 20.5 5
2654603 -25 30 21 5
2654649 -25 30.5 20.5 5
2654650 -25 30.5 21 5
2654696 -25 31 20.5 5
2654697 -25 31 21 5
2654743 -25 31.5 20.5 5
2654744 -25 31.5 21 5
2654790 -25 32 20.5 5
2654791 -25 32 21 5
2654837 -25 32.5 20.5 5
2654838 -25 32.5 21 5
2654884 -25 33 20.5 5
2654885 -25 33 21 5
2654931 -25 33.5 20.5 5
2654932 -25 33.5 21 5
2654978 -25 34 20.5 5
2654979 -25 34 21 5
2655025 -25 34.5 20.5 5
2655026 -25 34.5 21 5
2670018 -24.5 28.5 20.5 5
2670019 -24.5 28.5 21 5
2670065 -24.5 29 20.5 5
2670066 -24.5 29 21 5
2670112 -24.5 29.5 20.5 5
2670113 -24.5 29.5 21 5
2670159 -24.5 30 20.5 5
2670160 -24.5 30 21 5
2670206 -24.5 30.5 20.5 5
2670207 -24.5 30.5 21 5
2670253 -24.5 31 20.5 5
2670254 -24.5 31 21 5
2670300 -24.5 31.5 20.5 5
2670301 -24.5 31.5 21 5
2670347 -24.5 32 20.5 5
2670348 -24.5 32 21 5
2670394 -24.5 32.5 20.5 5
2670395 -24.5 32.5 21 5
2670441 -24.5 33 20.5 5
2670442 -24.5 33 21 5
2670488 -24.5 33.5 20.5 5
2670489 -24.5 33.5 21 5
2670535 -24.5 34 20.5 5
2670536 -24.5 34 21 5
2670582 -24.5 34.5 20.5 5
2670583 -24.5 34.5 21 5
2685575 -24 28.5 20.5 5
2685576 -24 28.5 21 5
2685622 -24 29 20.5 5
2685623 -24 29 21 5
2685669 -24 29.5 20.5 5
2685670 -24 29.5 21 5
2685716 -24 30 20.5 5
2685717 -24 30 21 5
2685763 -24 30.5 20.5 5
2685764 -24 30.5 21 5
2685810 -24 31 20.5 5
2685811 -24 31 21 5
2685857 -24 31.5 20.5 5
2685858 -24 31.5 21 5
2685904 -24 32 20.5 5
2685905 -24 32 21 5
2685951 -24 32.5 20.5 5
2685952 -24 32.5 21 5
2685998 -24 33 20.5 5
2685999 -24 33 21 5
2686045 -24 33.5 20.5 5
2686046 -24 33.5 21 5
2686092 -24 34 20.5 5
2686093 -24 34 21 5
2686139 -24 34.5 20.5 5
2686140 -24 34.5 21 5
2701132 -23.5 28.5 20.5 5
2701133 -23.5 28.5 21 5
2701179 -23.5 29 20.5 5
2701180 -23.5 29 21 5
2701226 -23.5 29.5 20.5 5
2701227 -23.5 29.5 21 5
2701273 -23.5 30 20.5 5
2701274 -23.5 30 21 5
2701320 -23.5 30.5 20.5 5
2701321 -23.5 30.5 21 5
2701367 -23.5 31 20.5 5
2701368 -23.5 31 21 5
2701414 -23.5 31.5 20.5 5
2701415 -23.5 31.5 21 5
2701461 -23.5 32 20.5 5
2701462 -23.5 32 21 5
2701508 -23.5 32.5 20.5 5
2701509 -23.5 32.5 21 5
2701555 -23.5 33 20.5 5
2701556 -23.5 33 21 5
2701602 -23.5 33.5 20.5 5
2701603 -23.5 33.5 21 5
2701649 -23.5 34 20.5 5
2701650 -23.5 34 21 5
2701696 -23.5 34.5 20.5 5
2701697 -23.5 34.5 21 5
2716689 -23 28.5 20.5 5
2716690 -23 28.5 21 5
2716736 -23 29 20.5 5
2716737 -23 29 21 5
2716783 -23 29.5 20.5 5
2716784 -23 29.5 21 5
2716830 -23 30 20.5 5
2716831 -23 30 21 5
2716877 -23 30.5 20.5 5
2716878 -23 30.5 21 5
2716924 -23 31 20.5 5
2716925 -23 31 21 5
2716971 -23 31.5 20.5 5
2716972 -23 31.5 21 5
2717018 -23 32 20.5 5
2717019 -23 32 21 5
2717065 -23 32.5 20.5 5
2717066 -23 32.5 21 5
2717112 -23 33 20.5 5
2717113 -23 33 21 5
2717159 -23 33.5 20.5 5
2717160 -23 33.5 21 5
2717206 -23 34 20.5 5
2717207 -23 34 21 5
2732246 -22.5 28.5 20.5 5
2732247 -22.5 28.5 21 5
2732293 -22.5 29 20.5 5
2732294 -22.5 29 21 5
2732340 -22.5 29.5 20.5 5
2732341 -22.5 29.5 21 5
2732387 -22.5 30 20.5 5
2732388 -22.5 30 21 5
2732434 -22.5 30.5 20.5 5
2732435 -22.5 30.5 21 5
2732481 -22.5 31 20.5 5
2732482 -22.5 31 21 5
2732528 -22.5 31.5 20.5 5
2732529 -22.5 31.5 21 5
2732575 -22.5 32 20.5 5
2732576 -22.5 32 21 5
2732622 -22.5 32.5 20.5 5
2732623 -22.5 32.5 21 5
2732669 -22.5 33 20.5 5
2732670 -22.5 33 21 5
2747803 -22 28.5 20.5 5
2747804 -22 28.5 21 5
2747850 -22 29 20.5 5
2747851 -22 29 21 5
2747897 -22 29.5 20.5 5
2747898 -22 29.5 21 5
2747944 -22 30 20.5 5
2747945 -22 30 21 5
2747991 -22 30.5 20.5 5
2747992 -22 30.5 21 5
2748038 -22 31 20.5 5
2748039 -22 31 21 5
2748085 -22 31.5 20.5 5
2748086 -22 31.5 21 5
2748132 -22 32 20.5 5
2748133 -22 32 21 5
2763360 -21.5 28.5 20.5 5
2763361 -21.5 28.5 21 5
2763407 -21.5 29 20.5 5
2763408 -21.5 29 21 5
2763454 -21.5 29.5 20.5 5
2763455 -21.5 29.5 21 5
2763501 -21.5 30 20.5 5
2763502 -21.5 30 21 5
2763548 -21.5 30.5 20.5 5
2763549 -21.5 30.5 21 5
2763595 -21.5 31 20.5 5
2763596 -21.5 31 21 5
2763642 -21.5 31.5 20.5 5
2763643 -21.5 31.5 21 5
2778917 -21 28.5 20.5 5
2778918 -21 28.5 21 5
2778964 -21 29 20.5 5
2778965 -21 29 21 5
2779011 -21 29.5 20.5 5
2779012 -21 29.5 21 5
2779058 -21 30 20.5 5
2779059 -21 30 21 5
2779105 -21 30.5 20.5 5
2779106 -21 30.5 21 5
2794474 -20.5 28.5 20.5 5
2794475 -20.5 28.5 21 5
2794521 -20.5 29 20.5 5
2794522 -20.5 29 21 5
2794568 -20.5 29.5 20.5 5
2794569 -20.5 29.5 21 5
2794615 -20.5 30 20.5 5
2794616 -20.5 30 21 5
2810031 -20 28.5 20.5 5
2810032 -20 28.5 21 5
2810078 -20 29 20.5 5
2810079 -20 29 21 5
2825588 -19.5 28.5 20.5 5
2825589 -19.5 28.5 21 5
