4875619 46.5 -8.5 13 9
4875620 46.5 -8.5 13.5 9
4875621 46.5 -8.5 14 9
4875622 46.5 -8.5 14.5 9
4875666 46.5 -8 13 9
4875667 46.5 -8 13.5 9
4875668 46.5 -8 14 9
4875669 46.5 -8 14.5 9
4891129 47 -9 13 9
4891130 47 -9 13.5 9
4891131 47 -9 14 9
4891132 47 -9 14.5 9
4891176 47 -8.5 13 9
4891177 47 -8.5 13.5 9
4891178 47 -8.5 14 9
4891179 47 -8.5 14.5 9
4891223 47 -8 13 9
4891224 47 -8 13.5 9
4891225 47 -8 14 9
4891226 47 -8 14.5 9
4891270 47 -7.5 13 9
4891271 47 -7.5 13.5 9
4891272 47 -7.5 14 9
4891273 47 -7.5 14.5 9
4906686 47.5 -9 13 9
4906687 47.5 -9 13.5 9
4906688 47.5 -9 14 9
4906689 47.5 -9 14.5 9
4906733 47.5 -8.5 13 9
4906734 47.5 -8.5 13.5 9
4906735 47.5 -8.5 14 9
4906736 47.5 -8.5 14.5 9
4906780 47.5 -8 13 9
4906781 47.5 -8 13.5 9
4906782 47.5 -8 14 9
4906783 47.5 -8 14.5 9
4906827 47.5 -7.5 13 9
4906828 47.5 -7.5 13.5 9
4906829 47.5 -7.5 14 9
4906830 47.5 -7.5 14.5 9
4922290 48 -8.5 13 9
4922291 48 -8.5 13.5 9
4922292 48 -8.5 14 9
4922293 48 -8.5 14.5 9
4922337 48 -8 13 9
4922338 48 -8 13.5 9
4922339 48 -8 14 9
4922340 48 -8 14.5 9
