8596844 166 24.5 13 9
8596845 166 24.5 13.5 9
8596846 166 24.5 14 9
8596847 166 24.5 14.5 9
8596891 166 25 13 9
8596892 166 25 13.5 9
8596893 166 25 14 9
8596894 166 25 14.5 9
8612354 166.5 24 13 9
8612355 166.5 24 13.5 9
8612356 166.5 24 14 9
8612357 166.5 24 14.5 9
8612401 166.5 24.5 13 9
8612402 166.5 24.5 13.5 9
8612403 166.5 24.5 14 9
8612404 166.5 24.5 14.5 9
8612448 166.5 25 13 9
8612449 166.5 25 13.5 9
8612450 166.5 25 14 9
8612451 166.5 25 14.5 9
8612495 166.5 25.5 13 9
8612496 166.5 25.5 13.5 9
8612497 166.5 25.5 14 9
8612498 166.5 25.5 14.5 9
8627911 167 24 13 9
8627912 167 24 13.5 9
8627913 167 24 14 9
8627914 167 24 14.5 9
8627958 167 24.5 13 9
8627959 167 24.5 13.5 9
8627960 167 24.5 14 9
8627961 167 24.5 14.5 9
8628005 167 25 13 9
8628006 167 25 13.5 9
8628007 167 25 14 9
8628008 167 25 14.5 9
8628052 167 25.5 13 9
8628053 167 25.5 13.5 9
8628054 167 25.5 14 9
8628055 167 25.5 14.5 9
8643515 167.5 24.5 13 9
8643516 167.5 24.5 13.5 9
8643517 167.5 24.5 14 9
8643518 167.5 24.5 14.5 9
8643562 167.5 25 13 9
8643563 167.5 25 13.5 9
8643564 167.5 25 14 9
8643565 167.5 25 14.5 9
