9092318 182 -0.5 13 9
9092319 182 -0.5 13.5 9
9092320 182 -0.5 14 9
9092321 182 -0.5 14.5 9
9092365 182 0 13 9
9092366 182 0 13.5 9
9092367 182 0 14 9
9092368 182 0 14.5 9
9092412 182 0.5 13 9
9092413 182 0.5 13.5 9
9092414 182 0.5 14 9
9092415 182 0.5 14.5 9
9107875 182.5 -0.5 13 9
9107876 182.5 -0.5 13.5 9
9107877 182.5 -0.5 14 9
9107878 182.5 -0.5 14.5 9
9107922 182.5 0 13 9
9107923 182.5 0 13.5 9
9107924 182.5 0 14 9
9107925 182.5 0 14.5 9
9107969 182.5 0.5 13 9
9107970 182.5 0.5 13.5 9
9107971 182.5 0.5 14 9
9107972 182.5 0.5 14.5 9
9123432 183 -0.5 13 9
9123433 183 -0.5 13.5 9
9123434 183 -0.5 14 9
9123435 183 -0.5 14.5 9
9123479 183 0 13 9
9123480 183 0 13.5 9
9123481 183 0 14 9
9123482 183 0 14.5 9
9123526 183 0.5 13 9
9123527 183 0.5 13.5 9
9123528 183 0.5 14 9
9123529 183 0.5 14.5 9
9138989 183.5 -0.5 13 9
9138990 183.5 -0.5 13.5 9
9138991 183.5 -0.5 14 9
9138992 183.5 -0.5 14.5 9
9139036 183.5 0 13 9
9139037 183.5 0 13.5 9
9139038 183.5 0 14 9
9139039 183.5 0 14.5 9
9139083 183.5 0.5 13 9
9139084 183.5 0.5 13.5 9
9139085 183.5 0.5 14 9
9139086 183.5 0.5 14.5 9
