8921990 176.5 8 13 9
8921991 176.5 8 13.5 9
8921992 176.5 8 14 9
8921993 176.5 8 14.5 9
8922037 176.5 8.5 13 9
8922038 176.5 8.5 13.5 9
8922039 176.5 8.5 14 9
8922040 176.5 8.5 14.5 9
8937500 177 7.5 13 9
8937501 177 7.5 13.5 9
8937502 177 7.5 14 9
8937503 177 7.5 14.5 9
8937547 177 8 13 9
8937548 177 8 13.5 9
8937549 177 8 14 9
8937550 177 8 14.5 9
8937594 177 8.5 13 9
8937595 177 8.5 13.5 9
8937596 177 8.5 14 9
8937597 177 8.5 14.5 9
8937641 177 9 13 9
8937642 177 9 13.5 9
8937643 177 9 14 9
8937644 177 9 14.5 9
8953057 177.5 7.5 13 9
8953058 177.5 7.5 13.5 9
8953059 177.5 7.5 14 9
8953060 177.5 7.5 14.5 9
8953104 177.5 8 13 9
8953105 177.5 8 13.5 9
8953106 177.5 8 14 9
8953107 177.5 8 14.5 9
8953151 177.5 8.5 13 9
8953152 177.5 8.5 13.5 9
8953153 177.5 8.5 14 9
8953154 177.5 8.5 14.5 9
8953198 177.5 9 13 9
8953199 177.5 9 13.5 9
8953200 177.5 9 14 9
8953201 177.5 9 14.5 9
8968661 178 8 13 9
8968662 178 8 13.5 9
8968663 178 8 14 9
8968664 178 8 14.5 9
8968708 178 8.5 13 9
8968709 178 8.5 13.5 9
8968710 178 8.5 14 9
8968711 178 8.5 14.5 9
