4054952 20 32.5 13 9
4054953 20 32.5 13.5 9
4054954 20 32.5 14 9
4054955 20 32.5 14.5 9
4054999 20 33 13 9
4055000 20 33 13.5 9
4055001 20 33 14 9
4055002 20 33 14.5 9
4055046 20 33.5 13 9
4055047 20 33.5 13.5 9
4055048 20 33.5 14 9
4055049 20 33.5 14.5 9
4070509 20.5 32.5 13 9
4070510 20.5 32.5 13.5 9
4070511 20.5 32.5 14 9
4070512 20.5 32.5 14.5 9
4070556 20.5 33 13 9
4070557 20.5 33 13.5 9
4070558 20.5 33 14 9
4070559 20.5 33 14.5 9
4070603 20.5 33.5 13 9
4070604 20.5 33.5 13.5 9
4070605 20.5 33.5 14 9
4070606 20.5 33.5 14.5 9
4086066 21 32.5 13 9
4086067 21 32.5 13.5 9
4086068 21 32.5 14 9
4086069 21 32.5 14.5 9
4086113 21 33 13 9
4086114 21 33 13.5 9
4086115 21 33 14 9
4086116 21 33 14.5 9
4086160 21 33.5 13 9
4086161 21 33.5 13.5 9
4086162 21 33.5 14 9
4086163 21 33.5 14.5 9
4101623 21.5 32.5 13 9
4101624 21.5 32.5 13.5 9
4101625 21.5 32.5 14 9
4101626 21.5 32.5 14.5 9
4101670 21.5 33 13 9
4101671 21.5 33 13.5 9
4101672 21.5 33 14 9
4101673 21.5 33 14.5 9
4101717 21.5 33.5 13 9
4101718 21.5 33.5 13.5 9
4101719 21.5 33.5 14 9
4101720 21.5 33.5 14.5 9
