4225280 25.5 24 13 9
4225281 25.5 24 13.5 9
4225282 25.5 24 14 9
4225283 25.5 24 14.5 9
4225327 25.5 24.5 13 9
4225328 25.5 24.5 13.5 9
4225329 25.5 24.5 14 9
4225330 25.5 24.5 14.5 9
4225374 25.5 25 13 9
4225375 25.5 25 13.5 9
4225376 25.5 25 14 9
4225377 25.5 25 14.5 9
4225421 25.5 25.5 13 9
4225422 25.5 25.5 13.5 9
4225423 25.5 25.5 14 9
4225424 25.5 25.5 14.5 9
4240837 26 24 13 9
4240838 26 24 13.5 9
4240839 26 24 14 9
4240840 26 24 14.5 9
4240884 26 24.5 13 9
4240885 26 24.5 13.5 9
4240886 26 24.5 14 9
4240887 26 24.5 14.5 9
4240931 26 25 13 9
4240932 26 25 13.5 9
4240933 26 25 14 9
4240934 26 25 14.5 9
4240978 26 25.5 13 9
4240979 26 25.5 13.5 9
4240980 26 25.5 14 9
4240981 26 25.5 14.5 9
4256394 26.5 24 13 9
4256395 26.5 24 13.5 9
4256396 26.5 24 14 9
4256397 26.5 24 14.5 9
4256441 26.5 24.5 13 9
4256442 26.5 24.5 13.5 9
4256443 26.5 24.5 14 9
4256444 26.5 24.5 14.5 9
4256488 26.5 25 13 9
4256489 26.5 25 13.5 9
4256490 26.5 25 14 9
4256491 26.5 25 14.5 9
4256535 26.5 25.5 13 9
4256536 26.5 25.5 13.5 9
4256537 26.5 25.5 14 9
4256538 26.5 25.5 14.5 9
