8426469 160.5 32.5 13 9
8426470 160.5 32.5 13.5 9
8426471 160.5 32.5 14 9
8426472 160.5 32.5 14.5 9
8426516 160.5 33 13 9
8426517 160.5 33 13.5 9
8426518 160.5 33 14 9
8426519 160.5 33 14.5 9
8426563 160.5 33.5 13 9
8426564 160.5 33.5 13.5 9
8426565 160.5 33.5 14 9
8426566 160.5 33.5 14.5 9
8442026 161 32.5 13 9
8442027 161 32.5 13.5 9
8442028 161 32.5 14 9
8442029 161 32.5 14.5 9
8442073 161 33 13 9
8442074 161 33 13.5 9
8442075 161 33 14 9
8442076 161 33 14.5 9
8442120 161 33.5 13 9
8442121 161 33.5 13.5 9
8442122 161 33.5 14 9
8442123 161 33.5 14.5 9
8457583 161.5 32.5 13 9
8457584 161.5 32.5 13.5 9
8457585 161.5 32.5 14 9
8457586 161.5 32.5 14.5 9
8457630 161.5 33 13 9
8457631 161.5 33 13.5 9
8457632 161.5 33 14 9
8457633 161.5 33 14.5 9
8457677 161.5 33.5 13 9
8457678 161.5 33.5 13.5 9
8457679 161.5 33.5 14 9
8457680 161.5 33.5 14.5 9
8473140 162 32.5 13 9
8473141 162 32.5 13.5 9
8473142 162 32.5 14 9
8473143 162 32.5 14.5 9
8473187 162 33 13 9
8473188 162 33 13.5 9
8473189 162 33 14 9
8473190 162 33 14.5 9
8473234 162 33.5 13 9
8473235 162 33.5 13.5 9
8473236 162 33.5 14 9
8473237 162 33.5 14.5 9
