4550473 36 8 13 9
4550474 36 8 13.5 9
4550475 36 8 14 9
4550476 36 8 14.5 9
4550520 36 8.5 13 9
4550521 36 8.5 13.5 9
4550522 36 8.5 14 9
4550523 36 8.5 14.5 9
4565983 36.5 7.5 13 9
4565984 36.5 7.5 13.5 9
4565985 36.5 7.5 14 9
4565986 36.5 7.5 14.5 9
4566030 36.5 8 13 9
4566031 36.5 8 13.5 9
4566032 36.5 8 14 9
4566033 36.5 8 14.5 9
4566077 36.5 8.5 13 9
4566078 36.5 8.5 13.5 9
4566079 36.5 8.5 14 9
4566080 36.5 8.5 14.5 9
4566124 36.5 9 13 9
4566125 36.5 9 13.5 9
4566126 36.5 9 14 9
4566127 36.5 9 14.5 9
4581540 37 7.5 13 9
4581541 37 7.5 13.5 9
4581542 37 7.5 14 9
4581543 37 7.5 14.5 9
4581587 37 8 13 9
4581588 37 8 13.5 9
4581589 37 8 14 9
4581590 37 8 14.5 9
4581634 37 8.5 13 9
4581635 37 8.5 13.5 9
4581636 37 8.5 14 9
4581637 37 8.5 14.5 9
4581681 37 9 13 9
4581682 37 9 13.5 9
4581683 37 9 14 9
4581684 37 9 14.5 9
4597144 37.5 8 13 9
4597145 37.5 8 13.5 9
4597146 37.5 8 14 9
4597147 37.5 8 14.5 9
4597191 37.5 8.5 13 9
4597192 37.5 8.5 13.5 9
4597193 37.5 8.5 14 9
4597194 37.5 8.5 14.5 9
