8208875 153.5 34.5 21 6
8208876 153.5 34.5 21.5 6
8224385 154 34 21 6
8224386 154 34 21.5 6
8224432 154 34.5 21 6
8224433 154 34.5 21.5 6
8239848 154.5 33 21 6
8239849 154.5 33 21.5 6
8239895 154.5 33.5 21 6
8239896 154.5 33.5 21.5 6
8239942 154.5 34 21 6
8239943 154.5 34 21.5 6
8239989 154.5 34.5 21 6
8239990 154.5 34.5 21.5 6
8255311 155 32 21 6
8255312 155 32 21.5 6
8255358 155 32.5 21 6
8255359 155 32.5 21.5 6
8255405 155 33 21 6
8255406 155 33 21.5 6
8255452 155 33.5 21 6
8255453 155 33.5 21.5 6
8255499 155 34 21 6
8255500 155 34 21.5 6
8255546 155 34.5 21 6
8255547 155 34.5 21.5 6
8270821 155.5 31.5 21 6
8270822 155.5 31.5 21.5 6
8270868 155.5 32 21 6
8270869 155.5 32 21.5 6
8270915 155.5 32.5 21 6
8270916 155.5 32.5 21.5 6
8270962 155.5 33 21 6
8270963 155.5 33 21.5 6
8271009 155.5 33.5 21 6
8271010 155.5 33.5 21.5 6
8271056 155.5 34 21 6
8271057 155.5 34 21.5 6
8286284 156 30.5 21 6
8286285 156 30.5 21.5 6
8286331 156 31 21 6
8286332 156 31 21.5 6
8286378 156 31.5 21 6
8286379 156 31.5 21.5 6
8286425 156 32 21 6
8286426 156 32 21.5 6
8286472 156 32.5 21 6
8286473 156 32.5 21.5 6
8286519 156 33 21 6
8286520 156 33 21.5 6
8286566 156 33.5 21 6
8286567 156 33.5 21.5 6
8301794 156.5 30 21 6
8301795 156.5 30 21.5 6
8301841 156.5 30.5 21 6
8301842 156.5 30.5 21.5 6
8301888 156.5 31 21 6
8301889 156.5 31 21.5 6
8301935 156.5 31.5 21 6
8301936 156.5 31.5 21.5 6
8301982 156.5 32 21 6
8301983 156.5 32 21.5 6
8302029 156.5 32.5 21 6
8302030 156.5 32.5 21.5 6
8317257 157 29 21 6
8317258 157 29 21.5 6
8317304 157 29.5 21 6
8317305 157 29.5 21.5 6
8317351 157 30 21 6
8317352 157 30 21.5 6
8317398 157 30.5 21 6
8317399 157 30.5 21.5 6
8317445 157 31 21 6
8317446 157 31 21.5 6
8317492 157 31.5 21 6
8317493 157 31.5 21.5 6
8332767 157.5 28.5 21 6
8332768 157.5 28.5 21.5 6
8332814 157.5 29 21 6
8332815 157.5 29 21.5 6
8332861 157.5 29.5 21 6
8332862 157.5 29.5 21.5 6
8332908 157.5 30 21 6
8332909 157.5 30 21.5 6
8332955 157.5 30.5 21 6
8332956 157.5 30.5 21.5 6
8333002 157.5 31 21 6
8333003 157.5 31 21.5 6
8348230 158 27.5 21 6
8348231 158 27.5 21.5 6
8348277 158 28 21 6
8348278 158 28 21.5 6
8348324 158 28.5 21 6
8348325 158 28.5 21.5 6
8348371 158 29 21 6
8348372 158 29 21.5 6
8348418 158 29.5 21 6
8348419 158 29.5 21.5 6
8348465 158 30 21 6
8348466 158 30 21.5 6
8363740 158.5 27 21 6
8363741 158.5 27 21.5 6
8363787 158.5 27.5 21 6
8363788 158.5 27.5 21.5 6
8363834 158.5 28 21 6
8363835 158.5 28 21.5 6
8363881 158.5 28.5 21 6
8363882 158.5 28.5 21.5 6
8363928 158.5 29 21 6
8363929 158.5 29 21.5 6
8363975 158.5 29.5 21 6
8363976 158.5 29.5 21.5 6
8379203 159 26 21 6
8379204 159 26 21.5 6
8379250 159 26.5 21 6
8379251 159 26.5 21.5 6
8379297 159 27 21 6
8379298 159 27 21.5 6
8379344 159 27.5 21 6
8379345 159 27.5 21.5 6
8379391 159 28 21 6
8379392 159 28 21.5 6
8379438 159 28.5 21 6
8379439 159 28.5 21.5 6
8394713 159.5 25.5 21 6
8394714 159.5 25.5 21.5 6
8394760 159.5 26 21 6
8394761 159.5 26 21.5 6
8394807 159.5 26.5 21 6
8394808 159.5 26.5 21.5 6
8394854 159.5 27 21 6
8394855 159.5 27 21.5 6
8394901 159.5 27.5 21 6
8394902 159.5 27.5 21.5 6
8394948 159.5 28 21 6
8394949 159.5 28 21.5 6
8410176 160 24.5 21 6
8410177 160 24.5 21.5 6
8410223 160 25 21 6
8410224 160 25 21.5 6
8410270 160 25.5 21 6
8410271 160 25.5 21.5 6
8410317 160 26 21 6
8410318 160 26 21.5 6
8410364 160 26.5 21 6
8410365 160 26.5 21.5 6
8410411 160 27 21 6
8410412 160 27 21.5 6
8425639 160.5 23.5 21 6
8425640 160.5 23.5 21.5 6
8425686 160.5 24 21 6
8425687 160.5 24 21.5 6
8425733 160.5 24.5 21 6
8425734 160.5 24.5 21.5 6
8425780 160.5 25 21 6
8425781 160.5 25 21.5 6
8425827 160.5 25.5 21 6
8425828 160.5 25.5 21.5 6
8425874 160.5 26 21 6
8425875 160.5 26 21.5 6
8425921 160.5 26.5 21 6
8425922 160.5 26.5 21.5 6
8441149 161 23 21 6
8441150 161 23 21.5 6
8441196 161 23.5 21 6
8441197 161 23.5 21.5 6
8441243 161 24 21 6
8441244 161 24 21.5 6
8441290 161 24.5 21 6
8441291 161 24.5 21.5 6
8441337 161 25 21 6
8441338 161 25 21.5 6
8441384 161 25.5 21 6
8441385 161 25.5 21.5 6
8456612 161.5 22 21 6
8456613 161.5 22 21.5 6
8456659 161.5 22.5 21 6
8456660 161.5 22.5 21.5 6
8456706 161.5 23 21 6
8456707 161.5 23 21.5 6
8456753 161.5 23.5 21 6
8456754 161.5 23.5 21.5 6
8456800 161.5 24 21 6
8456801 161.5 24 21.5 6
8456847 161.5 24.5 21 6
8456848 161.5 24.5 21.5 6
8456894 161.5 25 21 6
8456895 161.5 25 21.5 6
8472122 162 21.5 21 6
8472123 162 21.5 21.5 6
8472169 162 22 21 6
8472170 162 22 21.5 6
8472216 162 22.5 21 6
8472217 162 22.5 21.5 6
8472263 162 23 21 6
8472264 162 23 21.5 6
8472310 162 23.5 21 6
8472311 162 23.5 21.5 6
8472357 162 24 21 6
8472358 162 24 21.5 6
8487585 162.5 20.5 21 6
8487586 162.5 20.5 21.5 6
8487632 162.5 21 21 6
8487633 162.5 21 21.5 6
8487679 162.5 21.5 21 6
8487680 162.5 21.5 21.5 6
8487726 162.5 22 21 6
8487727 162.5 22 21.5 6
8487773 162.5 22.5 21 6
8487774 162.5 22.5 21.5 6
8487820 162.5 23 21 6
8487821 162.5 23 21.5 6
8503095 163 20 21 6
8503096 163 20 21.5 6
8503142 163 20.5 21 6
8503143 163 20.5 21.5 6
8503189 163 21 21 6
8503190 163 21 21.5 6
8503236 163 21.5 21 6
8503237 163 21.5 21.5 6
8503283 163 22 21 6
8503284 163 22 21.5 6
8503330 163 22.5 21 6
8503331 163 22.5 21.5 6
8518558 163.5 19 21 6
8518559 163.5 19 21.5 6
8518605 163.5 19.5 21 6
8518606 163.5 19.5 21.5 6
8518652 163.5 20 21 6
8518653 163.5 20 21.5 6
8518699 163.5 20.5 21 6
8518700 163.5 20.5 21.5 6
8518746 163.5 21 21 6
8518747 163.5 21 21.5 6
8518793 163.5 21.5 21 6
8518794 163.5 21.5 21.5 6
8534068 164 18.5 21 6
8534069 164 18.5 21.5 6
8534115 164 19 21 6
8534116 164 19 21.5 6
8534162 164 19.5 21 6
8534163 164 19.5 21.5 6
8534209 164 20 21 6
8534210 164 20 21.5 6
8534256 164 20.5 21 6
8534257 164 20.5 21.5 6
8534303 164 21 21 6
8534304 164 21 21.5 6
8549531 164.5 17.5 21 6
8549532 164.5 17.5 21.5 6
8549578 164.5 18 21 6
8549579 164.5 18 21.5 6
8549625 164.5 18.5 21 6
8549626 164.5 18.5 21.5 6
8549672 164.5 19 21 6
8549673 164.5 19 21.5 6
8549719 164.5 19.5 21 6
8549720 164.5 19.5 21.5 6
8549766 164.5 20 21 6
8549767 164.5 20 21.5 6
8564994 165 16.5 21 6
8564995 165 16.5 21.5 6
8565041 165 17 21 6
8565042 165 17 21.5 6
8565088 165 17.5 21 6
8565089 165 17.5 21.5 6
8565135 165 18 21 6
8565136 165 18 21.5 6
8565182 165 18.5 21 6
8565183 165 18.5 21.5 6
8565229 165 19 21 6
8565230 165 19 21.5 6
8565276 165 19.5 21 6
8565277 165 19.5 21.5 6
8580504 165.5 16 21 6
8580505 165.5 16 21.5 6
8580551 165.5 16.5 21 6
8580552 165.5 16.5 21.5 6
8580598 165.5 17 21 6
8580599 165.5 17 21.5 6
8580645 165.5 17.5 21 6
8580646 165.5 17.5 21.5 6
8580692 165.5 18 21 6
8580693 165.5 18 21.5 6
8580739 165.5 18.5 21 6
8580740 165.5 18.5 21.5 6
8595967 166 15 21 6
8595968 166 15 21.5 6
8596014 166 15.5 21 6
8596015 166 15.5 21.5 6
8596061 166 16 21 6
8596062 166 16 21.5 6
8596108 166 16.5 21 6
8596109 166 16.5 21.5 6
8596155 166 17 21 6
8596156 166 17 21.5 6
8596202 166 17.5 21 6
8596203 166 17.5 21.5 6
8596249 166 18 21 6
8596250 166 18 21.5 6
8611477 166.5 14.5 21 6
8611478 166.5 14.5 21.5 6
8611524 166.5 15 21 6
8611525 166.5 15 21.5 6
8611571 166.5 15.5 21 6
8611572 166.5 15.5 21.5 6
8611618 166.5 16 21 6
8611619 166.5 16 21.5 6
8611665 166.5 16.5 21 6
8611666 166.5 16.5 21.5 6
8611712 166.5 17 21 6
8611713 166.5 17 21.5 6
8626940 167 13.5 21 6
8626941 167 13.5 21.5 6
8626987 167 14 21 6
8626988 167 14 21.5 6
8627034 167 14.5 21 6
8627035 167 14.5 21.5 6
8627081 167 15 21 6
8627082 167 15 21.5 6
8627128 167 15.5 21 6
8627129 167 15.5 21.5 6
8627175 167 16 21 6
8627176 167 16 21.5 6
8642450 167.5 13 21 6
8642451 167.5 13 21.5 6
8642497 167.5 13.5 21 6
8642498 167.5 13.5 21.5 6
8642544 167.5 14 21 6
8642545 167.5 14 21.5 6
8642591 167.5 14.5 21 6
8642592 167.5 14.5 21.5 6
8642638 167.5 15 21 6
8642639 167.5 15 21.5 6
8642685 167.5 15.5 21 6
8642686 167.5 15.5 21.5 6
8657913 168 12 21 6
8657914 168 12 21.5 6
8657960 168 12.5 21 6
8657961 168 12.5 21.5 6
8658007 168 13 21 6
8658008 168 13 21.5 6
8658054 168 13.5 21 6
8658055 168 13.5 21.5 6
8658101 168 14 21 6
8658102 168 14 21.5 6
8658148 168 14.5 21 6
8658149 168 14.5 21.5 6
8673423 168.5 11.5 21 6
8673424 168.5 11.5 21.5 6
8673470 168.5 12 21 6
8673471 168.5 12 21.5 6
8673517 168.5 12.5 21 6
8673518 168.5 12.5 21.5 6
8673564 168.5 13 21 6
8673565 168.5 13 21.5 6
8673611 168.5 13.5 21 6
8673612 168.5 13.5 21.5 6
8673658 168.5 14 21 6
8673659 168.5 14 21.5 6
8688886 169 10.5 21 6
8688887 169 10.5 21.5 6
8688933 169 11 21 6
8688934 169 11 21.5 6
8688980 169 11.5 21 6
8688981 169 11.5 21.5 6
8689027 169 12 21 6
8689028 169 12 21.5 6
8689074 169 12.5 21 6
8689075 169 12.5 21.5 6
8689121 169 13 21 6
8689122 169 13 21.5 6
8704396 169.5 10 21 6
8704397 169.5 10 21.5 6
8704443 169.5 10.5 21 6
8704444 169.5 10.5 21.5 6
8704490 169.5 11 21 6
8704491 169.5 11 21.5 6
8704537 169.5 11.5 21 6
8704538 169.5 11.5 21.5 6
8704584 169.5 12 21 6
8704585 169.5 12 21.5 6
8704631 169.5 12.5 21 6
8704632 169.5 12.5 21.5 6
8719859 170 9 21 6
8719860 170 9 21.5 6
8719906 170 9.5 21 6
8719907 170 9.5 21.5 6
8719953 170 10 21 6
8719954 170 10 21.5 6
8720000 170 10.5 21 6
8720001 170 10.5 21.5 6
8720047 170 11 21 6
8720048 170 11 21.5 6
8720094 170 11.5 21 6
8720095 170 11.5 21.5 6
8735322 170.5 8 21 6
8735323 170.5 8 21.5 6
8735369 170.5 8.5 21 6
8735370 170.5 8.5 21.5 6
8735416 170.5 9 21 6
8735417 170.5 9 21.5 6
8735463 170.5 9.5 21 6
8735464 170.5 9.5 21.5 6
8735510 170.5 10 21 6
8735511 170.5 10 21.5 6
8735557 170.5 10.5 21 6
8735558 170.5 10.5 21.5 6
8735604 170.5 11 21 6
8735605 170.5 11 21.5 6
8750832 171 7.5 21 6
8750833 171 7.5 21.5 6
8750879 171 8 21 6
8750880 171 8 21.5 6
8750926 171 8.5 21 6
8750927 171 8.5 21.5 6
8750973 171 9 21 6
8750974 171 9 21.5 6
8751020 171 9.5 21 6
8751021 171 9.5 21.5 6
8751067 171 10 21 6
8751068 171 10 21.5 6
8766295 171.5 6.5 21 6
8766296 171.5 6.5 21.5 6
8766342 171.5 7 21 6
8766343 171.5 7 21.5 6
8766389 171.5 7.5 21 6
8766390 171.5 7.5 21.5 6
8766436 171.5 8 21 6
8766437 171.5 8 21.5 6
8766483 171.5 8.5 21 6
8766484 171.5 8.5 21.5 6
8766530 171.5 9 21 6
8766531 171.5 9 21.5 6
8766577 171.5 9.5 21 6
8766578 171.5 9.5 21.5 6
8781805 172 6 21 6
8781806 172 6 21.5 6
8781852 172 6.5 21 6
8781853 172 6.5 21.5 6
8781899 172 7 21 6
8781900 172 7 21.5 6
8781946 172 7.5 21 6
8781947 172 7.5 21.5 6
8781993 172 8 21 6
8781994 172 8 21.5 6
8782040 172 8.5 21 6
8782041 172 8.5 21.5 6
8797268 172.5 5 21 6
8797269 172.5 5 21.5 6
8797315 172.5 5.5 21 6
8797316 172.5 5.5 21.5 6
8797362 172.5 6 21 6
8797363 172.5 6 21.5 6
8797409 172.5 6.5 21 6
8797410 172.5 6.5 21.5 6
8797456 172.5 7 21 6
8797457 172.5 7 21.5 6
8797503 172.5 7.5 21 6
8797504 172.5 7.5 21.5 6
8812778 173 4.5 21 6
8812779 173 4.5 21.5 6
8812825 173 5 21 6
8812826 173 5 21.5 6
8812872 173 5.5 21 6
8812873 173 5.5 21.5 6
8812919 173 6 21 6
8812920 173 6 21.5 6
8812966 173 6.5 21 6
8812967 173 6.5 21.5 6
8813013 173 7 21 6
8813014 173 7 21.5 6
8828241 173.5 3.5 21 6
8828242 173.5 3.5 21.5 6
8828288 173.5 4 21 6
8828289 173.5 4 21.5 6
8828335 173.5 4.5 21 6
8828336 173.5 4.5 21.5 6
8828382 173.5 5 21 6
8828383 173.5 5 21.5 6
8828429 173.5 5.5 21 6
8828430 173.5 5.5 21.5 6
8828476 173.5 6 21 6
8828477 173.5 6 21.5 6
8843751 174 3 21 6
8843752 174 3 21.5 6
8843798 174 3.5 21 6
8843799 174 3.5 21.5 6
8843845 174 4 21 6
8843846 174 4 21.5 6
8843892 174 4.5 21 6
8843893 174 4.5 21.5 6
8843939 174 5 21 6
8843940 174 5 21.5 6
8843986 174 5.5 21 6
8843987 174 5.5 21.5 6
8859214 174.5 2 21 6
8859215 174.5 2 21.5 6
8859261 174.5 2.5 21 6
8859262 174.5 2.5 21.5 6
8859308 174.5 3 21 6
8859309 174.5 3 21.5 6
8859355 174.5 3.5 21 6
8859356 174.5 3.5 21.5 6
8859402 174.5 4 21 6
8859403 174.5 4 21.5 6
8859449 174.5 4.5 21 6
8859450 174.5 4.5 21.5 6
8874724 175 1.5 21 6
8874725 175 1.5 21.5 6
8874771 175 2 21 6
8874772 175 2 21.5 6
8874818 175 2.5 21 6
8874819 175 2.5 21.5 6
8874865 175 3 21 6
8874866 175 3 21.5 6
8874912 175 3.5 21 6
8874913 175 3.5 21.5 6
8874959 175 4 21 6
8874960 175 4 21.5 6
8890187 175.5 0.5 21 6
8890188 175.5 0.5 21.5 6
8890234 175.5 1 21 6
8890235 175.5 1 21.5 6
8890281 175.5 1.5 21 6
8890282 175.5 1.5 21.5 6
8890328 175.5 2 21 6
8890329 175.5 2 21.5 6
8890375 175.5 2.5 21 6
8890376 175.5 2.5 21.5 6
8890422 175.5 3 21 6
8890423 175.5 3 21.5 6
8905650 176 -0.5 21 6
8905651 176 -0.5 21.5 6
8905697 176 0 21 6
8905698 176 0 21.5 6
8905744 176 0.5 21 6
8905745 176 0.5 21.5 6
8905791 176 1 21 6
8905792 176 1 21.5 6
8905838 176 1.5 21 6
8905839 176 1.5 21.5 6
8905885 176 2 21 6
8905886 176 2 21.5 6
8905932 176 2.5 21 6
8905933 176 2.5 21.5 6
8921160 176.5 -1 21 6
8921161 176.5 -1 21.5 6
8921207 176.5 -0.5 21 6
8921208 176.5 -0.5 21.5 6
8921254 176.5 0 21 6
8921255 176.5 0 21.5 6
8921301 176.5 0.5 21 6
8921302 176.5 0.5 21.5 6
8921348 176.5 1 21 6
8921349 176.5 1 21.5 6
8921395 176.5 1.5 21 6
8921396 176.5 1.5 21.5 6
8936623 177 -2 21 6
8936624 177 -2 21.5 6
8936670 177 -1.5 21 6
8936671 177 -1.5 21.5 6
8936717 177 -1 21 6
8936718 177 -1 21.5 6
8936764 177 -0.5 21 6
8936765 177 -0.5 21.5 6
8936811 177 0 21 6
8936812 177 0 21.5 6
8936858 177 0.5 21 6
8936859 177 0.5 21.5 6
8936905 177 1 21 6
8936906 177 1 21.5 6
8952133 177.5 -2.5 21 6
8952134 177.5 -2.5 21.5 6
8952180 177.5 -2 21 6
8952181 177.5 -2 21.5 6
8952227 177.5 -1.5 21 6
8952228 177.5 -1.5 21.5 6
8952274 177.5 -1 21 6
8952275 177.5 -1 21.5 6
8952321 177.5 -0.5 21 6
8952322 177.5 -0.5 21.5 6
8952368 177.5 0 21 6
8952369 177.5 0 21.5 6
8967596 178 -3.5 21 6
8967597 178 -3.5 21.5 6
8967643 178 -3 21 6
8967644 178 -3 21.5 6
8967690 178 -2.5 21 6
8967691 178 -2.5 21.5 6
8967737 178 -2 21 6
8967738 178 -2 21.5 6
8967784 178 -1.5 21 6
8967785 178 -1.5 21.5 6
8967831 178 -1 21 6
8967832 178 -1 21.5 6
8983106 178.5 -4 21 6
8983107 178.5 -4 21.5 6
8983153 178.5 -3.5 21 6
8983154 178.5 -3.5 21.5 6
8983200 178.5 -3 21 6
8983201 178.5 -3 21.5 6
8983247 178.5 -2.5 21 6
8983248 178.5 -2.5 21.5 6
8983294 178.5 -2 21 6
8983295 178.5 -2 21.5 6
8983341 178.5 -1.5 21 6
8983342 178.5 -1.5 21.5 6
8998569 179 -5 21 6
8998570 179 -5 21.5 6
8998616 179 -4.5 21 6
8998617 179 -4.5 21.5 6
8998663 179 -4 21 6
8998664 179 -4 21.5 6
8998710 179 -3.5 21 6
8998711 179 -3.5 21.5 6
8998757 179 -3 21 6
8998758 179 -3 21.5 6
8998804 179 -2.5 21 6
8998805 179 -2.5 21.5 6
9014079 179.5 -5.5 21 6
9014080 179.5 -5.5 21.5 6
9014126 179.5 -5 21 6
9014127 179.5 -5 21.5 6
9014173 179.5 -4.5 21 6
9014174 179.5 -4.5 21.5 6
9014220 179.5 -4 21 6
9014221 179.5 -4 21.5 6
9014267 179.5 -3.5 21 6
9014268 179.5 -3.5 21.5 6
9014314 179.5 -3 21 6
9014315 179.5 -3 21.5 6
9029542 180 -6.5 21 6
9029543 180 -6.5 21.5 6
9029589 180 -6 21 6
9029590 180 -6 21.5 6
9029636 180 -5.5 21 6
9029637 180 -5.5 21.5 6
9029683 180 -5 21 6
9029684 180 -5 21.5 6
9029730 180 -4.5 21 6
9029731 180 -4.5 21.5 6
9029777 180 -4 21 6
9029778 180 -4 21.5 6
9045052 180.5 -7 21 6
9045053 180.5 -7 21.5 6
9045099 180.5 -6.5 21 6
9045100 180.5 -6.5 21.5 6
9045146 180.5 -6 21 6
9045147 180.5 -6 21.5 6
9045193 180.5 -5.5 21 6
9045194 180.5 -5.5 21.5 6
9045240 180.5 -5 21 6
9045241 180.5 -5 21.5 6
9045287 180.5 -4.5 21 6
9045288 180.5 -4.5 21.5 6
9060515 181 -8 21 6
9060516 181 -8 21.5 6
9060562 181 -7.5 21 6
9060563 181 -7.5 21.5 6
9060609 181 -7 21 6
9060610 181 -7 21.5 6
9060656 181 -6.5 21 6
9060657 181 -6.5 21.5 6
9060703 181 -6 21 6
9060704 181 -6 21.5 6
9060750 181 -5.5 21 6
9060751 181 -5.5 21.5 6
9075978 181.5 -9 21 6
9075979 181.5 -9 21.5 6
9076025 181.5 -8.5 21 6
9076026 181.5 -8.5 21.5 6
9076072 181.5 -8 21 6
9076073 181.5 -8 21.5 6
9076119 181.5 -7.5 21 6
9076120 181.5 -7.5 21.5 6
9076166 181.5 -7 21 6
9076167 181.5 -7 21.5 6
9076213 181.5 -6.5 21 6
9076214 181.5 -6.5 21.5 6
9076260 181.5 -6 21 6
9076261 181.5 -6 21.5 6
9091488 182 -9.5 21 6
9091489 182 -9.5 21.5 6
9091535 182 -9 21 6
9091536 182 -9 21.5 6
9091582 182 -8.5 21 6
9091583 182 -8.5 21.5 6
9091629 182 -8 21 6
9091630 182 -8 21.5 6
9091676 182 -7.5 21 6
9091677 182 -7.5 21.5 6
9091723 182 -7 21 6
9091724 182 -7 21.5 6
9106951 182.5 -10.5 21 6
9106952 182.5 -10.5 21.5 6
9106998 182.5 -10 21 6
9106999 182.5 -10 21.5 6
9107045 182.5 -9.5 21 6
9107046 182.5 -9.5 21.5 6
9107092 182.5 -9 21 6
9107093 182.5 -9 21.5 6
9107139 182.5 -8.5 21 6
9107140 182.5 -8.5 21.5 6
9107186 182.5 -8 21 6
9107187 182.5 -8 21.5 6
9107233 182.5 -7.5 21 6
9107234 182.5 -7.5 21.5 6
9122461 183 -11 21 6
9122462 183 -11 21.5 6
9122508 183 -10.5 21 6
9122509 183 -10.5 21.5 6
9122555 183 -10 21 6
9122556 183 -10 21.5 6
9122602 183 -9.5 21 6
9122603 183 -9.5 21.5 6
9122649 183 -9 21 6
9122650 183 -9 21.5 6
9122696 183 -8.5 21 6
9122697 183 -8.5 21.5 6
9137924 183.5 -12 21 6
9137925 183.5 -12 21.5 6
9137971 183.5 -11.5 21 6
9137972 183.5 -11.5 21.5 6
9138018 183.5 -11 21 6
9138019 183.5 -11 21.5 6
9138065 183.5 -10.5 21 6
9138066 183.5 -10.5 21.5 6
9138112 183.5 -10 21 6
9138113 183.5 -10 21.5 6
9138159 183.5 -9.5 21 6
9138160 183.5 -9.5 21.5 6
9153434 184 -12.5 21 6
9153435 184 -12.5 21.5 6
9153481 184 -12 21 6
9153482 184 -12 21.5 6
9153528 184 -11.5 21 6
9153529 184 -11.5 21.5 6
9153575 184 -11 21 6
9153576 184 -11 21.5 6
9153622 184 -10.5 21 6
9153623 184 -10.5 21.5 6
9153669 184 -10 21 6
9153670 184 -10 21.5 6
9168897 184.5 -13.5 21 6
9168898 184.5 -13.5 21.5 6
9168944 184.5 -13 21 6
9168945 184.5 -13 21.5 6
9168991 184.5 -12.5 21 6
9168992 184.5 -12.5 21.5 6
9169038 184.5 -12 21 6
9169039 184.5 -12 21.5 6
9169085 184.5 -11.5 21 6
9169086 184.5 -11.5 21.5 6
9169132 184.5 -11 21 6
9169133 184.5 -11 21.5 6
9184407 185 -14 21 6
9184408 185 -14 21.5 6
9184454 185 -13.5 21 6
9184455 185 -13.5 21.5 6
9184501 185 -13 21 6
9184502 185 -13 21.5 6
9184548 185 -12.5 21 6
9184549 185 -12.5 21.5 6
9184595 185 -12 21 6
9184596 185 -12 21.5 6
9184642 185 -11.5 21 6
9184643 185 -11.5 21.5 6
9199870 185.5 -15 21 6
9199871 185.5 -15 21.5 6
9199917 185.5 -14.5 21 6
9199918 185.5 -14.5 21.5 6
9199964 185.5 -14 21 6
9199965 185.5 -14 21.5 6
9200011 185.5 -13.5 21 6
9200012 185.5 -13.5 21.5 6
9200058 185.5 -13 21 6
9200059 185.5 -13 21.5 6
9200105 185.5 -12.5 21 6
9200106 185.5 -12.5 21.5 6
9215380 186 -15.5 21 6
9215381 186 -15.5 21.5 6
9215427 186 -15 21 6
9215428 186 -15 21.5 6
9215474 186 -14.5 21 6
9215475 186 -14.5 21.5 6
9215521 186 -14 21 6
9215522 186 -14 21.5 6
9215568 186 -13.5 21 6
9215569 186 -13.5 21.5 6
9215615 186 -13 21 6
9215616 186 -13 21.5 6
9230843 186.5 -16.5 21 6
9230844 186.5 -16.5 21.5 6
9230890 186.5 -16 21 6
9230891 186.5 -16 21.5 6
9230937 186.5 -15.5 21 6
9230938 186.5 -15.5 21.5 6
9230984 186.5 -15 21 6
9230985 186.5 -15 21.5 6
9231031 186.5 -14.5 21 6
9231032 186.5 -14.5 21.5 6
9231078 186.5 -14 21 6
9231079 186.5 -14 21.5 6
9246306 187 -17.5 21 6
9246307 187 -17.5 21.5 6
9246353 187 -17 21 6
9246354 187 -17 21.5 6
9246400 187 -16.5 21 6
9246401 187 -16.5 21.5 6
9246447 187 -16 21 6
9246448 187 -16 21.5 6
9246494 187 -15.5 21 6
9246495 187 -15.5 21.5 6
9246541 187 -15 21 6
9246542 187 -15 21.5 6
9246588 187 -14.5 21 6
9246589 187 -14.5 21.5 6
9261816 187.5 -18 21 6
9261817 187.5 -18 21.5 6
9261863 187.5 -17.5 21 6
9261864 187.5 -17.5 21.5 6
9261910 187.5 -17 21 6
9261911 187.5 -17 21.5 6
9261957 187.5 -16.5 21 6
9261958 187.5 -16.5 21.5 6
9262004 187.5 -16 21 6
9262005 187.5 -16 21.5 6
9262051 187.5 -15.5 21 6
9262052 187.5 -15.5 21.5 6
9277373 188 -18 21 6
9277374 188 -18 21.5 6
9277420 188 -17.5 21 6
9277421 188 -17.5 21.5 6
9277467 188 -17 21 6
9277468 188 -17 21.5 6
9277514 188 -16.5 21 6
9277515 188 -16.5 21.5 6
9277561 188 -16 21 6
9277562 188 -16 21.5 6
9292930 188.5 -18 21 6
9292931 188.5 -18 21.5 6
9292977 188.5 -17.5 21 6
9292978 188.5 -17.5 21.5 6
9293024 188.5 -17 21 6
9293025 188.5 -17 21.5 6
9308487 189 -18 21 6
9308488 189 -18 21.5 6
