3274802 -5 8 14.5 8
3274849 -5 8.5 14.5 8
3290359 -4.5 8 14.5 8
3290406 -4.5 8.5 14.5 8
3305916 -4 8 14.5 8
3305963 -4 8.5 14.5 8
3321473 -3.5 8 14.5 8
3321520 -3.5 8.5 14.5 8
3337030 -3 8 14.5 8
3337077 -3 8.5 14.5 8
3352587 -2.5 8 14.5 8
3352634 -2.5 8.5 14.5 8
3368144 -2 8 14.5 8
3368191 -2 8.5 14.5 8
3383701 -1.5 8 14.5 8
3383748 -1.5 8.5 14.5 8
3399258 -1 8 14.5 8
3399305 -1 8.5 14.5 8
3414815 -0.5 8 14.5 8
3414862 -0.5 8.5 14.5 8
3430372 0 8 14.5 8
3430419 0 8.5 14.5 8
3445929 0.5 8 14.5 8
3445976 0.5 8.5 14.5 8
3461486 1 8 14.5 8
3461533 1 8.5 14.5 8
3477043 1.5 8 14.5 8
3477090 1.5 8.5 14.5 8
3492600 2 8 14.5 8
3492647 2 8.5 14.5 8
3508157 2.5 8 14.5 8
3508204 2.5 8.5 14.5 8
3523714 3 8 14.5 8
3523761 3 8.5 14.5 8
3539271 3.5 8 14.5 8
3539318 3.5 8.5 14.5 8
3554828 4 8 14.5 8
3554875 4 8.5 14.5 8
3570385 4.5 8 14.5 8
3570432 4.5 8.5 14.5 8
3585942 5 8 14.5 8
3585989 5 8.5 14.5 8
3601499 5.5 8 14.5 8
3601546 5.5 8.5 14.5 8
3617056 6 8 14.5 8
3617103 6 8.5 14.5 8
3632613 6.5 8 14.5 8
3632660 6.5 8.5 14.5 8
3648170 7 8 14.5 8
3648217 7 8.5 14.5 8
3663727 7.5 8 14.5 8
3663774 7.5 8.5 14.5 8
3679284 8 8 14.5 8
3679331 8 8.5 14.5 8
3694841 8.5 8 14.5 8
3694888 8.5 8.5 14.5 8
3710398 9 8 14.5 8
3710445 9 8.5 14.5 8
3725955 9.5 8 14.5 8
3726002 9.5 8.5 14.5 8
3741512 10 8 14.5 8
3741559 10 8.5 14.5 8
3757069 10.5 8 14.5 8
3757116 10.5 8.5 14.5 8
3772626 11 8 14.5 8
3772673 11 8.5 14.5 8
3788183 11.5 8 14.5 8
3788230 11.5 8.5 14.5 8
3803740 12 8 14.5 8
3803787 12 8.5 14.5 8
3819297 12.5 8 14.5 8
3819344 12.5 8.5 14.5 8
3834854 13 8 14.5 8
3834901 13 8.5 14.5 8
3850411 13.5 8 14.5 8
3850458 13.5 8.5 14.5 8
3865968 14 8 14.5 8
3866015 14 8.5 14.5 8
3881525 14.5 8 14.5 8
3881572 14.5 8.5 14.5 8
3897082 15 8 14.5 8
3897129 15 8.5 14.5 8
3912639 15.5 8 14.5 8
3912686 15.5 8.5 14.5 8
3928196 16 8 14.5 8
3928243 16 8.5 14.5 8
3943753 16.5 8 14.5 8
3943800 16.5 8.5 14.5 8
3959310 17 8 14.5 8
3959357 17 8.5 14.5 8
3974867 17.5 8 14.5 8
3974914 17.5 8.5 14.5 8
3990424 18 8 14.5 8
3990471 18 8.5 14.5 8
4005981 18.5 8 14.5 8
4006028 18.5 8.5 14.5 8
4021538 19 8 14.5 8
4021585 19 8.5 14.5 8
4037095 19.5 8 14.5 8
4037142 19.5 8.5 14.5 8
4052652 20 8 14.5 8
4052699 20 8.5 14.5 8
4068209 20.5 8 14.5 8
4068256 20.5 8.5 14.5 8
4083766 21 8 14.5 8
4083813 21 8.5 14.5 8
4099323 21.5 8 14.5 8
4099370 21.5 8.5 14.5 8
4114880 22 8 14.5 8
4114927 22 8.5 14.5 8
4130437 22.5 8 14.5 8
4130484 22.5 8.5 14.5 8
4145994 23 8 14.5 8
4146041 23 8.5 14.5 8
4161551 23.5 8 14.5 8
4161598 23.5 8.5 14.5 8
4177108 24 8 14.5 8
4177155 24 8.5 14.5 8
4192665 24.5 8 14.5 8
4192712 24.5 8.5 14.5 8
4208222 25 8 14.5 8
4208269 25 8.5 14.5 8
4223779 25.5 8 14.5 8
4223826 25.5 8.5 14.5 8
4239336 26 8 14.5 8
4239383 26 8.5 14.5 8
4254893 26.5 8 14.5 8
4254940 26.5 8.5 14.5 8
4270450 27 8 14.5 8
4270497 27 8.5 14.5 8
4286007 27.5 8 14.5 8
4286054 27.5 8.5 14.5 8
4301564 28 8 14.5 8
4301611 28 8.5 14.5 8
4317121 28.5 8 14.5 8
4317168 28.5 8.5 14.5 8
4332678 29 8 14.5 8
4332725 29 8.5 14.5 8
4348235 29.5 8 14.5 8
4348282 29.5 8.5 14.5 8
4363792 30 8 14.5 8
4363839 30 8.5 14.5 8
4379349 30.5 8 14.5 8
4379396 30.5 8.5 14.5 8
4394906 31 8 14.5 8
4394953 31 8.5 14.5 8
4410463 31.5 8 14.5 8
4410510 31.5 8.5 14.5 8
4426020 32 8 14.5 8
4426067 32 8.5 14.5 8
4441577 32.5 8 14.5 8
4441624 32.5 8.5 14.5 8
4457134 33 8 14.5 8
4457181 33 8.5 14.5 8
4472691 33.5 8 14.5 8
4472738 33.5 8.5 14.5 8
4488248 34 8 14.5 8
4488295 34 8.5 14.5 8
4503805 34.5 8 14.5 8
4503852 34.5 8.5 14.5 8
4519362 35 8 14.5 8
4519409 35 8.5 14.5 8
4534919 35.5 8 14.5 8
4534966 35.5 8.5 14.5 8
4550476 36 8 14.5 8
4550523 36 8.5 14.5 8
4566033 36.5 8 14.5 8
4566080 36.5 8.5 14.5 8
4581590 37 8 14.5 8
4581637 37 8.5 14.5 8
4597147 37.5 8 14.5 8
4597194 37.5 8.5 14.5 8
4612704 38 8 14.5 8
4612751 38 8.5 14.5 8
4628261 38.5 8 14.5 8
4628308 38.5 8.5 14.5 8
4643818 39 8 14.5 8
4643865 39 8.5 14.5 8
4659375 39.5 8 14.5 8
4659422 39.5 8.5 14.5 8
4674932 40 8 14.5 8
4674979 40 8.5 14.5 8
4690489 40.5 8 14.5 8
4690536 40.5 8.5 14.5 8
4706046 41 8 14.5 8
4706093 41 8.5 14.5 8
4721603 41.5 8 14.5 8
4721650 41.5 8.5 14.5 8
4737160 42 8 14.5 8
4737207 42 8.5 14.5 8
4752717 42.5 8 14.5 8
4752764 42.5 8.5 14.5 8
4768274 43 8 14.5 8
4768321 43 8.5 14.5 8
4783831 43.5 8 14.5 8
4783878 43.5 8.5 14.5 8
4799388 44 8 14.5 8
4799435 44 8.5 14.5 8
4814945 44.5 8 14.5 8
4814992 44.5 8.5 14.5 8
4830502 45 8 14.5 8
4830549 45 8.5 14.5 8
4846059 45.5 8 14.5 8
4846106 45.5 8.5 14.5 8
4861616 46 8 14.5 8
4861663 46 8.5 14.5 8
4877173 46.5 8 14.5 8
4877220 46.5 8.5 14.5 8
4892730 47 8 14.5 8
4892777 47 8.5 14.5 8
4908287 47.5 8 14.5 8
4908334 47.5 8.5 14.5 8
4923844 48 8 14.5 8
4923891 48 8.5 14.5 8
4939401 48.5 8 14.5 8
4939448 48.5 8.5 14.5 8
4954958 49 8 14.5 8
4955005 49 8.5 14.5 8
4970515 49.5 8 14.5 8
4970562 49.5 8.5 14.5 8
4986072 50 8 14.5 8
4986119 50 8.5 14.5 8
5001629 50.5 8 14.5 8
5001676 50.5 8.5 14.5 8
5017186 51 8 14.5 8
5017233 51 8.5 14.5 8
5032743 51.5 8 14.5 8
5032790 51.5 8.5 14.5 8
5048300 52 8 14.5 8
5048347 52 8.5 14.5 8
5063857 52.5 8 14.5 8
5063904 52.5 8.5 14.5 8
5079414 53 8 14.5 8
5079461 53 8.5 14.5 8
5094971 53.5 8 14.5 8
5095018 53.5 8.5 14.5 8
5110528 54 8 14.5 8
5110575 54 8.5 14.5 8
5126085 54.5 8 14.5 8
5126132 54.5 8.5 14.5 8
5141642 55 8 14.5 8
5141689 55 8.5 14.5 8
5157199 55.5 8 14.5 8
5157246 55.5 8.5 14.5 8
5172756 56 8 14.5 8
5172803 56 8.5 14.5 8
5188313 56.5 8 14.5 8
5188360 56.5 8.5 14.5 8
5203870 57 8 14.5 8
5203917 57 8.5 14.5 8
5219427 57.5 8 14.5 8
5219474 57.5 8.5 14.5 8
5234984 58 8 14.5 8
5235031 58 8.5 14.5 8
5250541 58.5 8 14.5 8
5250588 58.5 8.5 14.5 8
5266098 59 8 14.5 8
5266145 59 8.5 14.5 8
5281655 59.5 8 14.5 8
5281702 59.5 8.5 14.5 8
5297212 60 8 14.5 8
5297259 60 8.5 14.5 8
5312769 60.5 8 14.5 8
5312816 60.5 8.5 14.5 8
5328326 61 8 14.5 8
5328373 61 8.5 14.5 8
5343883 61.5 8 14.5 8
5343930 61.5 8.5 14.5 8
5359440 62 8 14.5 8
5359487 62 8.5 14.5 8
5374997 62.5 8 14.5 8
5375044 62.5 8.5 14.5 8
5390554 63 8 14.5 8
5390601 63 8.5 14.5 8
5406111 63.5 8 14.5 8
5406158 63.5 8.5 14.5 8
5421668 64 8 14.5 8
5421715 64 8.5 14.5 8
5437225 64.5 8 14.5 8
5437272 64.5 8.5 14.5 8
5452782 65 8 14.5 8
5452829 65 8.5 14.5 8
5468339 65.5 8 14.5 8
5468386 65.5 8.5 14.5 8
5483896 66 8 14.5 8
5483943 66 8.5 14.5 8
5499453 66.5 8 14.5 8
5499500 66.5 8.5 14.5 8
5515010 67 8 14.5 8
5515057 67 8.5 14.5 8
5530567 67.5 8 14.5 8
5530614 67.5 8.5 14.5 8
5546124 68 8 14.5 8
5546171 68 8.5 14.5 8
5561681 68.5 8 14.5 8
5561728 68.5 8.5 14.5 8
5577238 69 8 14.5 8
5577285 69 8.5 14.5 8
5592795 69.5 8 14.5 8
5592842 69.5 8.5 14.5 8
5608352 70 8 14.5 8
5608399 70 8.5 14.5 8
5623909 70.5 8 14.5 8
5623956 70.5 8.5 14.5 8
5639466 71 8 14.5 8
5639513 71 8.5 14.5 8
5655023 71.5 8 14.5 8
5655070 71.5 8.5 14.5 8
5670580 72 8 14.5 8
5670627 72 8.5 14.5 8
5686137 72.5 8 14.5 8
5686184 72.5 8.5 14.5 8
5701694 73 8 14.5 8
5701741 73 8.5 14.5 8
5717251 73.5 8 14.5 8
5717298 73.5 8.5 14.5 8
5732808 74 8 14.5 8
5732855 74 8.5 14.5 8
5748365 74.5 8 14.5 8
5748412 74.5 8.5 14.5 8
5763922 75 8 14.5 8
5763969 75 8.5 14.5 8
5779479 75.5 8 14.5 8
5779526 75.5 8.5 14.5 8
5795036 76 8 14.5 8
5795083 76 8.5 14.5 8
5810593 76.5 8 14.5 8
5810640 76.5 8.5 14.5 8
5826150 77 8 14.5 8
5826197 77 8.5 14.5 8
5841707 77.5 8 14.5 8
5841754 77.5 8.5 14.5 8
5857264 78 8 14.5 8
5857311 78 8.5 14.5 8
5872821 78.5 8 14.5 8
5872868 78.5 8.5 14.5 8
5888378 79 8 14.5 8
5888425 79 8.5 14.5 8
5903935 79.5 8 14.5 8
5903982 79.5 8.5 14.5 8
5919492 80 8 14.5 8
5919539 80 8.5 14.5 8
5935049 80.5 8 14.5 8
5935096 80.5 8.5 14.5 8
5950606 81 8 14.5 8
5950653 81 8.5 14.5 8
5966163 81.5 8 14.5 8
5966210 81.5 8.5 14.5 8
5981720 82 8 14.5 8
5981767 82 8.5 14.5 8
5997277 82.5 8 14.5 8
5997324 82.5 8.5 14.5 8
6012834 83 8 14.5 8
6012881 83 8.5 14.5 8
6028391 83.5 8 14.5 8
6028438 83.5 8.5 14.5 8
6043948 84 8 14.5 8
6043995 84 8.5 14.5 8
6059505 84.5 8 14.5 8
6059552 84.5 8.5 14.5 8
6075062 85 8 14.5 8
6075109 85 8.5 14.5 8
6090619 85.5 8 14.5 8
6090666 85.5 8.5 14.5 8
6106176 86 8 14.5 8
6106223 86 8.5 14.5 8
6121733 86.5 8 14.5 8
6121780 86.5 8.5 14.5 8
6137290 87 8 14.5 8
6137337 87 8.5 14.5 8
6152847 87.5 8 14.5 8
6152894 87.5 8.5 14.5 8
6168404 88 8 14.5 8
6168451 88 8.5 14.5 8
6183961 88.5 8 14.5 8
6184008 88.5 8.5 14.5 8
6199518 89 8 14.5 8
6199565 89 8.5 14.5 8
6215075 89.5 8 14.5 8
6215122 89.5 8.5 14.5 8
6230632 90 8 14.5 8
6230679 90 8.5 14.5 8
6246189 90.5 8 14.5 8
6246236 90.5 8.5 14.5 8
6261746 91 8 14.5 8
6261793 91 8.5 14.5 8
6277303 91.5 8 14.5 8
6277350 91.5 8.5 14.5 8
6292860 92 8 14.5 8
6292907 92 8.5 14.5 8
6308417 92.5 8 14.5 8
6308464 92.5 8.5 14.5 8
6323974 93 8 14.5 8
6324021 93 8.5 14.5 8
6339531 93.5 8 14.5 8
6339578 93.5 8.5 14.5 8
6355088 94 8 14.5 8
6355135 94 8.5 14.5 8
6370645 94.5 8 14.5 8
6370692 94.5 8.5 14.5 8
6386202 95 8 14.5 8
6386249 95 8.5 14.5 8
6401759 95.5 8 14.5 8
6401806 95.5 8.5 14.5 8
6417316 96 8 14.5 8
6417363 96 8.5 14.5 8
6432873 96.5 8 14.5 8
6432920 96.5 8.5 14.5 8
6448430 97 8 14.5 8
6448477 97 8.5 14.5 8
6463987 97.5 8 14.5 8
6464034 97.5 8.5 14.5 8
6479544 98 8 14.5 8
6479591 98 8.5 14.5 8
6495101 98.5 8 14.5 8
6495148 98.5 8.5 14.5 8
6510658 99 8 14.5 8
6510705 99 8.5 14.5 8
6526215 99.5 8 14.5 8
6526262 99.5 8.5 14.5 8
6541772 100 8 14.5 8
6541819 100 8.5 14.5 8
6557329 100.5 8 14.5 8
6557376 100.5 8.5 14.5 8
6572886 101 8 14.5 8
6572933 101 8.5 14.5 8
6588443 101.5 8 14.5 8
6588490 101.5 8.5 14.5 8
6604000 102 8 14.5 8
6604047 102 8.5 14.5 8
6619557 102.5 8 14.5 8
6619604 102.5 8.5 14.5 8
6635114 103 8 14.5 8
6635161 103 8.5 14.5 8
6650671 103.5 8 14.5 8
6650718 103.5 8.5 14.5 8
6666228 104 8 14.5 8
6666275 104 8.5 14.5 8
6681785 104.5 8 14.5 8
6681832 104.5 8.5 14.5 8
6697342 105 8 14.5 8
6697389 105 8.5 14.5 8
6712899 105.5 8 14.5 8
6712946 105.5 8.5 14.5 8
6728456 106 8 14.5 8
6728503 106 8.5 14.5 8
6744013 106.5 8 14.5 8
6744060 106.5 8.5 14.5 8
6759570 107 8 14.5 8
6759617 107 8.5 14.5 8
6775127 107.5 8 14.5 8
6775174 107.5 8.5 14.5 8
6790684 108 8 14.5 8
6790731 108 8.5 14.5 8
6806241 108.5 8 14.5 8
6806288 108.5 8.5 14.5 8
6821798 109 8 14.5 8
6821845 109 8.5 14.5 8
6837355 109.5 8 14.5 8
6837402 109.5 8.5 14.5 8
6852912 110 8 14.5 8
6852959 110 8.5 14.5 8
6868469 110.5 8 14.5 8
6868516 110.5 8.5 14.5 8
6884026 111 8 14.5 8
6884073 111 8.5 14.5 8
6899583 111.5 8 14.5 8
6899630 111.5 8.5 14.5 8
6915140 112 8 14.5 8
6915187 112 8.5 14.5 8
6930697 112.5 8 14.5 8
6930744 112.5 8.5 14.5 8
6946254 113 8 14.5 8
6946301 113 8.5 14.5 8
6961811 113.5 8 14.5 8
6961858 113.5 8.5 14.5 8
6977368 114 8 14.5 8
6977415 114 8.5 14.5 8
6992925 114.5 8 14.5 8
6992972 114.5 8.5 14.5 8
7008482 115 8 14.5 8
7008529 115 8.5 14.5 8
7024039 115.5 8 14.5 8
7024086 115.5 8.5 14.5 8
7039596 116 8 14.5 8
7039643 116 8.5 14.5 8
7055153 116.5 8 14.5 8
7055200 116.5 8.5 14.5 8
7070710 117 8 14.5 8
7070757 117 8.5 14.5 8
7086267 117.5 8 14.5 8
7086314 117.5 8.5 14.5 8
7101824 118 8 14.5 8
7101871 118 8.5 14.5 8
7117381 118.5 8 14.5 8
7117428 118.5 8.5 14.5 8
7132938 119 8 14.5 8
7132985 119 8.5 14.5 8
7148495 119.5 8 14.5 8
7148542 119.5 8.5 14.5 8
7164052 120 8 14.5 8
7164099 120 8.5 14.5 8
7179609 120.5 8 14.5 8
7179656 120.5 8.5 14.5 8
7195166 121 8 14.5 8
7195213 121 8.5 14.5 8
7210723 121.5 8 14.5 8
7210770 121.5 8.5 14.5 8
7226280 122 8 14.5 8
7226327 122 8.5 14.5 8
7241837 122.5 8 14.5 8
7241884 122.5 8.5 14.5 8
7257394 123 8 14.5 8
7257441 123 8.5 14.5 8
7272951 123.5 8 14.5 8
7272998 123.5 8.5 14.5 8
7288508 124 8 14.5 8
7288555 124 8.5 14.5 8
7304065 124.5 8 14.5 8
7304112 124.5 8.5 14.5 8
7319622 125 8 14.5 8
7319669 125 8.5 14.5 8
7335179 125.5 8 14.5 8
7335226 125.5 8.5 14.5 8
7350736 126 8 14.5 8
7350783 126 8.5 14.5 8
7366293 126.5 8 14.5 8
7366340 126.5 8.5 14.5 8
7381850 127 8 14.5 8
7381897 127 8.5 14.5 8
7397407 127.5 8 14.5 8
7397454 127.5 8.5 14.5 8
7412964 128 8 14.5 8
7413011 128 8.5 14.5 8
7428521 128.5 8 14.5 8
7428568 128.5 8.5 14.5 8
7444078 129 8 14.5 8
7444125 129 8.5 14.5 8
7459635 129.5 8 14.5 8
7459682 129.5 8.5 14.5 8
7475192 130 8 14.5 8
7475239 130 8.5 14.5 8
7490749 130.5 8 14.5 8
7490796 130.5 8.5 14.5 8
7506306 131 8 14.5 8
7506353 131 8.5 14.5 8
7521863 131.5 8 14.5 8
7521910 131.5 8.5 14.5 8
7537420 132 8 14.5 8
7537467 132 8.5 14.5 8
7552977 132.5 8 14.5 8
7553024 132.5 8.5 14.5 8
7568534 133 8 14.5 8
7568581 133 8.5 14.5 8
7584091 133.5 8 14.5 8
7584138 133.5 8.5 14.5 8
7599648 134 8 14.5 8
7599695 134 8.5 14.5 8
7615205 134.5 8 14.5 8
7615252 134.5 8.5 14.5 8
7630762 135 8 14.5 8
7630809 135 8.5 14.5 8
7646319 135.5 8 14.5 8
7646366 135.5 8.5 14.5 8
7661876 136 8 14.5 8
7661923 136 8.5 14.5 8
7677433 136.5 8 14.5 8
7677480 136.5 8.5 14.5 8
7692990 137 8 14.5 8
7693037 137 8.5 14.5 8
7708547 137.5 8 14.5 8
7708594 137.5 8.5 14.5 8
7724104 138 8 14.5 8
7724151 138 8.5 14.5 8
7739661 138.5 8 14.5 8
7739708 138.5 8.5 14.5 8
7755218 139 8 14.5 8
7755265 139 8.5 14.5 8
7770775 139.5 8 14.5 8
7770822 139.5 8.5 14.5 8
7786332 140 8 14.5 8
7786379 140 8.5 14.5 8
7801889 140.5 8 14.5 8
7801936 140.5 8.5 14.5 8
7817446 141 8 14.5 8
7817493 141 8.5 14.5 8
7833003 141.5 8 14.5 8
7833050 141.5 8.5 14.5 8
7848560 142 8 14.5 8
7848607 142 8.5 14.5 8
7864117 142.5 8 14.5 8
7864164 142.5 8.5 14.5 8
7879674 143 8 14.5 8
7879721 143 8.5 14.5 8
7895231 143.5 8 14.5 8
7895278 143.5 8.5 14.5 8
7910788 144 8 14.5 8
7910835 144 8.5 14.5 8
7926345 144.5 8 14.5 8
7926392 144.5 8.5 14.5 8
7941902 145 8 14.5 8
7941949 145 8.5 14.5 8
7957459 145.5 8 14.5 8
7957506 145.5 8.5 14.5 8
7973016 146 8 14.5 8
7973063 146 8.5 14.5 8
7988573 146.5 8 14.5 8
7988620 146.5 8.5 14.5 8
8004130 147 8 14.5 8
8004177 147 8.5 14.5 8
8019687 147.5 8 14.5 8
8019734 147.5 8.5 14.5 8
8035244 148 8 14.5 8
8035291 148 8.5 14.5 8
8050801 148.5 8 14.5 8
8050848 148.5 8.5 14.5 8
8066358 149 8 14.5 8
8066405 149 8.5 14.5 8
8081915 149.5 8 14.5 8
8081962 149.5 8.5 14.5 8
8097472 150 8 14.5 8
8097519 150 8.5 14.5 8
8113029 150.5 8 14.5 8
8113076 150.5 8.5 14.5 8
8128586 151 8 14.5 8
8128633 151 8.5 14.5 8
8144143 151.5 8 14.5 8
8144190 151.5 8.5 14.5 8
8159700 152 8 14.5 8
8159747 152 8.5 14.5 8
8175257 152.5 8 14.5 8
8175304 152.5 8.5 14.5 8
8190814 153 8 14.5 8
8190861 153 8.5 14.5 8
8206371 153.5 8 14.5 8
8206418 153.5 8.5 14.5 8
8221928 154 8 14.5 8
8221975 154 8.5 14.5 8
8237485 154.5 8 14.5 8
8237532 154.5 8.5 14.5 8
8253042 155 8 14.5 8
8253089 155 8.5 14.5 8
8268599 155.5 8 14.5 8
8268646 155.5 8.5 14.5 8
8284156 156 8 14.5 8
8284203 156 8.5 14.5 8
8299713 156.5 8 14.5 8
8299760 156.5 8.5 14.5 8
8315270 157 8 14.5 8
8315317 157 8.5 14.5 8
8330827 157.5 8 14.5 8
8330874 157.5 8.5 14.5 8
8346384 158 8 14.5 8
8346431 158 8.5 14.5 8
8361941 158.5 8 14.5 8
8361988 158.5 8.5 14.5 8
8377498 159 8 14.5 8
8377545 159 8.5 14.5 8
8393055 159.5 8 14.5 8
8393102 159.5 8.5 14.5 8
8408612 160 8 14.5 8
8408659 160 8.5 14.5 8
8424169 160.5 8 14.5 8
8424216 160.5 8.5 14.5 8
8439726 161 8 14.5 8
8439773 161 8.5 14.5 8
8455283 161.5 8 14.5 8
8455330 161.5 8.5 14.5 8
8470840 162 8 14.5 8
8470887 162 8.5 14.5 8
8486397 162.5 8 14.5 8
8486444 162.5 8.5 14.5 8
8501954 163 8 14.5 8
8502001 163 8.5 14.5 8
8517511 163.5 8 14.5 8
8517558 163.5 8.5 14.5 8
8533068 164 8 14.5 8
8533115 164 8.5 14.5 8
8548625 164.5 8 14.5 8
8548672 164.5 8.5 14.5 8
8564182 165 8 14.5 8
8564229 165 8.5 14.5 8
8579739 165.5 8 14.5 8
8579786 165.5 8.5 14.5 8
8595296 166 8 14.5 8
8595343 166 8.5 14.5 8
8610853 166.5 8 14.5 8
8610900 166.5 8.5 14.5 8
8626410 167 8 14.5 8
8626457 167 8.5 14.5 8
8641967 167.5 8 14.5 8
8642014 167.5 8.5 14.5 8
8657524 168 8 14.5 8
8657571 168 8.5 14.5 8
8673081 168.5 8 14.5 8
8673128 168.5 8.5 14.5 8
8688638 169 8 14.5 8
8688685 169 8.5 14.5 8
8704195 169.5 8 14.5 8
8704242 169.5 8.5 14.5 8
8719752 170 8 14.5 8
8719799 170 8.5 14.5 8
8735309 170.5 8 14.5 8
8735356 170.5 8.5 14.5 8
8750866 171 8 14.5 8
8750913 171 8.5 14.5 8
8766423 171.5 8 14.5 8
8766470 171.5 8.5 14.5 8
8781980 172 8 14.5 8
8782027 172 8.5 14.5 8
8797537 172.5 8 14.5 8
8797584 172.5 8.5 14.5 8
8813094 173 8 14.5 8
8813141 173 8.5 14.5 8
8828651 173.5 8 14.5 8
8828698 173.5 8.5 14.5 8
8844208 174 8 14.5 8
8844255 174 8.5 14.5 8
8859765 174.5 8 14.5 8
8859812 174.5 8.5 14.5 8
8875322 175 8 14.5 8
8875369 175 8.5 14.5 8
8890879 175.5 8 14.5 8
8890926 175.5 8.5 14.5 8
8906436 176 8 14.5 8
8906483 176 8.5 14.5 8
8921993 176.5 8 14.5 8
8922040 176.5 8.5 14.5 8
8937550 177 8 14.5 8
8937597 177 8.5 14.5 8
8953107 177.5 8 14.5 8
8953154 177.5 8.5 14.5 8
8968664 178 8 14.5 8
8968711 178 8.5 14.5 8
8984221 178.5 8 14.5 8
8984268 178.5 8.5 14.5 8
8999778 179 8 14.5 8
8999825 179 8.5 14.5 8
9015335 179.5 8 14.5 8
9015382 179.5 8.5 14.5 8
9030892 180 8 14.5 8
9030939 180 8.5 14.5 8
9046449 180.5 8 14.5 8
9046496 180.5 8.5 14.5 8
9062006 181 8 14.5 8
9062053 181 8.5 14.5 8
9077563 181.5 8 14.5 8
9077610 181.5 8.5 14.5 8
9093120 182 8 14.5 8
9093167 182 8.5 14.5 8
9108677 182.5 8 14.5 8
9108724 182.5 8.5 14.5 8
9124234 183 8 14.5 8
9124281 183 8.5 14.5 8
9139791 183.5 8 14.5 8
9139838 183.5 8.5 14.5 8
9155348 184 8 14.5 8
9155395 184 8.5 14.5 8
9170905 184.5 8 14.5 8
9170952 184.5 8.5 14.5 8
9186462 185 8 14.5 8
9186509 185 8.5 14.5 8
9202019 185.5 8 14.5 8
9202066 185.5 8.5 14.5 8
9217576 186 8 14.5 8
9217623 186 8.5 14.5 8
9233133 186.5 8 14.5 8
9233180 186.5 8.5 14.5 8
9248690 187 8 14.5 8
9248737 187 8.5 14.5 8
9264247 187.5 8 14.5 8
9264294 187.5 8.5 14.5 8
9279804 188 8 14.5 8
9279851 188 8.5 14.5 8
9295361 188.5 8 14.5 8
9295408 188.5 8.5 14.5 8
9310918 189 8 14.5 8
9310965 189 8.5 14.5 8
9326475 189.5 8 14.5 8
9326522 189.5 8.5 14.5 8
9342032 190 8 14.5 8
9342079 190 8.5 14.5 8
9357589 190.5 8 14.5 8
9357636 190.5 8.5 14.5 8
9373146 191 8 14.5 8
9373193 191 8.5 14.5 8
9388703 191.5 8 14.5 8
9388750 191.5 8.5 14.5 8
9404260 192 8 14.5 8
9404307 192 8.5 14.5 8
9419817 192.5 8 14.5 8
9419864 192.5 8.5 14.5 8
9435374 193 8 14.5 8
9435421 193 8.5 14.5 8
9450931 193.5 8 14.5 8
9450978 193.5 8.5 14.5 8
9466488 194 8 14.5 8
9466535 194 8.5 14.5 8
9482045 194.5 8 14.5 8
9482092 194.5 8.5 14.5 8
9497602 195 8 14.5 8
9497649 195 8.5 14.5 8
9513159 195.5 8 14.5 8
9513206 195.5 8.5 14.5 8
9528716 196 8 14.5 8
9528763 196 8.5 14.5 8
9544273 196.5 8 14.5 8
9544320 196.5 8.5 14.5 8
9559830 197 8 14.5 8
9559877 197 8.5 14.5 8
9575387 197.5 8 14.5 8
9575434 197.5 8.5 14.5 8
9590944 198 8 14.5 8
9590991 198 8.5 14.5 8
9606501 198.5 8 14.5 8
9606548 198.5 8.5 14.5 8
9622058 199 8 14.5 8
9622105 199 8.5 14.5 8
9637615 199.5 8 14.5 8
9637662 199.5 8.5 14.5 8
9653172 200 8 14.5 8
9653219 200 8.5 14.5 8
9668729 200.5 8 14.5 8
9668776 200.5 8.5 14.5 8
9684286 201 8 14.5 8
9684333 201 8.5 14.5 8
9699843 201.5 8 14.5 8
9699890 201.5 8.5 14.5 8
9715400 202 8 14.5 8
9715447 202 8.5 14.5 8
9730957 202.5 8 14.5 8
9731004 202.5 8.5 14.5 8
9746514 203 8 14.5 8
9746561 203 8.5 14.5 8
9762071 203.5 8 14.5 8
9762118 203.5 8.5 14.5 8
9777628 204 8 14.5 8
9777675 204 8.5 14.5 8
9793185 204.5 8 14.5 8
9793232 204.5 8.5 14.5 8
9808742 205 8 14.5 8
9808789 205 8.5 14.5 8
9824299 205.5 8 14.5 8
9824346 205.5 8.5 14.5 8
9839856 206 8 14.5 8
9839903 206 8.5 14.5 8
9855413 206.5 8 14.5 8
9855460 206.5 8.5 14.5 8
9870970 207 8 14.5 8
9871017 207 8.5 14.5 8
9886527 207.5 8 14.5 8
9886574 207.5 8.5 14.5 8
9902084 208 8 14.5 8
9902131 208 8.5 14.5 8
9917641 208.5 8 14.5 8
9917688 208.5 8.5 14.5 8
9933198 209 8 14.5 8
9933245 209 8.5 14.5 8
9948755 209.5 8 14.5 8
9948802 209.5 8.5 14.5 8
9964312 210 8 14.5 8
9964359 210 8.5 14.5 8
9979869 210.5 8 14.5 8
9979916 210.5 8.5 14.5 8
9995426 211 8 14.5 8
9995473 211 8.5 14.5 8
10010983 211.5 8 14.5 8
10011030 211.5 8.5 14.5 8
10026540 212 8 14.5 8
10026587 212 8.5 14.5 8
10042097 212.5 8 14.5 8
10042144 212.5 8.5 14.5 8
10057654 213 8 14.5 8
10057701 213 8.5 14.5 8
10073211 213.5 8 14.5 8
10073258 213.5 8.5 14.5 8
10088768 214 8 14.5 8
10088815 214 8.5 14.5 8
10104325 214.5 8 14.5 8
10104372 214.5 8.5 14.5 8
10119882 215 8 14.5 8
10119929 215 8.5 14.5 8
10135439 215.5 8 14.5 8
10135486 215.5 8.5 14.5 8
10150996 216 8 14.5 8
10151043 216 8.5 14.5 8
10166553 216.5 8 14.5 8
10166600 216.5 8.5 14.5 8
10182110 217 8 14.5 8
10182157 217 8.5 14.5 8
10197667 217.5 8 14.5 8
10197714 217.5 8.5 14.5 8
10213224 218 8 14.5 8
10213271 218 8.5 14.5 8
