3754812 10.5 -16 14 8
3754813 10.5 -16 14.5 8
3770275 11 -17 14 8
3770276 11 -17 14.5 8
3770322 11 -16.5 14 8
3770323 11 -16.5 14.5 8
3770369 11 -16 14 8
3770370 11 -16 14.5 8
3785832 11.5 -17 14 8
3785833 11.5 -17 14.5 8
3785879 11.5 -16.5 14 8
3785880 11.5 -16.5 14.5 8
3785926 11.5 -16 14 8
3785927 11.5 -16 14.5 8
3801389 12 -17 14 8
3801390 12 -17 14.5 8
3801436 12 -16.5 14 8
3801437 12 -16.5 14.5 8
3801483 12 -16 14 8
3801484 12 -16 14.5 8
3816946 12.5 -17 14 8
3816947 12.5 -17 14.5 8
3816993 12.5 -16.5 14 8
3816994 12.5 -16.5 14.5 8
3817040 12.5 -16 14 8
3817041 12.5 -16 14.5 8
3832503 13 -17 14 8
3832504 13 -17 14.5 8
3832550 13 -16.5 14 8
3832551 13 -16.5 14.5 8
3832597 13 -16 14 8
3832598 13 -16 14.5 8
3848060 13.5 -17 14 8
3848061 13.5 -17 14.5 8
3848107 13.5 -16.5 14 8
3848108 13.5 -16.5 14.5 8
3848154 13.5 -16 14 8
3848155 13.5 -16 14.5 8
3863617 14 -17 14 8
3863618 14 -17 14.5 8
3863664 14 -16.5 14 8
3863665 14 -16.5 14.5 8
3863711 14 -16 14 8
3863712 14 -16 14.5 8
3879174 14.5 -17 14 8
3879175 14.5 -17 14.5 8
3879221 14.5 -16.5 14 8
3879222 14.5 -16.5 14.5 8
3879268 14.5 -16 14 8
3879269 14.5 -16 14.5 8
3894731 15 -17 14 8
3894732 15 -17 14.5 8
3894778 15 -16.5 14 8
3894779 15 -16.5 14.5 8
3894825 15 -16 14 8
3894826 15 -16 14.5 8
3910288 15.5 -17 14 8
3910289 15.5 -17 14.5 8
3910335 15.5 -16.5 14 8
3910336 15.5 -16.5 14.5 8
3910382 15.5 -16 14 8
3910383 15.5 -16 14.5 8
3925845 16 -17 14 8
3925846 16 -17 14.5 8
3925892 16 -16.5 14 8
3925893 16 -16.5 14.5 8
3925939 16 -16 14 8
3925940 16 -16 14.5 8
3941402 16.5 -17 14 8
3941403 16.5 -17 14.5 8
3941449 16.5 -16.5 14 8
3941450 16.5 -16.5 14.5 8
3941496 16.5 -16 14 8
3941497 16.5 -16 14.5 8
3956959 17 -17 14 8
3956960 17 -17 14.5 8
3957006 17 -16.5 14 8
3957007 17 -16.5 14.5 8
3957053 17 -16 14 8
3957054 17 -16 14.5 8
3972516 17.5 -17 14 8
3972517 17.5 -17 14.5 8
3972563 17.5 -16.5 14 8
3972564 17.5 -16.5 14.5 8
3972610 17.5 -16 14 8
3972611 17.5 -16 14.5 8
3988073 18 -17 14 8
3988074 18 -17 14.5 8
3988120 18 -16.5 14 8
3988121 18 -16.5 14.5 8
3988167 18 -16 14 8
3988168 18 -16 14.5 8
4003630 18.5 -17 14 8
4003631 18.5 -17 14.5 8
4003677 18.5 -16.5 14 8
4003678 18.5 -16.5 14.5 8
4003724 18.5 -16 14 8
4003725 18.5 -16 14.5 8
4019187 19 -17 14 8
4019188 19 -17 14.5 8
4019234 19 -16.5 14 8
4019235 19 -16.5 14.5 8
4019281 19 -16 14 8
4019282 19 -16 14.5 8
4034744 19.5 -17 14 8
4034745 19.5 -17 14.5 8
4034791 19.5 -16.5 14 8
4034792 19.5 -16.5 14.5 8
4034838 19.5 -16 14 8
4034839 19.5 -16 14.5 8
4050301 20 -17 14 8
4050302 20 -17 14.5 8
4050348 20 -16.5 14 8
4050349 20 -16.5 14.5 8
4050395 20 -16 14 8
4050396 20 -16 14.5 8
4065858 20.5 -17 14 8
4065859 20.5 -17 14.5 8
4065905 20.5 -16.5 14 8
4065906 20.5 -16.5 14.5 8
4065952 20.5 -16 14 8
4065953 20.5 -16 14.5 8
4081415 21 -17 14 8
4081416 21 -17 14.5 8
4081462 21 -16.5 14 8
4081463 21 -16.5 14.5 8
4081509 21 -16 14 8
4081510 21 -16 14.5 8
4096972 21.5 -17 14 8
4096973 21.5 -17 14.5 8
4097019 21.5 -16.5 14 8
4097020 21.5 -16.5 14.5 8
4097066 21.5 -16 14 8
4097067 21.5 -16 14.5 8
4112529 22 -17 14 8
4112530 22 -17 14.5 8
4112576 22 -16.5 14 8
4112577 22 -16.5 14.5 8
4112623 22 -16 14 8
4112624 22 -16 14.5 8
4128086 22.5 -17 14 8
4128087 22.5 -17 14.5 8
4128133 22.5 -16.5 14 8
4128134 22.5 -16.5 14.5 8
4128180 22.5 -16 14 8
4128181 22.5 -16 14.5 8
4143643 23 -17 14 8
4143644 23 -17 14.5 8
4143690 23 -16.5 14 8
4143691 23 -16.5 14.5 8
4143737 23 -16 14 8
4143738 23 -16 14.5 8
4159200 23.5 -17 14 8
4159201 23.5 -17 14.5 8
4159247 23.5 -16.5 14 8
4159248 23.5 -16.5 14.5 8
4159294 23.5 -16 14 8
4159295 23.5 -16 14.5 8
4174757 24 -17 14 8
4174758 24 -17 14.5 8
4174804 24 -16.5 14 8
4174805 24 -16.5 14.5 8
4174851 24 -16 14 8
4174852 24 -16 14.5 8
4190314 24.5 -17 14 8
4190315 24.5 -17 14.5 8
4190361 24.5 -16.5 14 8
4190362 24.5 -16.5 14.5 8
4190408 24.5 -16 14 8
4190409 24.5 -16 14.5 8
4205871 25 -17 14 8
4205872 25 -17 14.5 8
4205918 25 -16.5 14 8
4205919 25 -16.5 14.5 8
4205965 25 -16 14 8
4205966 25 -16 14.5 8
4221428 25.5 -17 14 8
4221429 25.5 -17 14.5 8
4221475 25.5 -16.5 14 8
4221476 25.5 -16.5 14.5 8
4221522 25.5 -16 14 8
4221523 25.5 -16 14.5 8
4236985 26 -17 14 8
4236986 26 -17 14.5 8
4237032 26 -16.5 14 8
4237033 26 -16.5 14.5 8
4237079 26 -16 14 8
4237080 26 -16 14.5 8
4252542 26.5 -17 14 8
4252543 26.5 -17 14.5 8
4252589 26.5 -16.5 14 8
4252590 26.5 -16.5 14.5 8
4252636 26.5 -16 14 8
4252637 26.5 -16 14.5 8
4268099 27 -17 14 8
4268100 27 -17 14.5 8
4268146 27 -16.5 14 8
4268147 27 -16.5 14.5 8
4268193 27 -16 14 8
4268194 27 -16 14.5 8
4283656 27.5 -17 14 8
4283657 27.5 -17 14.5 8
4283703 27.5 -16.5 14 8
4283704 27.5 -16.5 14.5 8
4283750 27.5 -16 14 8
4283751 27.5 -16 14.5 8
4299213 28 -17 14 8
4299214 28 -17 14.5 8
4299260 28 -16.5 14 8
4299261 28 -16.5 14.5 8
4299307 28 -16 14 8
4299308 28 -16 14.5 8
4314770 28.5 -17 14 8
4314771 28.5 -17 14.5 8
4314817 28.5 -16.5 14 8
4314818 28.5 -16.5 14.5 8
4314864 28.5 -16 14 8
4314865 28.5 -16 14.5 8
4330327 29 -17 14 8
4330328 29 -17 14.5 8
4330374 29 -16.5 14 8
4330375 29 -16.5 14.5 8
4330421 29 -16 14 8
4330422 29 -16 14.5 8
4345884 29.5 -17 14 8
4345885 29.5 -17 14.5 8
4345931 29.5 -16.5 14 8
4345932 29.5 -16.5 14.5 8
4345978 29.5 -16 14 8
4345979 29.5 -16 14.5 8
4361441 30 -17 14 8
4361442 30 -17 14.5 8
4361488 30 -16.5 14 8
4361489 30 -16.5 14.5 8
4361535 30 -16 14 8
4361536 30 -16 14.5 8
4376998 30.5 -17 14 8
4376999 30.5 -17 14.5 8
4377045 30.5 -16.5 14 8
4377046 30.5 -16.5 14.5 8
4377092 30.5 -16 14 8
4377093 30.5 -16 14.5 8
4392555 31 -17 14 8
4392556 31 -17 14.5 8
4392602 31 -16.5 14 8
4392603 31 -16.5 14.5 8
4392649 31 -16 14 8
4392650 31 -16 14.5 8
4408112 31.5 -17 14 8
4408113 31.5 -17 14.5 8
4408159 31.5 -16.5 14 8
4408160 31.5 -16.5 14.5 8
4408206 31.5 -16 14 8
4408207 31.5 -16 14.5 8
4423669 32 -17 14 8
4423670 32 -17 14.5 8
4423716 32 -16.5 14 8
4423717 32 -16.5 14.5 8
4423763 32 -16 14 8
4423764 32 -16 14.5 8
4439226 32.5 -17 14 8
4439227 32.5 -17 14.5 8
4439273 32.5 -16.5 14 8
4439274 32.5 -16.5 14.5 8
4439320 32.5 -16 14 8
4439321 32.5 -16 14.5 8
4454783 33 -17 14 8
4454784 33 -17 14.5 8
4454830 33 -16.5 14 8
4454831 33 -16.5 14.5 8
4454877 33 -16 14 8
4454878 33 -16 14.5 8
4470340 33.5 -17 14 8
4470341 33.5 -17 14.5 8
4470387 33.5 -16.5 14 8
4470388 33.5 -16.5 14.5 8
4470434 33.5 -16 14 8
4470435 33.5 -16 14.5 8
4485897 34 -17 14 8
4485898 34 -17 14.5 8
4485944 34 -16.5 14 8
4485945 34 -16.5 14.5 8
4485991 34 -16 14 8
4485992 34 -16 14.5 8
4501454 34.5 -17 14 8
4501455 34.5 -17 14.5 8
4501501 34.5 -16.5 14 8
4501502 34.5 -16.5 14.5 8
4501548 34.5 -16 14 8
4501549 34.5 -16 14.5 8
4517011 35 -17 14 8
4517012 35 -17 14.5 8
4517058 35 -16.5 14 8
4517059 35 -16.5 14.5 8
4517105 35 -16 14 8
4517106 35 -16 14.5 8
4532568 35.5 -17 14 8
4532569 35.5 -17 14.5 8
4532615 35.5 -16.5 14 8
4532616 35.5 -16.5 14.5 8
4532662 35.5 -16 14 8
4532663 35.5 -16 14.5 8
4548125 36 -17 14 8
4548126 36 -17 14.5 8
4548172 36 -16.5 14 8
4548173 36 -16.5 14.5 8
4548219 36 -16 14 8
4548220 36 -16 14.5 8
4563682 36.5 -17 14 8
4563683 36.5 -17 14.5 8
4563729 36.5 -16.5 14 8
4563730 36.5 -16.5 14.5 8
4563776 36.5 -16 14 8
4563777 36.5 -16 14.5 8
4579239 37 -17 14 8
4579240 37 -17 14.5 8
4579286 37 -16.5 14 8
4579287 37 -16.5 14.5 8
4579333 37 -16 14 8
4579334 37 -16 14.5 8
4594796 37.5 -17 14 8
4594797 37.5 -17 14.5 8
4594843 37.5 -16.5 14 8
4594844 37.5 -16.5 14.5 8
4594890 37.5 -16 14 8
4594891 37.5 -16 14.5 8
4610353 38 -17 14 8
4610354 38 -17 14.5 8
4610400 38 -16.5 14 8
4610401 38 -16.5 14.5 8
4610447 38 -16 14 8
4610448 38 -16 14.5 8
4625910 38.5 -17 14 8
4625911 38.5 -17 14.5 8
4625957 38.5 -16.5 14 8
4625958 38.5 -16.5 14.5 8
4626004 38.5 -16 14 8
4626005 38.5 -16 14.5 8
4641467 39 -17 14 8
4641468 39 -17 14.5 8
4641514 39 -16.5 14 8
4641515 39 -16.5 14.5 8
4641561 39 -16 14 8
4641562 39 -16 14.5 8
4657024 39.5 -17 14 8
4657025 39.5 -17 14.5 8
4657071 39.5 -16.5 14 8
4657072 39.5 -16.5 14.5 8
4657118 39.5 -16 14 8
4657119 39.5 -16 14.5 8
4672581 40 -17 14 8
4672582 40 -17 14.5 8
4672628 40 -16.5 14 8
4672629 40 -16.5 14.5 8
4672675 40 -16 14 8
4672676 40 -16 14.5 8
4688138 40.5 -17 14 8
4688139 40.5 -17 14.5 8
4688185 40.5 -16.5 14 8
4688186 40.5 -16.5 14.5 8
4688232 40.5 -16 14 8
4688233 40.5 -16 14.5 8
4703695 41 -17 14 8
4703696 41 -17 14.5 8
4703742 41 -16.5 14 8
4703743 41 -16.5 14.5 8
4703789 41 -16 14 8
4703790 41 -16 14.5 8
4719252 41.5 -17 14 8
4719253 41.5 -17 14.5 8
4719299 41.5 -16.5 14 8
4719300 41.5 -16.5 14.5 8
4719346 41.5 -16 14 8
4719347 41.5 -16 14.5 8
4734809 42 -17 14 8
4734810 42 -17 14.5 8
4734856 42 -16.5 14 8
4734857 42 -16.5 14.5 8
4734903 42 -16 14 8
4734904 42 -16 14.5 8
4750366 42.5 -17 14 8
4750367 42.5 -17 14.5 8
4750413 42.5 -16.5 14 8
4750414 42.5 -16.5 14.5 8
4750460 42.5 -16 14 8
4750461 42.5 -16 14.5 8
4765923 43 -17 14 8
4765924 43 -17 14.5 8
4765970 43 -16.5 14 8
4765971 43 -16.5 14.5 8
4766017 43 -16 14 8
4766018 43 -16 14.5 8
4781480 43.5 -17 14 8
4781481 43.5 -17 14.5 8
4781527 43.5 -16.5 14 8
4781528 43.5 -16.5 14.5 8
4781574 43.5 -16 14 8
4781575 43.5 -16 14.5 8
4797037 44 -17 14 8
4797038 44 -17 14.5 8
4797084 44 -16.5 14 8
4797085 44 -16.5 14.5 8
4797131 44 -16 14 8
4797132 44 -16 14.5 8
4812594 44.5 -17 14 8
4812595 44.5 -17 14.5 8
4812641 44.5 -16.5 14 8
4812642 44.5 -16.5 14.5 8
4812688 44.5 -16 14 8
4812689 44.5 -16 14.5 8
4828151 45 -17 14 8
4828152 45 -17 14.5 8
4828198 45 -16.5 14 8
4828199 45 -16.5 14.5 8
4828245 45 -16 14 8
4828246 45 -16 14.5 8
4843708 45.5 -17 14 8
4843709 45.5 -17 14.5 8
4843755 45.5 -16.5 14 8
4843756 45.5 -16.5 14.5 8
4843802 45.5 -16 14 8
4843803 45.5 -16 14.5 8
4859265 46 -17 14 8
4859266 46 -17 14.5 8
4859312 46 -16.5 14 8
4859313 46 -16.5 14.5 8
4859359 46 -16 14 8
4859360 46 -16 14.5 8
4874822 46.5 -17 14 8
4874823 46.5 -17 14.5 8
4874869 46.5 -16.5 14 8
4874870 46.5 -16.5 14.5 8
4874916 46.5 -16 14 8
4874917 46.5 -16 14.5 8
4890379 47 -17 14 8
4890380 47 -17 14.5 8
4890426 47 -16.5 14 8
4890427 47 -16.5 14.5 8
4890473 47 -16 14 8
4890474 47 -16 14.5 8
4905936 47.5 -17 14 8
4905937 47.5 -17 14.5 8
4905983 47.5 -16.5 14 8
4905984 47.5 -16.5 14.5 8
4906030 47.5 -16 14 8
4906031 47.5 -16 14.5 8
4921493 48 -17 14 8
4921494 48 -17 14.5 8
4921540 48 -16.5 14 8
4921541 48 -16.5 14.5 8
4921587 48 -16 14 8
4921588 48 -16 14.5 8
4937050 48.5 -17 14 8
4937051 48.5 -17 14.5 8
4937097 48.5 -16.5 14 8
4937098 48.5 -16.5 14.5 8
4937144 48.5 -16 14 8
4937145 48.5 -16 14.5 8
4952607 49 -17 14 8
4952608 49 -17 14.5 8
4952654 49 -16.5 14 8
4952655 49 -16.5 14.5 8
4952701 49 -16 14 8
4952702 49 -16 14.5 8
4968164 49.5 -17 14 8
4968165 49.5 -17 14.5 8
4968211 49.5 -16.5 14 8
4968212 49.5 -16.5 14.5 8
4968258 49.5 -16 14 8
4968259 49.5 -16 14.5 8
4983721 50 -17 14 8
4983722 50 -17 14.5 8
4983768 50 -16.5 14 8
4983769 50 -16.5 14.5 8
4983815 50 -16 14 8
4983816 50 -16 14.5 8
4999278 50.5 -17 14 8
4999279 50.5 -17 14.5 8
4999325 50.5 -16.5 14 8
4999326 50.5 -16.5 14.5 8
4999372 50.5 -16 14 8
4999373 50.5 -16 14.5 8
5014835 51 -17 14 8
5014836 51 -17 14.5 8
5014882 51 -16.5 14 8
5014883 51 -16.5 14.5 8
5014929 51 -16 14 8
5014930 51 -16 14.5 8
5030392 51.5 -17 14 8
5030393 51.5 -17 14.5 8
5030439 51.5 -16.5 14 8
5030440 51.5 -16.5 14.5 8
5030486 51.5 -16 14 8
5030487 51.5 -16 14.5 8
5045949 52 -17 14 8
5045950 52 -17 14.5 8
5045996 52 -16.5 14 8
5045997 52 -16.5 14.5 8
5046043 52 -16 14 8
5046044 52 -16 14.5 8
5061506 52.5 -17 14 8
5061507 52.5 -17 14.5 8
5061553 52.5 -16.5 14 8
5061554 52.5 -16.5 14.5 8
5061600 52.5 -16 14 8
5061601 52.5 -16 14.5 8
5077063 53 -17 14 8
5077064 53 -17 14.5 8
5077110 53 -16.5 14 8
5077111 53 -16.5 14.5 8
5077157 53 -16 14 8
5077158 53 -16 14.5 8
5092620 53.5 -17 14 8
5092621 53.5 -17 14.5 8
5092667 53.5 -16.5 14 8
5092668 53.5 -16.5 14.5 8
5092714 53.5 -16 14 8
5092715 53.5 -16 14.5 8
5108177 54 -17 14 8
5108178 54 -17 14.5 8
5108224 54 -16.5 14 8
5108225 54 -16.5 14.5 8
5108271 54 -16 14 8
5108272 54 -16 14.5 8
5123734 54.5 -17 14 8
5123735 54.5 -17 14.5 8
5123781 54.5 -16.5 14 8
5123782 54.5 -16.5 14.5 8
5123828 54.5 -16 14 8
5123829 54.5 -16 14.5 8
5139291 55 -17 14 8
5139292 55 -17 14.5 8
5139338 55 -16.5 14 8
5139339 55 -16.5 14.5 8
5139385 55 -16 14 8
5139386 55 -16 14.5 8
5154848 55.5 -17 14 8
5154849 55.5 -17 14.5 8
5154895 55.5 -16.5 14 8
5154896 55.5 -16.5 14.5 8
5154942 55.5 -16 14 8
5154943 55.5 -16 14.5 8
5170405 56 -17 14 8
5170406 56 -17 14.5 8
5170452 56 -16.5 14 8
5170453 56 -16.5 14.5 8
5170499 56 -16 14 8
5170500 56 -16 14.5 8
5185962 56.5 -17 14 8
5185963 56.5 -17 14.5 8
5186009 56.5 -16.5 14 8
5186010 56.5 -16.5 14.5 8
5186056 56.5 -16 14 8
5186057 56.5 -16 14.5 8
5201519 57 -17 14 8
5201520 57 -17 14.5 8
5201566 57 -16.5 14 8
5201567 57 -16.5 14.5 8
5201613 57 -16 14 8
5201614 57 -16 14.5 8
5217076 57.5 -17 14 8
5217077 57.5 -17 14.5 8
5217123 57.5 -16.5 14 8
5217124 57.5 -16.5 14.5 8
5217170 57.5 -16 14 8
5217171 57.5 -16 14.5 8
5232633 58 -17 14 8
5232634 58 -17 14.5 8
5232680 58 -16.5 14 8
5232681 58 -16.5 14.5 8
5232727 58 -16 14 8
5232728 58 -16 14.5 8
5248190 58.5 -17 14 8
5248191 58.5 -17 14.5 8
5248237 58.5 -16.5 14 8
5248238 58.5 -16.5 14.5 8
5248284 58.5 -16 14 8
5248285 58.5 -16 14.5 8
5263747 59 -17 14 8
5263748 59 -17 14.5 8
5263794 59 -16.5 14 8
5263795 59 -16.5 14.5 8
5263841 59 -16 14 8
5263842 59 -16 14.5 8
5279304 59.5 -17 14 8
5279305 59.5 -17 14.5 8
5279351 59.5 -16.5 14 8
5279352 59.5 -16.5 14.5 8
5279398 59.5 -16 14 8
5279399 59.5 -16 14.5 8
5294861 60 -17 14 8
5294862 60 -17 14.5 8
5294908 60 -16.5 14 8
5294909 60 -16.5 14.5 8
5294955 60 -16 14 8
5294956 60 -16 14.5 8
5310418 60.5 -17 14 8
5310419 60.5 -17 14.5 8
5310465 60.5 -16.5 14 8
5310466 60.5 -16.5 14.5 8
5310512 60.5 -16 14 8
5310513 60.5 -16 14.5 8
5325975 61 -17 14 8
5325976 61 -17 14.5 8
5326022 61 -16.5 14 8
5326023 61 -16.5 14.5 8
5326069 61 -16 14 8
5326070 61 -16 14.5 8
5341532 61.5 -17 14 8
5341533 61.5 -17 14.5 8
5341579 61.5 -16.5 14 8
5341580 61.5 -16.5 14.5 8
5341626 61.5 -16 14 8
5341627 61.5 -16 14.5 8
5357089 62 -17 14 8
5357090 62 -17 14.5 8
5357136 62 -16.5 14 8
5357137 62 -16.5 14.5 8
5357183 62 -16 14 8
5357184 62 -16 14.5 8
5372646 62.5 -17 14 8
5372647 62.5 -17 14.5 8
5372693 62.5 -16.5 14 8
5372694 62.5 -16.5 14.5 8
5372740 62.5 -16 14 8
5372741 62.5 -16 14.5 8
5388203 63 -17 14 8
5388204 63 -17 14.5 8
5388250 63 -16.5 14 8
5388251 63 -16.5 14.5 8
5388297 63 -16 14 8
5388298 63 -16 14.5 8
5403760 63.5 -17 14 8
5403761 63.5 -17 14.5 8
5403807 63.5 -16.5 14 8
5403808 63.5 -16.5 14.5 8
5403854 63.5 -16 14 8
5403855 63.5 -16 14.5 8
5419317 64 -17 14 8
5419318 64 -17 14.5 8
5419364 64 -16.5 14 8
5419365 64 -16.5 14.5 8
5419411 64 -16 14 8
5419412 64 -16 14.5 8
5434874 64.5 -17 14 8
5434875 64.5 -17 14.5 8
5434921 64.5 -16.5 14 8
5434922 64.5 -16.5 14.5 8
5434968 64.5 -16 14 8
5434969 64.5 -16 14.5 8
5450431 65 -17 14 8
5450432 65 -17 14.5 8
5450478 65 -16.5 14 8
5450479 65 -16.5 14.5 8
5450525 65 -16 14 8
5450526 65 -16 14.5 8
5465988 65.5 -17 14 8
5465989 65.5 -17 14.5 8
5466035 65.5 -16.5 14 8
5466036 65.5 -16.5 14.5 8
5466082 65.5 -16 14 8
5466083 65.5 -16 14.5 8
5481545 66 -17 14 8
5481546 66 -17 14.5 8
5481592 66 -16.5 14 8
5481593 66 -16.5 14.5 8
5481639 66 -16 14 8
5481640 66 -16 14.5 8
5497102 66.5 -17 14 8
5497103 66.5 -17 14.5 8
5497149 66.5 -16.5 14 8
5497150 66.5 -16.5 14.5 8
5497196 66.5 -16 14 8
5497197 66.5 -16 14.5 8
5512659 67 -17 14 8
5512660 67 -17 14.5 8
5512706 67 -16.5 14 8
5512707 67 -16.5 14.5 8
5512753 67 -16 14 8
5512754 67 -16 14.5 8
5528216 67.5 -17 14 8
5528217 67.5 -17 14.5 8
5528263 67.5 -16.5 14 8
5528264 67.5 -16.5 14.5 8
5528310 67.5 -16 14 8
5528311 67.5 -16 14.5 8
5543773 68 -17 14 8
5543774 68 -17 14.5 8
5543820 68 -16.5 14 8
5543821 68 -16.5 14.5 8
5543867 68 -16 14 8
5543868 68 -16 14.5 8
5559330 68.5 -17 14 8
5559331 68.5 -17 14.5 8
5559377 68.5 -16.5 14 8
5559378 68.5 -16.5 14.5 8
5559424 68.5 -16 14 8
5559425 68.5 -16 14.5 8
5574887 69 -17 14 8
5574888 69 -17 14.5 8
5574934 69 -16.5 14 8
5574935 69 -16.5 14.5 8
5574981 69 -16 14 8
5574982 69 -16 14.5 8
5590444 69.5 -17 14 8
5590445 69.5 -17 14.5 8
5590491 69.5 -16.5 14 8
5590492 69.5 -16.5 14.5 8
5590538 69.5 -16 14 8
5590539 69.5 -16 14.5 8
5606001 70 -17 14 8
5606002 70 -17 14.5 8
5606048 70 -16.5 14 8
5606049 70 -16.5 14.5 8
5606095 70 -16 14 8
5606096 70 -16 14.5 8
5621558 70.5 -17 14 8
5621559 70.5 -17 14.5 8
5621605 70.5 -16.5 14 8
5621606 70.5 -16.5 14.5 8
5621652 70.5 -16 14 8
5621653 70.5 -16 14.5 8
5637115 71 -17 14 8
5637116 71 -17 14.5 8
5637162 71 -16.5 14 8
5637163 71 -16.5 14.5 8
5637209 71 -16 14 8
5637210 71 -16 14.5 8
5652672 71.5 -17 14 8
5652673 71.5 -17 14.5 8
5652719 71.5 -16.5 14 8
5652720 71.5 -16.5 14.5 8
5652766 71.5 -16 14 8
5652767 71.5 -16 14.5 8
5668229 72 -17 14 8
5668230 72 -17 14.5 8
5668276 72 -16.5 14 8
5668277 72 -16.5 14.5 8
5668323 72 -16 14 8
5668324 72 -16 14.5 8
5683786 72.5 -17 14 8
5683787 72.5 -17 14.5 8
5683833 72.5 -16.5 14 8
5683834 72.5 -16.5 14.5 8
5683880 72.5 -16 14 8
5683881 72.5 -16 14.5 8
5699343 73 -17 14 8
5699344 73 -17 14.5 8
5699390 73 -16.5 14 8
5699391 73 -16.5 14.5 8
5699437 73 -16 14 8
5699438 73 -16 14.5 8
5714900 73.5 -17 14 8
5714901 73.5 -17 14.5 8
5714947 73.5 -16.5 14 8
5714948 73.5 -16.5 14.5 8
5714994 73.5 -16 14 8
5714995 73.5 -16 14.5 8
5730457 74 -17 14 8
5730458 74 -17 14.5 8
5730504 74 -16.5 14 8
5730505 74 -16.5 14.5 8
5730551 74 -16 14 8
5730552 74 -16 14.5 8
5746014 74.5 -17 14 8
5746015 74.5 -17 14.5 8
5746061 74.5 -16.5 14 8
5746062 74.5 -16.5 14.5 8
5746108 74.5 -16 14 8
5746109 74.5 -16 14.5 8
5761571 75 -17 14 8
5761572 75 -17 14.5 8
5761618 75 -16.5 14 8
5761619 75 -16.5 14.5 8
5761665 75 -16 14 8
5761666 75 -16 14.5 8
5777128 75.5 -17 14 8
5777129 75.5 -17 14.5 8
5777175 75.5 -16.5 14 8
5777176 75.5 -16.5 14.5 8
5777222 75.5 -16 14 8
5777223 75.5 -16 14.5 8
5792685 76 -17 14 8
5792686 76 -17 14.5 8
5792732 76 -16.5 14 8
5792733 76 -16.5 14.5 8
5792779 76 -16 14 8
5792780 76 -16 14.5 8
5808242 76.5 -17 14 8
5808243 76.5 -17 14.5 8
5808289 76.5 -16.5 14 8
5808290 76.5 -16.5 14.5 8
5808336 76.5 -16 14 8
5808337 76.5 -16 14.5 8
5823799 77 -17 14 8
5823800 77 -17 14.5 8
5823846 77 -16.5 14 8
5823847 77 -16.5 14.5 8
5823893 77 -16 14 8
5823894 77 -16 14.5 8
5839356 77.5 -17 14 8
5839357 77.5 -17 14.5 8
5839403 77.5 -16.5 14 8
5839404 77.5 -16.5 14.5 8
5839450 77.5 -16 14 8
5839451 77.5 -16 14.5 8
5854913 78 -17 14 8
5854914 78 -17 14.5 8
5854960 78 -16.5 14 8
5854961 78 -16.5 14.5 8
5855007 78 -16 14 8
5855008 78 -16 14.5 8
5870470 78.5 -17 14 8
5870471 78.5 -17 14.5 8
5870517 78.5 -16.5 14 8
5870518 78.5 -16.5 14.5 8
5870564 78.5 -16 14 8
5870565 78.5 -16 14.5 8
5886027 79 -17 14 8
5886028 79 -17 14.5 8
5886074 79 -16.5 14 8
5886075 79 -16.5 14.5 8
5886121 79 -16 14 8
5886122 79 -16 14.5 8
5901584 79.5 -17 14 8
5901585 79.5 -17 14.5 8
5901631 79.5 -16.5 14 8
5901632 79.5 -16.5 14.5 8
5901678 79.5 -16 14 8
5901679 79.5 -16 14.5 8
5917141 80 -17 14 8
5917142 80 -17 14.5 8
5917188 80 -16.5 14 8
5917189 80 -16.5 14.5 8
5917235 80 -16 14 8
5917236 80 -16 14.5 8
5932698 80.5 -17 14 8
5932699 80.5 -17 14.5 8
5932745 80.5 -16.5 14 8
5932746 80.5 -16.5 14.5 8
5932792 80.5 -16 14 8
5932793 80.5 -16 14.5 8
5948255 81 -17 14 8
5948256 81 -17 14.5 8
5948302 81 -16.5 14 8
5948303 81 -16.5 14.5 8
5948349 81 -16 14 8
5948350 81 -16 14.5 8
5963812 81.5 -17 14 8
5963813 81.5 -17 14.5 8
5963859 81.5 -16.5 14 8
5963860 81.5 -16.5 14.5 8
5963906 81.5 -16 14 8
5963907 81.5 -16 14.5 8
5979369 82 -17 14 8
5979370 82 -17 14.5 8
5979416 82 -16.5 14 8
5979417 82 -16.5 14.5 8
5979463 82 -16 14 8
5979464 82 -16 14.5 8
5994926 82.5 -17 14 8
5994927 82.5 -17 14.5 8
5994973 82.5 -16.5 14 8
5994974 82.5 -16.5 14.5 8
5995020 82.5 -16 14 8
5995021 82.5 -16 14.5 8
6010483 83 -17 14 8
6010484 83 -17 14.5 8
6010530 83 -16.5 14 8
6010531 83 -16.5 14.5 8
6010577 83 -16 14 8
6010578 83 -16 14.5 8
6026040 83.5 -17 14 8
6026041 83.5 -17 14.5 8
6026087 83.5 -16.5 14 8
6026088 83.5 -16.5 14.5 8
6026134 83.5 -16 14 8
6026135 83.5 -16 14.5 8
6041597 84 -17 14 8
6041598 84 -17 14.5 8
6041644 84 -16.5 14 8
6041645 84 -16.5 14.5 8
6041691 84 -16 14 8
6041692 84 -16 14.5 8
6057154 84.5 -17 14 8
6057155 84.5 -17 14.5 8
6057201 84.5 -16.5 14 8
6057202 84.5 -16.5 14.5 8
6057248 84.5 -16 14 8
6057249 84.5 -16 14.5 8
6072711 85 -17 14 8
6072712 85 -17 14.5 8
6072758 85 -16.5 14 8
6072759 85 -16.5 14.5 8
6072805 85 -16 14 8
6072806 85 -16 14.5 8
6088268 85.5 -17 14 8
6088269 85.5 -17 14.5 8
6088315 85.5 -16.5 14 8
6088316 85.5 -16.5 14.5 8
6088362 85.5 -16 14 8
6088363 85.5 -16 14.5 8
6103825 86 -17 14 8
6103826 86 -17 14.5 8
6103872 86 -16.5 14 8
6103873 86 -16.5 14.5 8
6103919 86 -16 14 8
6103920 86 -16 14.5 8
6119382 86.5 -17 14 8
6119383 86.5 -17 14.5 8
6119429 86.5 -16.5 14 8
6119430 86.5 -16.5 14.5 8
6119476 86.5 -16 14 8
6119477 86.5 -16 14.5 8
6134939 87 -17 14 8
6134940 87 -17 14.5 8
6134986 87 -16.5 14 8
6134987 87 -16.5 14.5 8
6135033 87 -16 14 8
6135034 87 -16 14.5 8
6150496 87.5 -17 14 8
6150497 87.5 -17 14.5 8
6150543 87.5 -16.5 14 8
6150544 87.5 -16.5 14.5 8
6150590 87.5 -16 14 8
6150591 87.5 -16 14.5 8
6166053 88 -17 14 8
6166054 88 -17 14.5 8
6166100 88 -16.5 14 8
6166101 88 -16.5 14.5 8
6166147 88 -16 14 8
6166148 88 -16 14.5 8
6181610 88.5 -17 14 8
6181611 88.5 -17 14.5 8
6181657 88.5 -16.5 14 8
6181658 88.5 -16.5 14.5 8
6181704 88.5 -16 14 8
6181705 88.5 -16 14.5 8
6197167 89 -17 14 8
6197168 89 -17 14.5 8
6197214 89 -16.5 14 8
6197215 89 -16.5 14.5 8
6197261 89 -16 14 8
6197262 89 -16 14.5 8
6212724 89.5 -17 14 8
6212725 89.5 -17 14.5 8
6212771 89.5 -16.5 14 8
6212772 89.5 -16.5 14.5 8
6212818 89.5 -16 14 8
6212819 89.5 -16 14.5 8
6228281 90 -17 14 8
6228282 90 -17 14.5 8
6228328 90 -16.5 14 8
6228329 90 -16.5 14.5 8
6228375 90 -16 14 8
6228376 90 -16 14.5 8
6243838 90.5 -17 14 8
6243839 90.5 -17 14.5 8
6243885 90.5 -16.5 14 8
6243886 90.5 -16.5 14.5 8
6243932 90.5 -16 14 8
6243933 90.5 -16 14.5 8
6259395 91 -17 14 8
6259396 91 -17 14.5 8
6259442 91 -16.5 14 8
6259443 91 -16.5 14.5 8
6259489 91 -16 14 8
6259490 91 -16 14.5 8
6274952 91.5 -17 14 8
6274953 91.5 -17 14.5 8
6274999 91.5 -16.5 14 8
6275000 91.5 -16.5 14.5 8
6275046 91.5 -16 14 8
6275047 91.5 -16 14.5 8
6290509 92 -17 14 8
6290510 92 -17 14.5 8
6290556 92 -16.5 14 8
6290557 92 -16.5 14.5 8
6290603 92 -16 14 8
6290604 92 -16 14.5 8
6306066 92.5 -17 14 8
6306067 92.5 -17 14.5 8
6306113 92.5 -16.5 14 8
6306114 92.5 -16.5 14.5 8
6306160 92.5 -16 14 8
6306161 92.5 -16 14.5 8
6321623 93 -17 14 8
6321624 93 -17 14.5 8
6321670 93 -16.5 14 8
6321671 93 -16.5 14.5 8
6321717 93 -16 14 8
6321718 93 -16 14.5 8
6337180 93.5 -17 14 8
6337181 93.5 -17 14.5 8
6337227 93.5 -16.5 14 8
6337228 93.5 -16.5 14.5 8
6337274 93.5 -16 14 8
6337275 93.5 -16 14.5 8
6352737 94 -17 14 8
6352738 94 -17 14.5 8
6352784 94 -16.5 14 8
6352785 94 -16.5 14.5 8
6352831 94 -16 14 8
6352832 94 -16 14.5 8
6368294 94.5 -17 14 8
6368295 94.5 -17 14.5 8
6368341 94.5 -16.5 14 8
6368342 94.5 -16.5 14.5 8
6368388 94.5 -16 14 8
6368389 94.5 -16 14.5 8
6383851 95 -17 14 8
6383852 95 -17 14.5 8
6383898 95 -16.5 14 8
6383899 95 -16.5 14.5 8
6383945 95 -16 14 8
6383946 95 -16 14.5 8
6399408 95.5 -17 14 8
6399409 95.5 -17 14.5 8
6399455 95.5 -16.5 14 8
6399456 95.5 -16.5 14.5 8
6399502 95.5 -16 14 8
6399503 95.5 -16 14.5 8
6414965 96 -17 14 8
6414966 96 -17 14.5 8
6415012 96 -16.5 14 8
6415013 96 -16.5 14.5 8
6415059 96 -16 14 8
6415060 96 -16 14.5 8
6430522 96.5 -17 14 8
6430523 96.5 -17 14.5 8
6430569 96.5 -16.5 14 8
6430570 96.5 -16.5 14.5 8
6430616 96.5 -16 14 8
6430617 96.5 -16 14.5 8
6446079 97 -17 14 8
6446080 97 -17 14.5 8
6446126 97 -16.5 14 8
6446127 97 -16.5 14.5 8
6446173 97 -16 14 8
6446174 97 -16 14.5 8
6461636 97.5 -17 14 8
6461637 97.5 -17 14.5 8
6461683 97.5 -16.5 14 8
6461684 97.5 -16.5 14.5 8
6461730 97.5 -16 14 8
6461731 97.5 -16 14.5 8
6477193 98 -17 14 8
6477194 98 -17 14.5 8
6477240 98 -16.5 14 8
6477241 98 -16.5 14.5 8
6477287 98 -16 14 8
6477288 98 -16 14.5 8
6492750 98.5 -17 14 8
6492751 98.5 -17 14.5 8
6492797 98.5 -16.5 14 8
6492798 98.5 -16.5 14.5 8
6492844 98.5 -16 14 8
6492845 98.5 -16 14.5 8
6508307 99 -17 14 8
6508308 99 -17 14.5 8
6508354 99 -16.5 14 8
6508355 99 -16.5 14.5 8
6508401 99 -16 14 8
6508402 99 -16 14.5 8
6523864 99.5 -17 14 8
6523865 99.5 -17 14.5 8
6523911 99.5 -16.5 14 8
6523912 99.5 -16.5 14.5 8
6523958 99.5 -16 14 8
6523959 99.5 -16 14.5 8
6539421 100 -17 14 8
6539422 100 -17 14.5 8
6539468 100 -16.5 14 8
6539469 100 -16.5 14.5 8
6539515 100 -16 14 8
6539516 100 -16 14.5 8
6554978 100.5 -17 14 8
6554979 100.5 -17 14.5 8
6555025 100.5 -16.5 14 8
6555026 100.5 -16.5 14.5 8
6555072 100.5 -16 14 8
6555073 100.5 -16 14.5 8
6570535 101 -17 14 8
6570536 101 -17 14.5 8
6570582 101 -16.5 14 8
6570583 101 -16.5 14.5 8
6570629 101 -16 14 8
6570630 101 -16 14.5 8
6586092 101.5 -17 14 8
6586093 101.5 -17 14.5 8
6586139 101.5 -16.5 14 8
6586140 101.5 -16.5 14.5 8
6586186 101.5 -16 14 8
6586187 101.5 -16 14.5 8
6601649 102 -17 14 8
6601650 102 -17 14.5 8
6601696 102 -16.5 14 8
6601697 102 -16.5 14.5 8
6601743 102 -16 14 8
6601744 102 -16 14.5 8
6617206 102.5 -17 14 8
6617207 102.5 -17 14.5 8
6617253 102.5 -16.5 14 8
6617254 102.5 -16.5 14.5 8
6617300 102.5 -16 14 8
6617301 102.5 -16 14.5 8
6632763 103 -17 14 8
6632764 103 -17 14.5 8
6632810 103 -16.5 14 8
6632811 103 -16.5 14.5 8
6632857 103 -16 14 8
6632858 103 -16 14.5 8
6648320 103.5 -17 14 8
6648321 103.5 -17 14.5 8
6648367 103.5 -16.5 14 8
6648368 103.5 -16.5 14.5 8
6648414 103.5 -16 14 8
6648415 103.5 -16 14.5 8
6663877 104 -17 14 8
6663878 104 -17 14.5 8
6663924 104 -16.5 14 8
6663925 104 -16.5 14.5 8
6663971 104 -16 14 8
6663972 104 -16 14.5 8
6679434 104.5 -17 14 8
6679435 104.5 -17 14.5 8
6679481 104.5 -16.5 14 8
6679482 104.5 -16.5 14.5 8
6679528 104.5 -16 14 8
6679529 104.5 -16 14.5 8
6694991 105 -17 14 8
6694992 105 -17 14.5 8
6695038 105 -16.5 14 8
6695039 105 -16.5 14.5 8
6695085 105 -16 14 8
6695086 105 -16 14.5 8
6710548 105.5 -17 14 8
6710549 105.5 -17 14.5 8
6710595 105.5 -16.5 14 8
6710596 105.5 -16.5 14.5 8
6710642 105.5 -16 14 8
6710643 105.5 -16 14.5 8
6726105 106 -17 14 8
6726106 106 -17 14.5 8
6726152 106 -16.5 14 8
6726153 106 -16.5 14.5 8
6726199 106 -16 14 8
6726200 106 -16 14.5 8
6741662 106.5 -17 14 8
6741663 106.5 -17 14.5 8
6741709 106.5 -16.5 14 8
6741710 106.5 -16.5 14.5 8
6741756 106.5 -16 14 8
6741757 106.5 -16 14.5 8
6757219 107 -17 14 8
6757220 107 -17 14.5 8
6757266 107 -16.5 14 8
6757267 107 -16.5 14.5 8
6757313 107 -16 14 8
6757314 107 -16 14.5 8
6772776 107.5 -17 14 8
6772777 107.5 -17 14.5 8
6772823 107.5 -16.5 14 8
6772824 107.5 -16.5 14.5 8
6772870 107.5 -16 14 8
6772871 107.5 -16 14.5 8
6788333 108 -17 14 8
6788334 108 -17 14.5 8
6788380 108 -16.5 14 8
6788381 108 -16.5 14.5 8
6788427 108 -16 14 8
6788428 108 -16 14.5 8
6803890 108.5 -17 14 8
6803891 108.5 -17 14.5 8
6803937 108.5 -16.5 14 8
6803938 108.5 -16.5 14.5 8
6803984 108.5 -16 14 8
6803985 108.5 -16 14.5 8
6819447 109 -17 14 8
6819448 109 -17 14.5 8
6819494 109 -16.5 14 8
6819495 109 -16.5 14.5 8
6819541 109 -16 14 8
6819542 109 -16 14.5 8
6835004 109.5 -17 14 8
6835005 109.5 -17 14.5 8
6835051 109.5 -16.5 14 8
6835052 109.5 -16.5 14.5 8
6835098 109.5 -16 14 8
6835099 109.5 -16 14.5 8
6850561 110 -17 14 8
6850562 110 -17 14.5 8
6850608 110 -16.5 14 8
6850609 110 -16.5 14.5 8
6850655 110 -16 14 8
6850656 110 -16 14.5 8
6866118 110.5 -17 14 8
6866119 110.5 -17 14.5 8
6866165 110.5 -16.5 14 8
6866166 110.5 -16.5 14.5 8
6866212 110.5 -16 14 8
6866213 110.5 -16 14.5 8
6881675 111 -17 14 8
6881676 111 -17 14.5 8
6881722 111 -16.5 14 8
6881723 111 -16.5 14.5 8
6881769 111 -16 14 8
6881770 111 -16 14.5 8
6897232 111.5 -17 14 8
6897233 111.5 -17 14.5 8
6897279 111.5 -16.5 14 8
6897280 111.5 -16.5 14.5 8
6897326 111.5 -16 14 8
6897327 111.5 -16 14.5 8
6912789 112 -17 14 8
6912790 112 -17 14.5 8
6912836 112 -16.5 14 8
6912837 112 -16.5 14.5 8
6912883 112 -16 14 8
6912884 112 -16 14.5 8
6928346 112.5 -17 14 8
6928347 112.5 -17 14.5 8
6928393 112.5 -16.5 14 8
6928394 112.5 -16.5 14.5 8
6928440 112.5 -16 14 8
6928441 112.5 -16 14.5 8
6943903 113 -17 14 8
6943904 113 -17 14.5 8
6943950 113 -16.5 14 8
6943951 113 -16.5 14.5 8
6943997 113 -16 14 8
6943998 113 -16 14.5 8
6959460 113.5 -17 14 8
6959461 113.5 -17 14.5 8
6959507 113.5 -16.5 14 8
6959508 113.5 -16.5 14.5 8
6959554 113.5 -16 14 8
6959555 113.5 -16 14.5 8
6975017 114 -17 14 8
6975018 114 -17 14.5 8
6975064 114 -16.5 14 8
6975065 114 -16.5 14.5 8
6975111 114 -16 14 8
6975112 114 -16 14.5 8
6990574 114.5 -17 14 8
6990575 114.5 -17 14.5 8
6990621 114.5 -16.5 14 8
6990622 114.5 -16.5 14.5 8
6990668 114.5 -16 14 8
6990669 114.5 -16 14.5 8
7006131 115 -17 14 8
7006132 115 -17 14.5 8
7006178 115 -16.5 14 8
7006179 115 -16.5 14.5 8
7006225 115 -16 14 8
7006226 115 -16 14.5 8
7021688 115.5 -17 14 8
7021689 115.5 -17 14.5 8
7021735 115.5 -16.5 14 8
7021736 115.5 -16.5 14.5 8
7021782 115.5 -16 14 8
7021783 115.5 -16 14.5 8
7037245 116 -17 14 8
7037246 116 -17 14.5 8
7037292 116 -16.5 14 8
7037293 116 -16.5 14.5 8
7037339 116 -16 14 8
7037340 116 -16 14.5 8
7052802 116.5 -17 14 8
7052803 116.5 -17 14.5 8
7052849 116.5 -16.5 14 8
7052850 116.5 -16.5 14.5 8
7052896 116.5 -16 14 8
7052897 116.5 -16 14.5 8
7068359 117 -17 14 8
7068360 117 -17 14.5 8
7068406 117 -16.5 14 8
7068407 117 -16.5 14.5 8
7068453 117 -16 14 8
7068454 117 -16 14.5 8
7083916 117.5 -17 14 8
7083917 117.5 -17 14.5 8
7083963 117.5 -16.5 14 8
7083964 117.5 -16.5 14.5 8
7084010 117.5 -16 14 8
7084011 117.5 -16 14.5 8
7099473 118 -17 14 8
7099474 118 -17 14.5 8
7099520 118 -16.5 14 8
7099521 118 -16.5 14.5 8
7099567 118 -16 14 8
7099568 118 -16 14.5 8
7115030 118.5 -17 14 8
7115031 118.5 -17 14.5 8
7115077 118.5 -16.5 14 8
7115078 118.5 -16.5 14.5 8
7115124 118.5 -16 14 8
7115125 118.5 -16 14.5 8
7130587 119 -17 14 8
7130588 119 -17 14.5 8
7130634 119 -16.5 14 8
7130635 119 -16.5 14.5 8
7130681 119 -16 14 8
7130682 119 -16 14.5 8
7146144 119.5 -17 14 8
7146145 119.5 -17 14.5 8
7146191 119.5 -16.5 14 8
7146192 119.5 -16.5 14.5 8
7146238 119.5 -16 14 8
7146239 119.5 -16 14.5 8
7161701 120 -17 14 8
7161702 120 -17 14.5 8
7161748 120 -16.5 14 8
7161749 120 -16.5 14.5 8
7161795 120 -16 14 8
7161796 120 -16 14.5 8
7177258 120.5 -17 14 8
7177259 120.5 -17 14.5 8
7177305 120.5 -16.5 14 8
7177306 120.5 -16.5 14.5 8
7177352 120.5 -16 14 8
7177353 120.5 -16 14.5 8
7192815 121 -17 14 8
7192816 121 -17 14.5 8
7192862 121 -16.5 14 8
7192863 121 -16.5 14.5 8
7192909 121 -16 14 8
7192910 121 -16 14.5 8
7208372 121.5 -17 14 8
7208373 121.5 -17 14.5 8
7208419 121.5 -16.5 14 8
7208420 121.5 -16.5 14.5 8
7208466 121.5 -16 14 8
7208467 121.5 -16 14.5 8
7223929 122 -17 14 8
7223930 122 -17 14.5 8
7223976 122 -16.5 14 8
7223977 122 -16.5 14.5 8
7224023 122 -16 14 8
7224024 122 -16 14.5 8
7239486 122.5 -17 14 8
7239487 122.5 -17 14.5 8
7239533 122.5 -16.5 14 8
7239534 122.5 -16.5 14.5 8
7239580 122.5 -16 14 8
7239581 122.5 -16 14.5 8
7255043 123 -17 14 8
7255044 123 -17 14.5 8
7255090 123 -16.5 14 8
7255091 123 -16.5 14.5 8
7255137 123 -16 14 8
7255138 123 -16 14.5 8
7270600 123.5 -17 14 8
7270601 123.5 -17 14.5 8
7270647 123.5 -16.5 14 8
7270648 123.5 -16.5 14.5 8
7270694 123.5 -16 14 8
7270695 123.5 -16 14.5 8
7286157 124 -17 14 8
7286158 124 -17 14.5 8
7286204 124 -16.5 14 8
7286205 124 -16.5 14.5 8
7286251 124 -16 14 8
7286252 124 -16 14.5 8
7301714 124.5 -17 14 8
7301715 124.5 -17 14.5 8
7301761 124.5 -16.5 14 8
7301762 124.5 -16.5 14.5 8
7301808 124.5 -16 14 8
7301809 124.5 -16 14.5 8
7317271 125 -17 14 8
7317272 125 -17 14.5 8
7317318 125 -16.5 14 8
7317319 125 -16.5 14.5 8
7317365 125 -16 14 8
7317366 125 -16 14.5 8
7332828 125.5 -17 14 8
7332829 125.5 -17 14.5 8
7332875 125.5 -16.5 14 8
7332876 125.5 -16.5 14.5 8
7332922 125.5 -16 14 8
7332923 125.5 -16 14.5 8
7348385 126 -17 14 8
7348386 126 -17 14.5 8
7348432 126 -16.5 14 8
7348433 126 -16.5 14.5 8
7348479 126 -16 14 8
7348480 126 -16 14.5 8
7363942 126.5 -17 14 8
7363943 126.5 -17 14.5 8
7363989 126.5 -16.5 14 8
7363990 126.5 -16.5 14.5 8
7364036 126.5 -16 14 8
7364037 126.5 -16 14.5 8
7379499 127 -17 14 8
7379500 127 -17 14.5 8
7379546 127 -16.5 14 8
7379547 127 -16.5 14.5 8
7379593 127 -16 14 8
7379594 127 -16 14.5 8
7395056 127.5 -17 14 8
7395057 127.5 -17 14.5 8
7395103 127.5 -16.5 14 8
7395104 127.5 -16.5 14.5 8
7395150 127.5 -16 14 8
7395151 127.5 -16 14.5 8
7410613 128 -17 14 8
7410614 128 -17 14.5 8
7410660 128 -16.5 14 8
7410661 128 -16.5 14.5 8
7410707 128 -16 14 8
7410708 128 -16 14.5 8
7426170 128.5 -17 14 8
7426171 128.5 -17 14.5 8
7426217 128.5 -16.5 14 8
7426218 128.5 -16.5 14.5 8
7426264 128.5 -16 14 8
7426265 128.5 -16 14.5 8
7441727 129 -17 14 8
7441728 129 -17 14.5 8
7441774 129 -16.5 14 8
7441775 129 -16.5 14.5 8
7441821 129 -16 14 8
7441822 129 -16 14.5 8
7457284 129.5 -17 14 8
7457285 129.5 -17 14.5 8
7457331 129.5 -16.5 14 8
7457332 129.5 -16.5 14.5 8
7457378 129.5 -16 14 8
7457379 129.5 -16 14.5 8
7472841 130 -17 14 8
7472842 130 -17 14.5 8
7472888 130 -16.5 14 8
7472889 130 -16.5 14.5 8
7472935 130 -16 14 8
7472936 130 -16 14.5 8
7488398 130.5 -17 14 8
7488399 130.5 -17 14.5 8
7488445 130.5 -16.5 14 8
7488446 130.5 -16.5 14.5 8
7488492 130.5 -16 14 8
7488493 130.5 -16 14.5 8
7503955 131 -17 14 8
7503956 131 -17 14.5 8
7504002 131 -16.5 14 8
7504003 131 -16.5 14.5 8
7504049 131 -16 14 8
7504050 131 -16 14.5 8
7519512 131.5 -17 14 8
7519513 131.5 -17 14.5 8
7519559 131.5 -16.5 14 8
7519560 131.5 -16.5 14.5 8
7519606 131.5 -16 14 8
7519607 131.5 -16 14.5 8
7535069 132 -17 14 8
7535070 132 -17 14.5 8
7535116 132 -16.5 14 8
7535117 132 -16.5 14.5 8
7535163 132 -16 14 8
7535164 132 -16 14.5 8
7550626 132.5 -17 14 8
7550627 132.5 -17 14.5 8
7550673 132.5 -16.5 14 8
7550674 132.5 -16.5 14.5 8
7550720 132.5 -16 14 8
7550721 132.5 -16 14.5 8
7566183 133 -17 14 8
7566184 133 -17 14.5 8
7566230 133 -16.5 14 8
7566231 133 -16.5 14.5 8
7566277 133 -16 14 8
7566278 133 -16 14.5 8
7581740 133.5 -17 14 8
7581741 133.5 -17 14.5 8
7581787 133.5 -16.5 14 8
7581788 133.5 -16.5 14.5 8
7581834 133.5 -16 14 8
7581835 133.5 -16 14.5 8
7597297 134 -17 14 8
7597298 134 -17 14.5 8
7597344 134 -16.5 14 8
7597345 134 -16.5 14.5 8
7597391 134 -16 14 8
7597392 134 -16 14.5 8
7612854 134.5 -17 14 8
7612855 134.5 -17 14.5 8
7612901 134.5 -16.5 14 8
7612902 134.5 -16.5 14.5 8
7612948 134.5 -16 14 8
7612949 134.5 -16 14.5 8
7628411 135 -17 14 8
7628412 135 -17 14.5 8
7628458 135 -16.5 14 8
7628459 135 -16.5 14.5 8
7628505 135 -16 14 8
7628506 135 -16 14.5 8
7643968 135.5 -17 14 8
7643969 135.5 -17 14.5 8
7644015 135.5 -16.5 14 8
7644016 135.5 -16.5 14.5 8
7644062 135.5 -16 14 8
7644063 135.5 -16 14.5 8
7659525 136 -17 14 8
7659526 136 -17 14.5 8
7659572 136 -16.5 14 8
7659573 136 -16.5 14.5 8
7659619 136 -16 14 8
7659620 136 -16 14.5 8
7675082 136.5 -17 14 8
7675083 136.5 -17 14.5 8
7675129 136.5 -16.5 14 8
7675130 136.5 -16.5 14.5 8
7675176 136.5 -16 14 8
7675177 136.5 -16 14.5 8
7690639 137 -17 14 8
7690640 137 -17 14.5 8
7690686 137 -16.5 14 8
7690687 137 -16.5 14.5 8
7690733 137 -16 14 8
7690734 137 -16 14.5 8
7706196 137.5 -17 14 8
7706197 137.5 -17 14.5 8
7706243 137.5 -16.5 14 8
7706244 137.5 -16.5 14.5 8
7706290 137.5 -16 14 8
7706291 137.5 -16 14.5 8
7721753 138 -17 14 8
7721754 138 -17 14.5 8
7721800 138 -16.5 14 8
7721801 138 -16.5 14.5 8
7721847 138 -16 14 8
7721848 138 -16 14.5 8
7737310 138.5 -17 14 8
7737311 138.5 -17 14.5 8
7737357 138.5 -16.5 14 8
7737358 138.5 -16.5 14.5 8
7737404 138.5 -16 14 8
7737405 138.5 -16 14.5 8
7752867 139 -17 14 8
7752868 139 -17 14.5 8
7752914 139 -16.5 14 8
7752915 139 -16.5 14.5 8
7752961 139 -16 14 8
7752962 139 -16 14.5 8
7768424 139.5 -17 14 8
7768425 139.5 -17 14.5 8
7768471 139.5 -16.5 14 8
7768472 139.5 -16.5 14.5 8
7768518 139.5 -16 14 8
7768519 139.5 -16 14.5 8
7783981 140 -17 14 8
7783982 140 -17 14.5 8
7784028 140 -16.5 14 8
7784029 140 -16.5 14.5 8
7784075 140 -16 14 8
7784076 140 -16 14.5 8
7799538 140.5 -17 14 8
7799539 140.5 -17 14.5 8
7799585 140.5 -16.5 14 8
7799586 140.5 -16.5 14.5 8
7799632 140.5 -16 14 8
7799633 140.5 -16 14.5 8
7815095 141 -17 14 8
7815096 141 -17 14.5 8
7815142 141 -16.5 14 8
7815143 141 -16.5 14.5 8
7815189 141 -16 14 8
7815190 141 -16 14.5 8
7830652 141.5 -17 14 8
7830653 141.5 -17 14.5 8
7830699 141.5 -16.5 14 8
7830700 141.5 -16.5 14.5 8
7830746 141.5 -16 14 8
7830747 141.5 -16 14.5 8
7846209 142 -17 14 8
7846210 142 -17 14.5 8
7846256 142 -16.5 14 8
7846257 142 -16.5 14.5 8
7846303 142 -16 14 8
7846304 142 -16 14.5 8
7861766 142.5 -17 14 8
7861767 142.5 -17 14.5 8
7861813 142.5 -16.5 14 8
7861814 142.5 -16.5 14.5 8
7861860 142.5 -16 14 8
7861861 142.5 -16 14.5 8
7877323 143 -17 14 8
7877324 143 -17 14.5 8
7877370 143 -16.5 14 8
7877371 143 -16.5 14.5 8
7877417 143 -16 14 8
7877418 143 -16 14.5 8
7892880 143.5 -17 14 8
7892881 143.5 -17 14.5 8
7892927 143.5 -16.5 14 8
7892928 143.5 -16.5 14.5 8
7892974 143.5 -16 14 8
7892975 143.5 -16 14.5 8
7908437 144 -17 14 8
7908438 144 -17 14.5 8
7908484 144 -16.5 14 8
7908485 144 -16.5 14.5 8
7908531 144 -16 14 8
7908532 144 -16 14.5 8
7923994 144.5 -17 14 8
7923995 144.5 -17 14.5 8
7924041 144.5 -16.5 14 8
7924042 144.5 -16.5 14.5 8
7924088 144.5 -16 14 8
7924089 144.5 -16 14.5 8
7939551 145 -17 14 8
7939552 145 -17 14.5 8
7939598 145 -16.5 14 8
7939599 145 -16.5 14.5 8
7939645 145 -16 14 8
7939646 145 -16 14.5 8
7955108 145.5 -17 14 8
7955109 145.5 -17 14.5 8
7955155 145.5 -16.5 14 8
7955156 145.5 -16.5 14.5 8
7955202 145.5 -16 14 8
7955203 145.5 -16 14.5 8
7970665 146 -17 14 8
7970666 146 -17 14.5 8
7970712 146 -16.5 14 8
7970713 146 -16.5 14.5 8
7970759 146 -16 14 8
7970760 146 -16 14.5 8
7986222 146.5 -17 14 8
7986223 146.5 -17 14.5 8
7986269 146.5 -16.5 14 8
7986270 146.5 -16.5 14.5 8
7986316 146.5 -16 14 8
7986317 146.5 -16 14.5 8
8001779 147 -17 14 8
8001780 147 -17 14.5 8
8001826 147 -16.5 14 8
8001827 147 -16.5 14.5 8
8001873 147 -16 14 8
8001874 147 -16 14.5 8
8017336 147.5 -17 14 8
8017337 147.5 -17 14.5 8
8017383 147.5 -16.5 14 8
8017384 147.5 -16.5 14.5 8
8017430 147.5 -16 14 8
8017431 147.5 -16 14.5 8
8032893 148 -17 14 8
8032894 148 -17 14.5 8
8032940 148 -16.5 14 8
8032941 148 -16.5 14.5 8
8032987 148 -16 14 8
8032988 148 -16 14.5 8
8048450 148.5 -17 14 8
8048451 148.5 -17 14.5 8
8048497 148.5 -16.5 14 8
8048498 148.5 -16.5 14.5 8
8048544 148.5 -16 14 8
8048545 148.5 -16 14.5 8
8064007 149 -17 14 8
8064008 149 -17 14.5 8
8064054 149 -16.5 14 8
8064055 149 -16.5 14.5 8
8064101 149 -16 14 8
8064102 149 -16 14.5 8
8079564 149.5 -17 14 8
8079565 149.5 -17 14.5 8
8079611 149.5 -16.5 14 8
8079612 149.5 -16.5 14.5 8
8079658 149.5 -16 14 8
8079659 149.5 -16 14.5 8
8095121 150 -17 14 8
8095122 150 -17 14.5 8
8095168 150 -16.5 14 8
8095169 150 -16.5 14.5 8
8095215 150 -16 14 8
8095216 150 -16 14.5 8
8110678 150.5 -17 14 8
8110679 150.5 -17 14.5 8
8110725 150.5 -16.5 14 8
8110726 150.5 -16.5 14.5 8
8110772 150.5 -16 14 8
8110773 150.5 -16 14.5 8
8126235 151 -17 14 8
8126236 151 -17 14.5 8
8126282 151 -16.5 14 8
8126283 151 -16.5 14.5 8
8126329 151 -16 14 8
8126330 151 -16 14.5 8
8141792 151.5 -17 14 8
8141793 151.5 -17 14.5 8
8141839 151.5 -16.5 14 8
8141840 151.5 -16.5 14.5 8
8141886 151.5 -16 14 8
8141887 151.5 -16 14.5 8
8157349 152 -17 14 8
8157350 152 -17 14.5 8
8157396 152 -16.5 14 8
8157397 152 -16.5 14.5 8
8157443 152 -16 14 8
8157444 152 -16 14.5 8
8172906 152.5 -17 14 8
8172907 152.5 -17 14.5 8
8172953 152.5 -16.5 14 8
8172954 152.5 -16.5 14.5 8
8173000 152.5 -16 14 8
8173001 152.5 -16 14.5 8
8188463 153 -17 14 8
8188464 153 -17 14.5 8
8188510 153 -16.5 14 8
8188511 153 -16.5 14.5 8
8188557 153 -16 14 8
8188558 153 -16 14.5 8
8204020 153.5 -17 14 8
8204021 153.5 -17 14.5 8
8204067 153.5 -16.5 14 8
8204068 153.5 -16.5 14.5 8
8204114 153.5 -16 14 8
8204115 153.5 -16 14.5 8
8219577 154 -17 14 8
8219578 154 -17 14.5 8
8219624 154 -16.5 14 8
8219625 154 -16.5 14.5 8
8219671 154 -16 14 8
8219672 154 -16 14.5 8
8235134 154.5 -17 14 8
8235135 154.5 -17 14.5 8
8235181 154.5 -16.5 14 8
8235182 154.5 -16.5 14.5 8
8235228 154.5 -16 14 8
8235229 154.5 -16 14.5 8
8250691 155 -17 14 8
8250692 155 -17 14.5 8
8250738 155 -16.5 14 8
8250739 155 -16.5 14.5 8
8250785 155 -16 14 8
8250786 155 -16 14.5 8
8266248 155.5 -17 14 8
8266249 155.5 -17 14.5 8
8266295 155.5 -16.5 14 8
8266296 155.5 -16.5 14.5 8
8266342 155.5 -16 14 8
8266343 155.5 -16 14.5 8
8281805 156 -17 14 8
8281806 156 -17 14.5 8
8281852 156 -16.5 14 8
8281853 156 -16.5 14.5 8
8281899 156 -16 14 8
8281900 156 -16 14.5 8
8297362 156.5 -17 14 8
8297363 156.5 -17 14.5 8
8297409 156.5 -16.5 14 8
8297410 156.5 -16.5 14.5 8
8297456 156.5 -16 14 8
8297457 156.5 -16 14.5 8
8312919 157 -17 14 8
8312920 157 -17 14.5 8
8312966 157 -16.5 14 8
8312967 157 -16.5 14.5 8
8313013 157 -16 14 8
8313014 157 -16 14.5 8
8328476 157.5 -17 14 8
8328477 157.5 -17 14.5 8
8328523 157.5 -16.5 14 8
8328524 157.5 -16.5 14.5 8
8328570 157.5 -16 14 8
8328571 157.5 -16 14.5 8
8344033 158 -17 14 8
8344034 158 -17 14.5 8
8344080 158 -16.5 14 8
8344081 158 -16.5 14.5 8
8344127 158 -16 14 8
8344128 158 -16 14.5 8
8359590 158.5 -17 14 8
8359591 158.5 -17 14.5 8
8359637 158.5 -16.5 14 8
8359638 158.5 -16.5 14.5 8
8359684 158.5 -16 14 8
8359685 158.5 -16 14.5 8
8375147 159 -17 14 8
8375148 159 -17 14.5 8
8375194 159 -16.5 14 8
8375195 159 -16.5 14.5 8
8375241 159 -16 14 8
8375242 159 -16 14.5 8
8390704 159.5 -17 14 8
8390705 159.5 -17 14.5 8
8390751 159.5 -16.5 14 8
8390752 159.5 -16.5 14.5 8
8390798 159.5 -16 14 8
8390799 159.5 -16 14.5 8
8406261 160 -17 14 8
8406262 160 -17 14.5 8
8406308 160 -16.5 14 8
8406309 160 -16.5 14.5 8
8406355 160 -16 14 8
8406356 160 -16 14.5 8
8421818 160.5 -17 14 8
8421819 160.5 -17 14.5 8
8421865 160.5 -16.5 14 8
8421866 160.5 -16.5 14.5 8
8421912 160.5 -16 14 8
8421913 160.5 -16 14.5 8
8437375 161 -17 14 8
8437376 161 -17 14.5 8
8437422 161 -16.5 14 8
8437423 161 -16.5 14.5 8
8437469 161 -16 14 8
8437470 161 -16 14.5 8
8452932 161.5 -17 14 8
8452933 161.5 -17 14.5 8
8452979 161.5 -16.5 14 8
8452980 161.5 -16.5 14.5 8
8453026 161.5 -16 14 8
8453027 161.5 -16 14.5 8
8468489 162 -17 14 8
8468490 162 -17 14.5 8
8468536 162 -16.5 14 8
8468537 162 -16.5 14.5 8
8468583 162 -16 14 8
8468584 162 -16 14.5 8
8484046 162.5 -17 14 8
8484047 162.5 -17 14.5 8
8484093 162.5 -16.5 14 8
8484094 162.5 -16.5 14.5 8
8484140 162.5 -16 14 8
8484141 162.5 -16 14.5 8
8499603 163 -17 14 8
8499604 163 -17 14.5 8
8499650 163 -16.5 14 8
8499651 163 -16.5 14.5 8
8499697 163 -16 14 8
8499698 163 -16 14.5 8
8515160 163.5 -17 14 8
8515161 163.5 -17 14.5 8
8515207 163.5 -16.5 14 8
8515208 163.5 -16.5 14.5 8
8515254 163.5 -16 14 8
8515255 163.5 -16 14.5 8
8530717 164 -17 14 8
8530718 164 -17 14.5 8
8530764 164 -16.5 14 8
8530765 164 -16.5 14.5 8
8530811 164 -16 14 8
8530812 164 -16 14.5 8
8546274 164.5 -17 14 8
8546275 164.5 -17 14.5 8
8546321 164.5 -16.5 14 8
8546322 164.5 -16.5 14.5 8
8546368 164.5 -16 14 8
8546369 164.5 -16 14.5 8
8561831 165 -17 14 8
8561832 165 -17 14.5 8
8561878 165 -16.5 14 8
8561879 165 -16.5 14.5 8
8561925 165 -16 14 8
8561926 165 -16 14.5 8
8577388 165.5 -17 14 8
8577389 165.5 -17 14.5 8
8577435 165.5 -16.5 14 8
8577436 165.5 -16.5 14.5 8
8577482 165.5 -16 14 8
8577483 165.5 -16 14.5 8
8592945 166 -17 14 8
8592946 166 -17 14.5 8
8592992 166 -16.5 14 8
8592993 166 -16.5 14.5 8
8593039 166 -16 14 8
8593040 166 -16 14.5 8
8608502 166.5 -17 14 8
8608503 166.5 -17 14.5 8
8608549 166.5 -16.5 14 8
8608550 166.5 -16.5 14.5 8
8608596 166.5 -16 14 8
8608597 166.5 -16 14.5 8
8624059 167 -17 14 8
8624060 167 -17 14.5 8
8624106 167 -16.5 14 8
8624107 167 -16.5 14.5 8
8624153 167 -16 14 8
8624154 167 -16 14.5 8
8639616 167.5 -17 14 8
8639617 167.5 -17 14.5 8
8639663 167.5 -16.5 14 8
8639664 167.5 -16.5 14.5 8
8639710 167.5 -16 14 8
8639711 167.5 -16 14.5 8
8655173 168 -17 14 8
8655174 168 -17 14.5 8
8655220 168 -16.5 14 8
8655221 168 -16.5 14.5 8
8655267 168 -16 14 8
8655268 168 -16 14.5 8
8670730 168.5 -17 14 8
8670731 168.5 -17 14.5 8
8670777 168.5 -16.5 14 8
8670778 168.5 -16.5 14.5 8
8670824 168.5 -16 14 8
8670825 168.5 -16 14.5 8
8686287 169 -17 14 8
8686288 169 -17 14.5 8
8686334 169 -16.5 14 8
8686335 169 -16.5 14.5 8
8686381 169 -16 14 8
8686382 169 -16 14.5 8
8701844 169.5 -17 14 8
8701845 169.5 -17 14.5 8
8701891 169.5 -16.5 14 8
8701892 169.5 -16.5 14.5 8
8701938 169.5 -16 14 8
8701939 169.5 -16 14.5 8
8717401 170 -17 14 8
8717402 170 -17 14.5 8
8717448 170 -16.5 14 8
8717449 170 -16.5 14.5 8
8717495 170 -16 14 8
8717496 170 -16 14.5 8
8732958 170.5 -17 14 8
8732959 170.5 -17 14.5 8
8733005 170.5 -16.5 14 8
8733006 170.5 -16.5 14.5 8
8733052 170.5 -16 14 8
8733053 170.5 -16 14.5 8
8748515 171 -17 14 8
8748516 171 -17 14.5 8
8748562 171 -16.5 14 8
8748563 171 -16.5 14.5 8
8748609 171 -16 14 8
8748610 171 -16 14.5 8
8764072 171.5 -17 14 8
8764073 171.5 -17 14.5 8
8764119 171.5 -16.5 14 8
8764120 171.5 -16.5 14.5 8
8764166 171.5 -16 14 8
8764167 171.5 -16 14.5 8
8779629 172 -17 14 8
8779630 172 -17 14.5 8
8779676 172 -16.5 14 8
8779677 172 -16.5 14.5 8
8779723 172 -16 14 8
8779724 172 -16 14.5 8
8795186 172.5 -17 14 8
8795187 172.5 -17 14.5 8
8795233 172.5 -16.5 14 8
8795234 172.5 -16.5 14.5 8
8795280 172.5 -16 14 8
8795281 172.5 -16 14.5 8
8810743 173 -17 14 8
8810744 173 -17 14.5 8
8810790 173 -16.5 14 8
8810791 173 -16.5 14.5 8
8810837 173 -16 14 8
8810838 173 -16 14.5 8
8826300 173.5 -17 14 8
8826301 173.5 -17 14.5 8
8826347 173.5 -16.5 14 8
8826348 173.5 -16.5 14.5 8
8826394 173.5 -16 14 8
8826395 173.5 -16 14.5 8
8841857 174 -17 14 8
8841858 174 -17 14.5 8
8841904 174 -16.5 14 8
8841905 174 -16.5 14.5 8
8841951 174 -16 14 8
8841952 174 -16 14.5 8
8857414 174.5 -17 14 8
8857415 174.5 -17 14.5 8
8857461 174.5 -16.5 14 8
8857462 174.5 -16.5 14.5 8
8857508 174.5 -16 14 8
8857509 174.5 -16 14.5 8
8872971 175 -17 14 8
8872972 175 -17 14.5 8
8873018 175 -16.5 14 8
8873019 175 -16.5 14.5 8
8873065 175 -16 14 8
8873066 175 -16 14.5 8
8888528 175.5 -17 14 8
8888529 175.5 -17 14.5 8
8888575 175.5 -16.5 14 8
8888576 175.5 -16.5 14.5 8
8888622 175.5 -16 14 8
8888623 175.5 -16 14.5 8
8904085 176 -17 14 8
8904086 176 -17 14.5 8
8904132 176 -16.5 14 8
8904133 176 -16.5 14.5 8
8904179 176 -16 14 8
8904180 176 -16 14.5 8
8919642 176.5 -17 14 8
8919643 176.5 -17 14.5 8
8919689 176.5 -16.5 14 8
8919690 176.5 -16.5 14.5 8
8919736 176.5 -16 14 8
8919737 176.5 -16 14.5 8
8935199 177 -17 14 8
8935200 177 -17 14.5 8
8935246 177 -16.5 14 8
8935247 177 -16.5 14.5 8
8935293 177 -16 14 8
8935294 177 -16 14.5 8
8950756 177.5 -17 14 8
8950757 177.5 -17 14.5 8
8950803 177.5 -16.5 14 8
8950804 177.5 -16.5 14.5 8
8950850 177.5 -16 14 8
8950851 177.5 -16 14.5 8
8966313 178 -17 14 8
8966314 178 -17 14.5 8
8966360 178 -16.5 14 8
8966361 178 -16.5 14.5 8
8966407 178 -16 14 8
8966408 178 -16 14.5 8
8981870 178.5 -17 14 8
8981871 178.5 -17 14.5 8
8981917 178.5 -16.5 14 8
8981918 178.5 -16.5 14.5 8
8981964 178.5 -16 14 8
8981965 178.5 -16 14.5 8
8997427 179 -17 14 8
8997428 179 -17 14.5 8
8997474 179 -16.5 14 8
8997475 179 -16.5 14.5 8
8997521 179 -16 14 8
8997522 179 -16 14.5 8
9012984 179.5 -17 14 8
9012985 179.5 -17 14.5 8
9013031 179.5 -16.5 14 8
9013032 179.5 -16.5 14.5 8
9013078 179.5 -16 14 8
9013079 179.5 -16 14.5 8
9028541 180 -17 14 8
9028542 180 -17 14.5 8
9028588 180 -16.5 14 8
9028589 180 -16.5 14.5 8
9028635 180 -16 14 8
9028636 180 -16 14.5 8
9044098 180.5 -17 14 8
9044099 180.5 -17 14.5 8
9044145 180.5 -16.5 14 8
9044146 180.5 -16.5 14.5 8
9044192 180.5 -16 14 8
9044193 180.5 -16 14.5 8
9059655 181 -17 14 8
9059656 181 -17 14.5 8
9059702 181 -16.5 14 8
9059703 181 -16.5 14.5 8
9059749 181 -16 14 8
9059750 181 -16 14.5 8
9075212 181.5 -17 14 8
9075213 181.5 -17 14.5 8
9075259 181.5 -16.5 14 8
9075260 181.5 -16.5 14.5 8
9075306 181.5 -16 14 8
9075307 181.5 -16 14.5 8
9090769 182 -17 14 8
9090770 182 -17 14.5 8
9090816 182 -16.5 14 8
9090817 182 -16.5 14.5 8
9090863 182 -16 14 8
9090864 182 -16 14.5 8
9106326 182.5 -17 14 8
9106327 182.5 -17 14.5 8
9106373 182.5 -16.5 14 8
9106374 182.5 -16.5 14.5 8
9106420 182.5 -16 14 8
9106421 182.5 -16 14.5 8
9121883 183 -17 14 8
9121884 183 -17 14.5 8
9121930 183 -16.5 14 8
9121931 183 -16.5 14.5 8
9121977 183 -16 14 8
9121978 183 -16 14.5 8
9137440 183.5 -17 14 8
9137441 183.5 -17 14.5 8
9137487 183.5 -16.5 14 8
9137488 183.5 -16.5 14.5 8
9137534 183.5 -16 14 8
9137535 183.5 -16 14.5 8
9152997 184 -17 14 8
9152998 184 -17 14.5 8
9153044 184 -16.5 14 8
9153045 184 -16.5 14.5 8
9153091 184 -16 14 8
9153092 184 -16 14.5 8
9168554 184.5 -17 14 8
9168555 184.5 -17 14.5 8
9168601 184.5 -16.5 14 8
9168602 184.5 -16.5 14.5 8
9168648 184.5 -16 14 8
9168649 184.5 -16 14.5 8
9184111 185 -17 14 8
9184112 185 -17 14.5 8
9184158 185 -16.5 14 8
9184159 185 -16.5 14.5 8
9184205 185 -16 14 8
9184206 185 -16 14.5 8
9199668 185.5 -17 14 8
9199669 185.5 -17 14.5 8
9199715 185.5 -16.5 14 8
9199716 185.5 -16.5 14.5 8
9199762 185.5 -16 14 8
9199763 185.5 -16 14.5 8
9215225 186 -17 14 8
9215226 186 -17 14.5 8
9215272 186 -16.5 14 8
9215273 186 -16.5 14.5 8
9215319 186 -16 14 8
9215320 186 -16 14.5 8
9230782 186.5 -17 14 8
9230783 186.5 -17 14.5 8
9230829 186.5 -16.5 14 8
9230830 186.5 -16.5 14.5 8
9230876 186.5 -16 14 8
9230877 186.5 -16 14.5 8
9246339 187 -17 14 8
9246340 187 -17 14.5 8
9246386 187 -16.5 14 8
9246387 187 -16.5 14.5 8
9246433 187 -16 14 8
9246434 187 -16 14.5 8
9261896 187.5 -17 14 8
9261897 187.5 -17 14.5 8
9261943 187.5 -16.5 14 8
9261944 187.5 -16.5 14.5 8
9261990 187.5 -16 14 8
9261991 187.5 -16 14.5 8
9277453 188 -17 14 8
9277454 188 -17 14.5 8
9277500 188 -16.5 14 8
9277501 188 -16.5 14.5 8
9277547 188 -16 14 8
9277548 188 -16 14.5 8
9293010 188.5 -17 14 8
9293011 188.5 -17 14.5 8
9293057 188.5 -16.5 14 8
9293058 188.5 -16.5 14.5 8
9293104 188.5 -16 14 8
9293105 188.5 -16 14.5 8
9308567 189 -17 14 8
9308568 189 -17 14.5 8
9308614 189 -16.5 14 8
9308615 189 -16.5 14.5 8
9308661 189 -16 14 8
9308662 189 -16 14.5 8
9324124 189.5 -17 14 8
9324125 189.5 -17 14.5 8
9324171 189.5 -16.5 14 8
9324172 189.5 -16.5 14.5 8
9324218 189.5 -16 14 8
9324219 189.5 -16 14.5 8
9339681 190 -17 14 8
9339682 190 -17 14.5 8
9339728 190 -16.5 14 8
9339729 190 -16.5 14.5 8
9339775 190 -16 14 8
9339776 190 -16 14.5 8
9355238 190.5 -17 14 8
9355239 190.5 -17 14.5 8
9355285 190.5 -16.5 14 8
9355286 190.5 -16.5 14.5 8
9355332 190.5 -16 14 8
9355333 190.5 -16 14.5 8
9370795 191 -17 14 8
9370796 191 -17 14.5 8
9370842 191 -16.5 14 8
9370843 191 -16.5 14.5 8
9370889 191 -16 14 8
9370890 191 -16 14.5 8
9386352 191.5 -17 14 8
9386353 191.5 -17 14.5 8
9386399 191.5 -16.5 14 8
9386400 191.5 -16.5 14.5 8
9386446 191.5 -16 14 8
9386447 191.5 -16 14.5 8
9401909 192 -17 14 8
9401910 192 -17 14.5 8
9401956 192 -16.5 14 8
9401957 192 -16.5 14.5 8
9402003 192 -16 14 8
9402004 192 -16 14.5 8
9417466 192.5 -17 14 8
9417467 192.5 -17 14.5 8
9417513 192.5 -16.5 14 8
9417514 192.5 -16.5 14.5 8
9417560 192.5 -16 14 8
9417561 192.5 -16 14.5 8
9433023 193 -17 14 8
9433024 193 -17 14.5 8
9433070 193 -16.5 14 8
9433071 193 -16.5 14.5 8
9433117 193 -16 14 8
9433118 193 -16 14.5 8
9448580 193.5 -17 14 8
9448581 193.5 -17 14.5 8
9448627 193.5 -16.5 14 8
9448628 193.5 -16.5 14.5 8
9448674 193.5 -16 14 8
9448675 193.5 -16 14.5 8
9464137 194 -17 14 8
9464138 194 -17 14.5 8
9464184 194 -16.5 14 8
9464185 194 -16.5 14.5 8
9464231 194 -16 14 8
9464232 194 -16 14.5 8
9479694 194.5 -17 14 8
9479695 194.5 -17 14.5 8
9479741 194.5 -16.5 14 8
9479742 194.5 -16.5 14.5 8
9479788 194.5 -16 14 8
9479789 194.5 -16 14.5 8
9495251 195 -17 14 8
9495252 195 -17 14.5 8
9495298 195 -16.5 14 8
9495299 195 -16.5 14.5 8
9495345 195 -16 14 8
9495346 195 -16 14.5 8
9510808 195.5 -17 14 8
9510809 195.5 -17 14.5 8
9510855 195.5 -16.5 14 8
9510856 195.5 -16.5 14.5 8
9510902 195.5 -16 14 8
9510903 195.5 -16 14.5 8
9526365 196 -17 14 8
9526366 196 -17 14.5 8
9526412 196 -16.5 14 8
9526413 196 -16.5 14.5 8
9526459 196 -16 14 8
9526460 196 -16 14.5 8
9541922 196.5 -17 14 8
9541923 196.5 -17 14.5 8
9541969 196.5 -16.5 14 8
9541970 196.5 -16.5 14.5 8
9542016 196.5 -16 14 8
9542017 196.5 -16 14.5 8
9557479 197 -17 14 8
9557480 197 -17 14.5 8
9557526 197 -16.5 14 8
9557527 197 -16.5 14.5 8
9557573 197 -16 14 8
9557574 197 -16 14.5 8
9573036 197.5 -17 14 8
9573037 197.5 -17 14.5 8
9573083 197.5 -16.5 14 8
9573084 197.5 -16.5 14.5 8
9573130 197.5 -16 14 8
9573131 197.5 -16 14.5 8
9588593 198 -17 14 8
9588594 198 -17 14.5 8
9588640 198 -16.5 14 8
9588641 198 -16.5 14.5 8
9588687 198 -16 14 8
9588688 198 -16 14.5 8
9604150 198.5 -17 14 8
9604151 198.5 -17 14.5 8
9604197 198.5 -16.5 14 8
9604198 198.5 -16.5 14.5 8
9604244 198.5 -16 14 8
9604245 198.5 -16 14.5 8
9619707 199 -17 14 8
9619708 199 -17 14.5 8
9619754 199 -16.5 14 8
9619755 199 -16.5 14.5 8
9619801 199 -16 14 8
9619802 199 -16 14.5 8
9635264 199.5 -17 14 8
9635265 199.5 -17 14.5 8
9635311 199.5 -16.5 14 8
9635312 199.5 -16.5 14.5 8
9635358 199.5 -16 14 8
9635359 199.5 -16 14.5 8
9650821 200 -17 14 8
9650822 200 -17 14.5 8
9650868 200 -16.5 14 8
9650869 200 -16.5 14.5 8
9650915 200 -16 14 8
9650916 200 -16 14.5 8
9666378 200.5 -17 14 8
9666379 200.5 -17 14.5 8
9666425 200.5 -16.5 14 8
9666426 200.5 -16.5 14.5 8
9666472 200.5 -16 14 8
9666473 200.5 -16 14.5 8
9681935 201 -17 14 8
9681936 201 -17 14.5 8
9681982 201 -16.5 14 8
9681983 201 -16.5 14.5 8
9682029 201 -16 14 8
9682030 201 -16 14.5 8
9697492 201.5 -17 14 8
9697493 201.5 -17 14.5 8
9697539 201.5 -16.5 14 8
9697540 201.5 -16.5 14.5 8
9697586 201.5 -16 14 8
9697587 201.5 -16 14.5 8
9713049 202 -17 14 8
9713050 202 -17 14.5 8
9713096 202 -16.5 14 8
9713097 202 -16.5 14.5 8
9713143 202 -16 14 8
9713144 202 -16 14.5 8
9728606 202.5 -17 14 8
9728607 202.5 -17 14.5 8
9728653 202.5 -16.5 14 8
9728654 202.5 -16.5 14.5 8
9728700 202.5 -16 14 8
9728701 202.5 -16 14.5 8
9744163 203 -17 14 8
9744164 203 -17 14.5 8
9744210 203 -16.5 14 8
9744211 203 -16.5 14.5 8
9744257 203 -16 14 8
9744258 203 -16 14.5 8
9759720 203.5 -17 14 8
9759721 203.5 -17 14.5 8
9759767 203.5 -16.5 14 8
9759768 203.5 -16.5 14.5 8
9759814 203.5 -16 14 8
9759815 203.5 -16 14.5 8
9775277 204 -17 14 8
9775278 204 -17 14.5 8
9775324 204 -16.5 14 8
9775325 204 -16.5 14.5 8
9775371 204 -16 14 8
9775372 204 -16 14.5 8
9790834 204.5 -17 14 8
9790835 204.5 -17 14.5 8
9790881 204.5 -16.5 14 8
9790882 204.5 -16.5 14.5 8
9790928 204.5 -16 14 8
9790929 204.5 -16 14.5 8
9806391 205 -17 14 8
9806392 205 -17 14.5 8
9806438 205 -16.5 14 8
9806439 205 -16.5 14.5 8
9806485 205 -16 14 8
9806486 205 -16 14.5 8
9821948 205.5 -17 14 8
9821949 205.5 -17 14.5 8
9821995 205.5 -16.5 14 8
9821996 205.5 -16.5 14.5 8
9822042 205.5 -16 14 8
9822043 205.5 -16 14.5 8
9837505 206 -17 14 8
9837506 206 -17 14.5 8
9837552 206 -16.5 14 8
9837553 206 -16.5 14.5 8
9837599 206 -16 14 8
9837600 206 -16 14.5 8
9853062 206.5 -17 14 8
9853063 206.5 -17 14.5 8
9853109 206.5 -16.5 14 8
9853110 206.5 -16.5 14.5 8
9853156 206.5 -16 14 8
9853157 206.5 -16 14.5 8
9868619 207 -17 14 8
9868620 207 -17 14.5 8
9868666 207 -16.5 14 8
9868667 207 -16.5 14.5 8
9868713 207 -16 14 8
9868714 207 -16 14.5 8
9884176 207.5 -17 14 8
9884177 207.5 -17 14.5 8
9884223 207.5 -16.5 14 8
9884224 207.5 -16.5 14.5 8
9884270 207.5 -16 14 8
9884271 207.5 -16 14.5 8
9899733 208 -17 14 8
9899734 208 -17 14.5 8
9899780 208 -16.5 14 8
9899781 208 -16.5 14.5 8
9899827 208 -16 14 8
9899828 208 -16 14.5 8
9915290 208.5 -17 14 8
9915291 208.5 -17 14.5 8
9915337 208.5 -16.5 14 8
9915338 208.5 -16.5 14.5 8
9915384 208.5 -16 14 8
9915385 208.5 -16 14.5 8
9930847 209 -17 14 8
9930848 209 -17 14.5 8
9930894 209 -16.5 14 8
9930895 209 -16.5 14.5 8
9930941 209 -16 14 8
9930942 209 -16 14.5 8
9946404 209.5 -17 14 8
9946405 209.5 -17 14.5 8
9946451 209.5 -16.5 14 8
9946452 209.5 -16.5 14.5 8
9946498 209.5 -16 14 8
9946499 209.5 -16 14.5 8
9961961 210 -17 14 8
9961962 210 -17 14.5 8
9962008 210 -16.5 14 8
9962009 210 -16.5 14.5 8
9962055 210 -16 14 8
9962056 210 -16 14.5 8
9977518 210.5 -17 14 8
9977519 210.5 -17 14.5 8
9977565 210.5 -16.5 14 8
9977566 210.5 -16.5 14.5 8
9977612 210.5 -16 14 8
9977613 210.5 -16 14.5 8
9993075 211 -17 14 8
9993076 211 -17 14.5 8
9993122 211 -16.5 14 8
9993123 211 -16.5 14.5 8
9993169 211 -16 14 8
9993170 211 -16 14.5 8
10008632 211.5 -17 14 8
10008633 211.5 -17 14.5 8
10008679 211.5 -16.5 14 8
10008680 211.5 -16.5 14.5 8
10008726 211.5 -16 14 8
10008727 211.5 -16 14.5 8
10024189 212 -17 14 8
10024190 212 -17 14.5 8
10024236 212 -16.5 14 8
10024237 212 -16.5 14.5 8
10024283 212 -16 14 8
10024284 212 -16 14.5 8
10039746 212.5 -17 14 8
10039747 212.5 -17 14.5 8
10039793 212.5 -16.5 14 8
10039794 212.5 -16.5 14.5 8
10039840 212.5 -16 14 8
10039841 212.5 -16 14.5 8
10055303 213 -17 14 8
10055304 213 -17 14.5 8
10055350 213 -16.5 14 8
10055351 213 -16.5 14.5 8
10055397 213 -16 14 8
10055398 213 -16 14.5 8
10070860 213.5 -17 14 8
10070861 213.5 -17 14.5 8
10070907 213.5 -16.5 14 8
10070908 213.5 -16.5 14.5 8
10070954 213.5 -16 14 8
10070955 213.5 -16 14.5 8
10086417 214 -17 14 8
10086418 214 -17 14.5 8
10086464 214 -16.5 14 8
10086465 214 -16.5 14.5 8
10086511 214 -16 14 8
10086512 214 -16 14.5 8
10101974 214.5 -17 14 8
10101975 214.5 -17 14.5 8
10102021 214.5 -16.5 14 8
10102022 214.5 -16.5 14.5 8
10102068 214.5 -16 14 8
10102069 214.5 -16 14.5 8
10117531 215 -17 14 8
10117532 215 -17 14.5 8
10117578 215 -16.5 14 8
10117579 215 -16.5 14.5 8
10117625 215 -16 14 8
10117626 215 -16 14.5 8
10133088 215.5 -17 14 8
10133089 215.5 -17 14.5 8
10133135 215.5 -16.5 14 8
10133136 215.5 -16.5 14.5 8
10133182 215.5 -16 14 8
10133183 215.5 -16 14.5 8
10148645 216 -17 14 8
10148646 216 -17 14.5 8
10148692 216 -16.5 14 8
10148693 216 -16.5 14.5 8
10148739 216 -16 14 8
10148740 216 -16 14.5 8
10164202 216.5 -17 14 8
10164203 216.5 -17 14.5 8
10164249 216.5 -16.5 14 8
10164250 216.5 -16.5 14.5 8
10164296 216.5 -16 14 8
10164297 216.5 -16 14.5 8
10179759 217 -17 14 8
10179760 217 -17 14.5 8
10179806 217 -16.5 14 8
10179807 217 -16.5 14.5 8
10179853 217 -16 14 8
10179854 217 -16 14.5 8
10195316 217.5 -17 14 8
10195317 217.5 -17 14.5 8
10195363 217.5 -16.5 14 8
10195364 217.5 -16.5 14.5 8
10195410 217.5 -16 14 8
10195411 217.5 -16 14.5 8
10210873 218 -17 14 8
10210874 218 -17 14.5 8
10210920 218 -16.5 14 8
10210921 218 -16.5 14.5 8
10210967 218 -16 14 8
10210968 218 -16 14.5 8
10226430 218.5 -17 14 8
10226431 218.5 -17 14.5 8
10226477 218.5 -16.5 14 8
10226478 218.5 -16.5 14.5 8
10226524 218.5 -16 14 8
10226525 218.5 -16 14.5 8
10241987 219 -17 14 8
10241988 219 -17 14.5 8
10242034 219 -16.5 14 8
10242035 219 -16.5 14.5 8
10242081 219 -16 14 8
10242082 219 -16 14.5 8
10257544 219.5 -17 14 8
10257545 219.5 -17 14.5 8
10257591 219.5 -16.5 14 8
10257592 219.5 -16.5 14.5 8
10257638 219.5 -16 14 8
10257639 219.5 -16 14.5 8
10273101 220 -17 14 8
10273102 220 -17 14.5 8
10273148 220 -16.5 14 8
10273149 220 -16.5 14.5 8
10273195 220 -16 14 8
10273196 220 -16 14.5 8
10288658 220.5 -17 14 8
10288659 220.5 -17 14.5 8
10288705 220.5 -16.5 14 8
10288706 220.5 -16.5 14.5 8
10288752 220.5 -16 14 8
10288753 220.5 -16 14.5 8
10304215 221 -17 14 8
10304216 221 -17 14.5 8
10304262 221 -16.5 14 8
10304263 221 -16.5 14.5 8
10304309 221 -16 14 8
10304310 221 -16 14.5 8
10319772 221.5 -17 14 8
10319773 221.5 -17 14.5 8
10319819 221.5 -16.5 14 8
10319820 221.5 -16.5 14.5 8
10319866 221.5 -16 14 8
10319867 221.5 -16 14.5 8
10335329 222 -17 14 8
10335330 222 -17 14.5 8
10335376 222 -16.5 14 8
10335377 222 -16.5 14.5 8
10335423 222 -16 14 8
10335424 222 -16 14.5 8
10350886 222.5 -17 14 8
10350887 222.5 -17 14.5 8
10350933 222.5 -16.5 14 8
10350934 222.5 -16.5 14.5 8
10350980 222.5 -16 14 8
10350981 222.5 -16 14.5 8
10366443 223 -17 14 8
10366444 223 -17 14.5 8
10366490 223 -16.5 14 8
10366491 223 -16.5 14.5 8
10366537 223 -16 14 8
10366538 223 -16 14.5 8
10382000 223.5 -17 14 8
10382001 223.5 -17 14.5 8
10382047 223.5 -16.5 14 8
10382048 223.5 -16.5 14.5 8
10382094 223.5 -16 14 8
10382095 223.5 -16 14.5 8
10397557 224 -17 14 8
10397558 224 -17 14.5 8
10397604 224 -16.5 14 8
10397605 224 -16.5 14.5 8
10397651 224 -16 14 8
10397652 224 -16 14.5 8
10413114 224.5 -17 14 8
10413115 224.5 -17 14.5 8
10413161 224.5 -16.5 14 8
10413162 224.5 -16.5 14.5 8
10413208 224.5 -16 14 8
10413209 224.5 -16 14.5 8
10428671 225 -17 14 8
10428672 225 -17 14.5 8
10428718 225 -16.5 14 8
10428719 225 -16.5 14.5 8
10428765 225 -16 14 8
10428766 225 -16 14.5 8
10444228 225.5 -17 14 8
10444229 225.5 -17 14.5 8
10444275 225.5 -16.5 14 8
10444276 225.5 -16.5 14.5 8
10444322 225.5 -16 14 8
10444323 225.5 -16 14.5 8
10459785 226 -17 14 8
10459786 226 -17 14.5 8
10459832 226 -16.5 14 8
10459833 226 -16.5 14.5 8
10459879 226 -16 14 8
10459880 226 -16 14.5 8
10475342 226.5 -17 14 8
10475343 226.5 -17 14.5 8
10475389 226.5 -16.5 14 8
10475390 226.5 -16.5 14.5 8
10475436 226.5 -16 14 8
10475437 226.5 -16 14.5 8
10490899 227 -17 14 8
10490900 227 -17 14.5 8
10490946 227 -16.5 14 8
10490947 227 -16.5 14.5 8
10490993 227 -16 14 8
10490994 227 -16 14.5 8
10506456 227.5 -17 14 8
10506457 227.5 -17 14.5 8
10506503 227.5 -16.5 14 8
10506504 227.5 -16.5 14.5 8
10506550 227.5 -16 14 8
10506551 227.5 -16 14.5 8
10522013 228 -17 14 8
10522014 228 -17 14.5 8
10522060 228 -16.5 14 8
10522061 228 -16.5 14.5 8
10522107 228 -16 14 8
10522108 228 -16 14.5 8
10537570 228.5 -17 14 8
10537571 228.5 -17 14.5 8
10537617 228.5 -16.5 14 8
10537618 228.5 -16.5 14.5 8
10537664 228.5 -16 14 8
10537665 228.5 -16 14.5 8
10553127 229 -17 14 8
10553128 229 -17 14.5 8
10553174 229 -16.5 14 8
10553175 229 -16.5 14.5 8
10553221 229 -16 14 8
10553222 229 -16 14.5 8
10568684 229.5 -17 14 8
10568685 229.5 -17 14.5 8
10568731 229.5 -16.5 14 8
10568732 229.5 -16.5 14.5 8
10568778 229.5 -16 14 8
10568779 229.5 -16 14.5 8
10584241 230 -17 14 8
10584242 230 -17 14.5 8
10584288 230 -16.5 14 8
10584289 230 -16.5 14.5 8
10584335 230 -16 14 8
10584336 230 -16 14.5 8
10599798 230.5 -17 14 8
10599799 230.5 -17 14.5 8
10599845 230.5 -16.5 14 8
10599846 230.5 -16.5 14.5 8
10599892 230.5 -16 14 8
10599893 230.5 -16 14.5 8
10615355 231 -17 14 8
10615356 231 -17 14.5 8
10615402 231 -16.5 14 8
10615403 231 -16.5 14.5 8
10615449 231 -16 14 8
10615450 231 -16 14.5 8
10630912 231.5 -17 14 8
10630913 231.5 -17 14.5 8
10630959 231.5 -16.5 14 8
10630960 231.5 -16.5 14.5 8
10631006 231.5 -16 14 8
10631007 231.5 -16 14.5 8
10646469 232 -17 14 8
10646470 232 -17 14.5 8
10646516 232 -16.5 14 8
10646517 232 -16.5 14.5 8
10646563 232 -16 14 8
10646564 232 -16 14.5 8
10662026 232.5 -17 14 8
10662027 232.5 -17 14.5 8
10662073 232.5 -16.5 14 8
10662074 232.5 -16.5 14.5 8
10662120 232.5 -16 14 8
10662121 232.5 -16 14.5 8
10677583 233 -17 14 8
10677584 233 -17 14.5 8
10677630 233 -16.5 14 8
10677631 233 -16.5 14.5 8
10677677 233 -16 14 8
10677678 233 -16 14.5 8
10693140 233.5 -17 14 8
10693141 233.5 -17 14.5 8
10693187 233.5 -16.5 14 8
10693188 233.5 -16.5 14.5 8
10693234 233.5 -16 14 8
10693235 233.5 -16 14.5 8
10708697 234 -17 14 8
10708698 234 -17 14.5 8
10708744 234 -16.5 14 8
10708745 234 -16.5 14.5 8
10708791 234 -16 14 8
10708792 234 -16 14.5 8
10724254 234.5 -17 14 8
10724255 234.5 -17 14.5 8
