3104474 -10.5 16.5 14.5 8
3104521 -10.5 17 14.5 8
3119984 -10 16 14.5 8
3120031 -10 16.5 14.5 8
3120078 -10 17 14.5 8
3135541 -9.5 16 14.5 8
3135588 -9.5 16.5 14.5 8
3135635 -9.5 17 14.5 8
3151098 -9 16 14.5 8
3151145 -9 16.5 14.5 8
3151192 -9 17 14.5 8
3166655 -8.5 16 14.5 8
3166702 -8.5 16.5 14.5 8
3166749 -8.5 17 14.5 8
3182212 -8 16 14.5 8
3182259 -8 16.5 14.5 8
3182306 -8 17 14.5 8
3197769 -7.5 16 14.5 8
3197816 -7.5 16.5 14.5 8
3197863 -7.5 17 14.5 8
3213326 -7 16 14.5 8
3213373 -7 16.5 14.5 8
3213420 -7 17 14.5 8
3228883 -6.5 16 14.5 8
3228930 -6.5 16.5 14.5 8
3228977 -6.5 17 14.5 8
3244440 -6 16 14.5 8
3244487 -6 16.5 14.5 8
3244534 -6 17 14.5 8
3259997 -5.5 16 14.5 8
3260044 -5.5 16.5 14.5 8
3260091 -5.5 17 14.5 8
3275554 -5 16 14.5 8
3275601 -5 16.5 14.5 8
3275648 -5 17 14.5 8
3291111 -4.5 16 14.5 8
3291158 -4.5 16.5 14.5 8
3291205 -4.5 17 14.5 8
3306668 -4 16 14.5 8
3306715 -4 16.5 14.5 8
3306762 -4 17 14.5 8
3322225 -3.5 16 14.5 8
3322272 -3.5 16.5 14.5 8
3322319 -3.5 17 14.5 8
3337782 -3 16 14.5 8
3337829 -3 16.5 14.5 8
3337876 -3 17 14.5 8
3353339 -2.5 16 14.5 8
3353386 -2.5 16.5 14.5 8
3353433 -2.5 17 14.5 8
3368896 -2 16 14.5 8
3368943 -2 16.5 14.5 8
3368990 -2 17 14.5 8
3384453 -1.5 16 14.5 8
3384500 -1.5 16.5 14.5 8
3384547 -1.5 17 14.5 8
3400010 -1 16 14.5 8
3400057 -1 16.5 14.5 8
3400104 -1 17 14.5 8
3415567 -0.5 16 14.5 8
3415614 -0.5 16.5 14.5 8
3415661 -0.5 17 14.5 8
3431124 0 16 14.5 8
3431171 0 16.5 14.5 8
3431218 0 17 14.5 8
3446681 0.5 16 14.5 8
3446728 0.5 16.5 14.5 8
3446775 0.5 17 14.5 8
3462238 1 16 14.5 8
3462285 1 16.5 14.5 8
3462332 1 17 14.5 8
3477795 1.5 16 14.5 8
3477842 1.5 16.5 14.5 8
3477889 1.5 17 14.5 8
3493352 2 16 14.5 8
3493399 2 16.5 14.5 8
3493446 2 17 14.5 8
3508909 2.5 16 14.5 8
3508956 2.5 16.5 14.5 8
3509003 2.5 17 14.5 8
3524466 3 16 14.5 8
3524513 3 16.5 14.5 8
3524560 3 17 14.5 8
3540023 3.5 16 14.5 8
3540070 3.5 16.5 14.5 8
3540117 3.5 17 14.5 8
3555580 4 16 14.5 8
3555627 4 16.5 14.5 8
3555674 4 17 14.5 8
3571137 4.5 16 14.5 8
3571184 4.5 16.5 14.5 8
3571231 4.5 17 14.5 8
3586694 5 16 14.5 8
3586741 5 16.5 14.5 8
3586788 5 17 14.5 8
3602251 5.5 16 14.5 8
3602298 5.5 16.5 14.5 8
3602345 5.5 17 14.5 8
3617808 6 16 14.5 8
3617855 6 16.5 14.5 8
3617902 6 17 14.5 8
3633365 6.5 16 14.5 8
3633412 6.5 16.5 14.5 8
3633459 6.5 17 14.5 8
3648922 7 16 14.5 8
3648969 7 16.5 14.5 8
3649016 7 17 14.5 8
3664479 7.5 16 14.5 8
3664526 7.5 16.5 14.5 8
3664573 7.5 17 14.5 8
3680036 8 16 14.5 8
3680083 8 16.5 14.5 8
3680130 8 17 14.5 8
3695593 8.5 16 14.5 8
3695640 8.5 16.5 14.5 8
3695687 8.5 17 14.5 8
3711150 9 16 14.5 8
3711197 9 16.5 14.5 8
3711244 9 17 14.5 8
3726707 9.5 16 14.5 8
3726754 9.5 16.5 14.5 8
3726801 9.5 17 14.5 8
3742264 10 16 14.5 8
3742311 10 16.5 14.5 8
3742358 10 17 14.5 8
3757821 10.5 16 14.5 8
3757868 10.5 16.5 14.5 8
3757915 10.5 17 14.5 8
3773378 11 16 14.5 8
3773425 11 16.5 14.5 8
3773472 11 17 14.5 8
3788935 11.5 16 14.5 8
3788982 11.5 16.5 14.5 8
3789029 11.5 17 14.5 8
3804492 12 16 14.5 8
3804539 12 16.5 14.5 8
3804586 12 17 14.5 8
3820049 12.5 16 14.5 8
3820096 12.5 16.5 14.5 8
3820143 12.5 17 14.5 8
3835606 13 16 14.5 8
3835653 13 16.5 14.5 8
3835700 13 17 14.5 8
3851163 13.5 16 14.5 8
3851210 13.5 16.5 14.5 8
3851257 13.5 17 14.5 8
3866720 14 16 14.5 8
3866767 14 16.5 14.5 8
3866814 14 17 14.5 8
3882277 14.5 16 14.5 8
3882324 14.5 16.5 14.5 8
3882371 14.5 17 14.5 8
3897834 15 16 14.5 8
3897881 15 16.5 14.5 8
3897928 15 17 14.5 8
3913391 15.5 16 14.5 8
3913438 15.5 16.5 14.5 8
3913485 15.5 17 14.5 8
3928948 16 16 14.5 8
3928995 16 16.5 14.5 8
3929042 16 17 14.5 8
3944505 16.5 16 14.5 8
3944552 16.5 16.5 14.5 8
3944599 16.5 17 14.5 8
3960062 17 16 14.5 8
3960109 17 16.5 14.5 8
3960156 17 17 14.5 8
3975619 17.5 16 14.5 8
3975666 17.5 16.5 14.5 8
3975713 17.5 17 14.5 8
3991176 18 16 14.5 8
3991223 18 16.5 14.5 8
3991270 18 17 14.5 8
4006733 18.5 16 14.5 8
4006780 18.5 16.5 14.5 8
4006827 18.5 17 14.5 8
4022290 19 16 14.5 8
4022337 19 16.5 14.5 8
4022384 19 17 14.5 8
4037847 19.5 16 14.5 8
4037894 19.5 16.5 14.5 8
4037941 19.5 17 14.5 8
4053404 20 16 14.5 8
4053451 20 16.5 14.5 8
4053498 20 17 14.5 8
4068961 20.5 16 14.5 8
4069008 20.5 16.5 14.5 8
4069055 20.5 17 14.5 8
4084518 21 16 14.5 8
4084565 21 16.5 14.5 8
4084612 21 17 14.5 8
4100075 21.5 16 14.5 8
4100122 21.5 16.5 14.5 8
4100169 21.5 17 14.5 8
4115632 22 16 14.5 8
4115679 22 16.5 14.5 8
4115726 22 17 14.5 8
4131189 22.5 16 14.5 8
4131236 22.5 16.5 14.5 8
4131283 22.5 17 14.5 8
4146746 23 16 14.5 8
4146793 23 16.5 14.5 8
4146840 23 17 14.5 8
4162303 23.5 16 14.5 8
4162350 23.5 16.5 14.5 8
4162397 23.5 17 14.5 8
4177860 24 16 14.5 8
4177907 24 16.5 14.5 8
4177954 24 17 14.5 8
4193417 24.5 16 14.5 8
4193464 24.5 16.5 14.5 8
4193511 24.5 17 14.5 8
4208974 25 16 14.5 8
4209021 25 16.5 14.5 8
4209068 25 17 14.5 8
4224531 25.5 16 14.5 8
4224578 25.5 16.5 14.5 8
4224625 25.5 17 14.5 8
4240088 26 16 14.5 8
4240135 26 16.5 14.5 8
4240182 26 17 14.5 8
4255645 26.5 16 14.5 8
4255692 26.5 16.5 14.5 8
4255739 26.5 17 14.5 8
4271202 27 16 14.5 8
4271249 27 16.5 14.5 8
4271296 27 17 14.5 8
4286759 27.5 16 14.5 8
4286806 27.5 16.5 14.5 8
4286853 27.5 17 14.5 8
4302316 28 16 14.5 8
4302363 28 16.5 14.5 8
4302410 28 17 14.5 8
4317873 28.5 16 14.5 8
4317920 28.5 16.5 14.5 8
4317967 28.5 17 14.5 8
4333430 29 16 14.5 8
4333477 29 16.5 14.5 8
4333524 29 17 14.5 8
4348987 29.5 16 14.5 8
4349034 29.5 16.5 14.5 8
4349081 29.5 17 14.5 8
4364544 30 16 14.5 8
4364591 30 16.5 14.5 8
4364638 30 17 14.5 8
4380101 30.5 16 14.5 8
4380148 30.5 16.5 14.5 8
4380195 30.5 17 14.5 8
4395658 31 16 14.5 8
4395705 31 16.5 14.5 8
4395752 31 17 14.5 8
4411215 31.5 16 14.5 8
4411262 31.5 16.5 14.5 8
4411309 31.5 17 14.5 8
4426772 32 16 14.5 8
4426819 32 16.5 14.5 8
4426866 32 17 14.5 8
4442329 32.5 16 14.5 8
4442376 32.5 16.5 14.5 8
4442423 32.5 17 14.5 8
4457886 33 16 14.5 8
4457933 33 16.5 14.5 8
4457980 33 17 14.5 8
4473443 33.5 16 14.5 8
4473490 33.5 16.5 14.5 8
4473537 33.5 17 14.5 8
4489000 34 16 14.5 8
4489047 34 16.5 14.5 8
4489094 34 17 14.5 8
4504557 34.5 16 14.5 8
4504604 34.5 16.5 14.5 8
4504651 34.5 17 14.5 8
4520114 35 16 14.5 8
4520161 35 16.5 14.5 8
4520208 35 17 14.5 8
4535671 35.5 16 14.5 8
4535718 35.5 16.5 14.5 8
4535765 35.5 17 14.5 8
4551228 36 16 14.5 8
4551275 36 16.5 14.5 8
4551322 36 17 14.5 8
4566785 36.5 16 14.5 8
4566832 36.5 16.5 14.5 8
4566879 36.5 17 14.5 8
4582342 37 16 14.5 8
4582389 37 16.5 14.5 8
4582436 37 17 14.5 8
4597899 37.5 16 14.5 8
4597946 37.5 16.5 14.5 8
4597993 37.5 17 14.5 8
4613456 38 16 14.5 8
4613503 38 16.5 14.5 8
4613550 38 17 14.5 8
4629013 38.5 16 14.5 8
4629060 38.5 16.5 14.5 8
4629107 38.5 17 14.5 8
4644570 39 16 14.5 8
4644617 39 16.5 14.5 8
4644664 39 17 14.5 8
4660127 39.5 16 14.5 8
4660174 39.5 16.5 14.5 8
4660221 39.5 17 14.5 8
4675684 40 16 14.5 8
4675731 40 16.5 14.5 8
4675778 40 17 14.5 8
4691241 40.5 16 14.5 8
4691288 40.5 16.5 14.5 8
4691335 40.5 17 14.5 8
4706798 41 16 14.5 8
4706845 41 16.5 14.5 8
4706892 41 17 14.5 8
4722355 41.5 16 14.5 8
4722402 41.5 16.5 14.5 8
4722449 41.5 17 14.5 8
4737912 42 16 14.5 8
4737959 42 16.5 14.5 8
4738006 42 17 14.5 8
4753469 42.5 16 14.5 8
4753516 42.5 16.5 14.5 8
4753563 42.5 17 14.5 8
4769026 43 16 14.5 8
4769073 43 16.5 14.5 8
4769120 43 17 14.5 8
4784583 43.5 16 14.5 8
4784630 43.5 16.5 14.5 8
4784677 43.5 17 14.5 8
4800140 44 16 14.5 8
4800187 44 16.5 14.5 8
4800234 44 17 14.5 8
4815697 44.5 16 14.5 8
4815744 44.5 16.5 14.5 8
4815791 44.5 17 14.5 8
4831254 45 16 14.5 8
4831301 45 16.5 14.5 8
4831348 45 17 14.5 8
4846811 45.5 16 14.5 8
4846858 45.5 16.5 14.5 8
4846905 45.5 17 14.5 8
4862368 46 16 14.5 8
4862415 46 16.5 14.5 8
4862462 46 17 14.5 8
4877925 46.5 16 14.5 8
4877972 46.5 16.5 14.5 8
4878019 46.5 17 14.5 8
4893482 47 16 14.5 8
4893529 47 16.5 14.5 8
4893576 47 17 14.5 8
4909039 47.5 16 14.5 8
4909086 47.5 16.5 14.5 8
4909133 47.5 17 14.5 8
4924596 48 16 14.5 8
4924643 48 16.5 14.5 8
4924690 48 17 14.5 8
4940153 48.5 16 14.5 8
4940200 48.5 16.5 14.5 8
4940247 48.5 17 14.5 8
4955710 49 16 14.5 8
4955757 49 16.5 14.5 8
4955804 49 17 14.5 8
4971267 49.5 16 14.5 8
4971314 49.5 16.5 14.5 8
4971361 49.5 17 14.5 8
4986824 50 16 14.5 8
4986871 50 16.5 14.5 8
4986918 50 17 14.5 8
5002381 50.5 16 14.5 8
5002428 50.5 16.5 14.5 8
5002475 50.5 17 14.5 8
5017938 51 16 14.5 8
5017985 51 16.5 14.5 8
5018032 51 17 14.5 8
5033495 51.5 16 14.5 8
5033542 51.5 16.5 14.5 8
5033589 51.5 17 14.5 8
5049052 52 16 14.5 8
5049099 52 16.5 14.5 8
5049146 52 17 14.5 8
5064609 52.5 16 14.5 8
5064656 52.5 16.5 14.5 8
5064703 52.5 17 14.5 8
5080166 53 16 14.5 8
5080213 53 16.5 14.5 8
5080260 53 17 14.5 8
5095723 53.5 16 14.5 8
5095770 53.5 16.5 14.5 8
5095817 53.5 17 14.5 8
5111280 54 16 14.5 8
5111327 54 16.5 14.5 8
5111374 54 17 14.5 8
5126837 54.5 16 14.5 8
5126884 54.5 16.5 14.5 8
5126931 54.5 17 14.5 8
5142394 55 16 14.5 8
5142441 55 16.5 14.5 8
5142488 55 17 14.5 8
5157951 55.5 16 14.5 8
5157998 55.5 16.5 14.5 8
5158045 55.5 17 14.5 8
5173508 56 16 14.5 8
5173555 56 16.5 14.5 8
5173602 56 17 14.5 8
5189065 56.5 16 14.5 8
5189112 56.5 16.5 14.5 8
5189159 56.5 17 14.5 8
5204622 57 16 14.5 8
5204669 57 16.5 14.5 8
5204716 57 17 14.5 8
5220179 57.5 16 14.5 8
5220226 57.5 16.5 14.5 8
5220273 57.5 17 14.5 8
5235736 58 16 14.5 8
5235783 58 16.5 14.5 8
5235830 58 17 14.5 8
5251293 58.5 16 14.5 8
5251340 58.5 16.5 14.5 8
5251387 58.5 17 14.5 8
5266850 59 16 14.5 8
5266897 59 16.5 14.5 8
5266944 59 17 14.5 8
5282407 59.5 16 14.5 8
5282454 59.5 16.5 14.5 8
5282501 59.5 17 14.5 8
5297964 60 16 14.5 8
5298011 60 16.5 14.5 8
5298058 60 17 14.5 8
5313521 60.5 16 14.5 8
5313568 60.5 16.5 14.5 8
5313615 60.5 17 14.5 8
5329078 61 16 14.5 8
5329125 61 16.5 14.5 8
5329172 61 17 14.5 8
5344635 61.5 16 14.5 8
5344682 61.5 16.5 14.5 8
5344729 61.5 17 14.5 8
5360192 62 16 14.5 8
5360239 62 16.5 14.5 8
5360286 62 17 14.5 8
5375749 62.5 16 14.5 8
5375796 62.5 16.5 14.5 8
5375843 62.5 17 14.5 8
5391306 63 16 14.5 8
5391353 63 16.5 14.5 8
5391400 63 17 14.5 8
5406863 63.5 16 14.5 8
5406910 63.5 16.5 14.5 8
5406957 63.5 17 14.5 8
5422420 64 16 14.5 8
5422467 64 16.5 14.5 8
5422514 64 17 14.5 8
5437977 64.5 16 14.5 8
5438024 64.5 16.5 14.5 8
5438071 64.5 17 14.5 8
5453534 65 16 14.5 8
5453581 65 16.5 14.5 8
5453628 65 17 14.5 8
5469091 65.5 16 14.5 8
5469138 65.5 16.5 14.5 8
5469185 65.5 17 14.5 8
5484648 66 16 14.5 8
5484695 66 16.5 14.5 8
5484742 66 17 14.5 8
5500205 66.5 16 14.5 8
5500252 66.5 16.5 14.5 8
5500299 66.5 17 14.5 8
5515762 67 16 14.5 8
5515809 67 16.5 14.5 8
5515856 67 17 14.5 8
5531319 67.5 16 14.5 8
5531366 67.5 16.5 14.5 8
5531413 67.5 17 14.5 8
5546876 68 16 14.5 8
5546923 68 16.5 14.5 8
5546970 68 17 14.5 8
5562433 68.5 16 14.5 8
5562480 68.5 16.5 14.5 8
5562527 68.5 17 14.5 8
5577990 69 16 14.5 8
5578037 69 16.5 14.5 8
5578084 69 17 14.5 8
5593547 69.5 16 14.5 8
5593594 69.5 16.5 14.5 8
5593641 69.5 17 14.5 8
5609104 70 16 14.5 8
5609151 70 16.5 14.5 8
5609198 70 17 14.5 8
5624661 70.5 16 14.5 8
5624708 70.5 16.5 14.5 8
5624755 70.5 17 14.5 8
5640218 71 16 14.5 8
5640265 71 16.5 14.5 8
5640312 71 17 14.5 8
5655775 71.5 16 14.5 8
5655822 71.5 16.5 14.5 8
5655869 71.5 17 14.5 8
5671332 72 16 14.5 8
5671379 72 16.5 14.5 8
5671426 72 17 14.5 8
5686889 72.5 16 14.5 8
5686936 72.5 16.5 14.5 8
5686983 72.5 17 14.5 8
5702446 73 16 14.5 8
5702493 73 16.5 14.5 8
5702540 73 17 14.5 8
5718003 73.5 16 14.5 8
5718050 73.5 16.5 14.5 8
5718097 73.5 17 14.5 8
5733560 74 16 14.5 8
5733607 74 16.5 14.5 8
5733654 74 17 14.5 8
5749117 74.5 16 14.5 8
5749164 74.5 16.5 14.5 8
5749211 74.5 17 14.5 8
5764674 75 16 14.5 8
5764721 75 16.5 14.5 8
5764768 75 17 14.5 8
5780231 75.5 16 14.5 8
5780278 75.5 16.5 14.5 8
5780325 75.5 17 14.5 8
5795788 76 16 14.5 8
5795835 76 16.5 14.5 8
5795882 76 17 14.5 8
5811345 76.5 16 14.5 8
5811392 76.5 16.5 14.5 8
5811439 76.5 17 14.5 8
5826902 77 16 14.5 8
5826949 77 16.5 14.5 8
5826996 77 17 14.5 8
5842459 77.5 16 14.5 8
5842506 77.5 16.5 14.5 8
5842553 77.5 17 14.5 8
5858016 78 16 14.5 8
5858063 78 16.5 14.5 8
5858110 78 17 14.5 8
5873573 78.5 16 14.5 8
5873620 78.5 16.5 14.5 8
5873667 78.5 17 14.5 8
5889130 79 16 14.5 8
5889177 79 16.5 14.5 8
5889224 79 17 14.5 8
5904687 79.5 16 14.5 8
5904734 79.5 16.5 14.5 8
5904781 79.5 17 14.5 8
5920244 80 16 14.5 8
5920291 80 16.5 14.5 8
5920338 80 17 14.5 8
5935801 80.5 16 14.5 8
5935848 80.5 16.5 14.5 8
5935895 80.5 17 14.5 8
5951358 81 16 14.5 8
5951405 81 16.5 14.5 8
5951452 81 17 14.5 8
5966915 81.5 16 14.5 8
5966962 81.5 16.5 14.5 8
5967009 81.5 17 14.5 8
5982472 82 16 14.5 8
5982519 82 16.5 14.5 8
5982566 82 17 14.5 8
5998029 82.5 16 14.5 8
5998076 82.5 16.5 14.5 8
5998123 82.5 17 14.5 8
6013586 83 16 14.5 8
6013633 83 16.5 14.5 8
6013680 83 17 14.5 8
6029143 83.5 16 14.5 8
6029190 83.5 16.5 14.5 8
6029237 83.5 17 14.5 8
6044700 84 16 14.5 8
6044747 84 16.5 14.5 8
6044794 84 17 14.5 8
6060257 84.5 16 14.5 8
6060304 84.5 16.5 14.5 8
6060351 84.5 17 14.5 8
6075814 85 16 14.5 8
6075861 85 16.5 14.5 8
6075908 85 17 14.5 8
6091371 85.5 16 14.5 8
6091418 85.5 16.5 14.5 8
6091465 85.5 17 14.5 8
6106928 86 16 14.5 8
6106975 86 16.5 14.5 8
6107022 86 17 14.5 8
6122485 86.5 16 14.5 8
6122532 86.5 16.5 14.5 8
6122579 86.5 17 14.5 8
6138042 87 16 14.5 8
6138089 87 16.5 14.5 8
6138136 87 17 14.5 8
6153599 87.5 16 14.5 8
6153646 87.5 16.5 14.5 8
6153693 87.5 17 14.5 8
6169156 88 16 14.5 8
6169203 88 16.5 14.5 8
6169250 88 17 14.5 8
6184713 88.5 16 14.5 8
6184760 88.5 16.5 14.5 8
6184807 88.5 17 14.5 8
6200270 89 16 14.5 8
6200317 89 16.5 14.5 8
6200364 89 17 14.5 8
6215827 89.5 16 14.5 8
6215874 89.5 16.5 14.5 8
6215921 89.5 17 14.5 8
6231384 90 16 14.5 8
6231431 90 16.5 14.5 8
6231478 90 17 14.5 8
6246941 90.5 16 14.5 8
6246988 90.5 16.5 14.5 8
6247035 90.5 17 14.5 8
6262498 91 16 14.5 8
6262545 91 16.5 14.5 8
6262592 91 17 14.5 8
6278055 91.5 16 14.5 8
6278102 91.5 16.5 14.5 8
6278149 91.5 17 14.5 8
6293612 92 16 14.5 8
6293659 92 16.5 14.5 8
6293706 92 17 14.5 8
6309169 92.5 16 14.5 8
6309216 92.5 16.5 14.5 8
6309263 92.5 17 14.5 8
6324726 93 16 14.5 8
6324773 93 16.5 14.5 8
6324820 93 17 14.5 8
6340283 93.5 16 14.5 8
6340330 93.5 16.5 14.5 8
6340377 93.5 17 14.5 8
6355840 94 16 14.5 8
6355887 94 16.5 14.5 8
6355934 94 17 14.5 8
6371397 94.5 16 14.5 8
6371444 94.5 16.5 14.5 8
6371491 94.5 17 14.5 8
6386954 95 16 14.5 8
6387001 95 16.5 14.5 8
6387048 95 17 14.5 8
6402511 95.5 16 14.5 8
6402558 95.5 16.5 14.5 8
6402605 95.5 17 14.5 8
6418068 96 16 14.5 8
6418115 96 16.5 14.5 8
6418162 96 17 14.5 8
6433625 96.5 16 14.5 8
6433672 96.5 16.5 14.5 8
6433719 96.5 17 14.5 8
6449182 97 16 14.5 8
6449229 97 16.5 14.5 8
6449276 97 17 14.5 8
6464739 97.5 16 14.5 8
6464786 97.5 16.5 14.5 8
6464833 97.5 17 14.5 8
6480296 98 16 14.5 8
6480343 98 16.5 14.5 8
6480390 98 17 14.5 8
6495853 98.5 16 14.5 8
6495900 98.5 16.5 14.5 8
6495947 98.5 17 14.5 8
6511410 99 16 14.5 8
6511457 99 16.5 14.5 8
6511504 99 17 14.5 8
6526967 99.5 16 14.5 8
6527014 99.5 16.5 14.5 8
6527061 99.5 17 14.5 8
6542524 100 16 14.5 8
6542571 100 16.5 14.5 8
6542618 100 17 14.5 8
6558081 100.5 16 14.5 8
6558128 100.5 16.5 14.5 8
6558175 100.5 17 14.5 8
6573638 101 16 14.5 8
6573685 101 16.5 14.5 8
6573732 101 17 14.5 8
6589195 101.5 16 14.5 8
6589242 101.5 16.5 14.5 8
6589289 101.5 17 14.5 8
6604752 102 16 14.5 8
6604799 102 16.5 14.5 8
6604846 102 17 14.5 8
6620309 102.5 16 14.5 8
6620356 102.5 16.5 14.5 8
6620403 102.5 17 14.5 8
6635866 103 16 14.5 8
6635913 103 16.5 14.5 8
6635960 103 17 14.5 8
6651423 103.5 16 14.5 8
6651470 103.5 16.5 14.5 8
6651517 103.5 17 14.5 8
6666980 104 16 14.5 8
6667027 104 16.5 14.5 8
6667074 104 17 14.5 8
6682537 104.5 16 14.5 8
6682584 104.5 16.5 14.5 8
6682631 104.5 17 14.5 8
6698094 105 16 14.5 8
6698141 105 16.5 14.5 8
6698188 105 17 14.5 8
6713651 105.5 16 14.5 8
6713698 105.5 16.5 14.5 8
6713745 105.5 17 14.5 8
6729208 106 16 14.5 8
6729255 106 16.5 14.5 8
6729302 106 17 14.5 8
6744765 106.5 16 14.5 8
6744812 106.5 16.5 14.5 8
6744859 106.5 17 14.5 8
6760322 107 16 14.5 8
6760369 107 16.5 14.5 8
6760416 107 17 14.5 8
6775879 107.5 16 14.5 8
6775926 107.5 16.5 14.5 8
6775973 107.5 17 14.5 8
6791436 108 16 14.5 8
6791483 108 16.5 14.5 8
6791530 108 17 14.5 8
6806993 108.5 16 14.5 8
6807040 108.5 16.5 14.5 8
6807087 108.5 17 14.5 8
6822550 109 16 14.5 8
6822597 109 16.5 14.5 8
6822644 109 17 14.5 8
6838107 109.5 16 14.5 8
6838154 109.5 16.5 14.5 8
6838201 109.5 17 14.5 8
6853664 110 16 14.5 8
6853711 110 16.5 14.5 8
6853758 110 17 14.5 8
6869221 110.5 16 14.5 8
6869268 110.5 16.5 14.5 8
6869315 110.5 17 14.5 8
6884778 111 16 14.5 8
6884825 111 16.5 14.5 8
6884872 111 17 14.5 8
6900335 111.5 16 14.5 8
6900382 111.5 16.5 14.5 8
6900429 111.5 17 14.5 8
6915892 112 16 14.5 8
6915939 112 16.5 14.5 8
6915986 112 17 14.5 8
6931449 112.5 16 14.5 8
6931496 112.5 16.5 14.5 8
6931543 112.5 17 14.5 8
6947006 113 16 14.5 8
6947053 113 16.5 14.5 8
6947100 113 17 14.5 8
6962563 113.5 16 14.5 8
6962610 113.5 16.5 14.5 8
6962657 113.5 17 14.5 8
6978120 114 16 14.5 8
6978167 114 16.5 14.5 8
6978214 114 17 14.5 8
6993677 114.5 16 14.5 8
6993724 114.5 16.5 14.5 8
6993771 114.5 17 14.5 8
7009234 115 16 14.5 8
7009281 115 16.5 14.5 8
7009328 115 17 14.5 8
7024791 115.5 16 14.5 8
7024838 115.5 16.5 14.5 8
7024885 115.5 17 14.5 8
7040348 116 16 14.5 8
7040395 116 16.5 14.5 8
7040442 116 17 14.5 8
7055905 116.5 16 14.5 8
7055952 116.5 16.5 14.5 8
7055999 116.5 17 14.5 8
7071462 117 16 14.5 8
7071509 117 16.5 14.5 8
7071556 117 17 14.5 8
7087019 117.5 16 14.5 8
7087066 117.5 16.5 14.5 8
7087113 117.5 17 14.5 8
7102576 118 16 14.5 8
7102623 118 16.5 14.5 8
7102670 118 17 14.5 8
7118133 118.5 16 14.5 8
7118180 118.5 16.5 14.5 8
7118227 118.5 17 14.5 8
7133690 119 16 14.5 8
7133737 119 16.5 14.5 8
7133784 119 17 14.5 8
7149247 119.5 16 14.5 8
7149294 119.5 16.5 14.5 8
7149341 119.5 17 14.5 8
7164804 120 16 14.5 8
7164851 120 16.5 14.5 8
7164898 120 17 14.5 8
7180361 120.5 16 14.5 8
7180408 120.5 16.5 14.5 8
7180455 120.5 17 14.5 8
7195918 121 16 14.5 8
7195965 121 16.5 14.5 8
7196012 121 17 14.5 8
7211475 121.5 16 14.5 8
7211522 121.5 16.5 14.5 8
7211569 121.5 17 14.5 8
7227032 122 16 14.5 8
7227079 122 16.5 14.5 8
7227126 122 17 14.5 8
7242589 122.5 16 14.5 8
7242636 122.5 16.5 14.5 8
7242683 122.5 17 14.5 8
7258146 123 16 14.5 8
7258193 123 16.5 14.5 8
7258240 123 17 14.5 8
7273703 123.5 16 14.5 8
7273750 123.5 16.5 14.5 8
7273797 123.5 17 14.5 8
7289260 124 16 14.5 8
7289307 124 16.5 14.5 8
7289354 124 17 14.5 8
7304817 124.5 16 14.5 8
7304864 124.5 16.5 14.5 8
7304911 124.5 17 14.5 8
7320374 125 16 14.5 8
7320421 125 16.5 14.5 8
7320468 125 17 14.5 8
7335931 125.5 16 14.5 8
7335978 125.5 16.5 14.5 8
7336025 125.5 17 14.5 8
7351488 126 16 14.5 8
7351535 126 16.5 14.5 8
7351582 126 17 14.5 8
7367045 126.5 16 14.5 8
7367092 126.5 16.5 14.5 8
7367139 126.5 17 14.5 8
7382602 127 16 14.5 8
7382649 127 16.5 14.5 8
7382696 127 17 14.5 8
7398159 127.5 16 14.5 8
7398206 127.5 16.5 14.5 8
7398253 127.5 17 14.5 8
7413716 128 16 14.5 8
7413763 128 16.5 14.5 8
7413810 128 17 14.5 8
7429273 128.5 16 14.5 8
7429320 128.5 16.5 14.5 8
7429367 128.5 17 14.5 8
7444830 129 16 14.5 8
7444877 129 16.5 14.5 8
7444924 129 17 14.5 8
7460387 129.5 16 14.5 8
7460434 129.5 16.5 14.5 8
7460481 129.5 17 14.5 8
7475944 130 16 14.5 8
7475991 130 16.5 14.5 8
7476038 130 17 14.5 8
7491501 130.5 16 14.5 8
7491548 130.5 16.5 14.5 8
7491595 130.5 17 14.5 8
7507058 131 16 14.5 8
7507105 131 16.5 14.5 8
7507152 131 17 14.5 8
7522615 131.5 16 14.5 8
7522662 131.5 16.5 14.5 8
7522709 131.5 17 14.5 8
7538172 132 16 14.5 8
7538219 132 16.5 14.5 8
7538266 132 17 14.5 8
7553729 132.5 16 14.5 8
7553776 132.5 16.5 14.5 8
7553823 132.5 17 14.5 8
7569286 133 16 14.5 8
7569333 133 16.5 14.5 8
7569380 133 17 14.5 8
7584843 133.5 16 14.5 8
7584890 133.5 16.5 14.5 8
7584937 133.5 17 14.5 8
7600400 134 16 14.5 8
7600447 134 16.5 14.5 8
7600494 134 17 14.5 8
7615957 134.5 16 14.5 8
7616004 134.5 16.5 14.5 8
7616051 134.5 17 14.5 8
7631514 135 16 14.5 8
7631561 135 16.5 14.5 8
7631608 135 17 14.5 8
7647071 135.5 16 14.5 8
7647118 135.5 16.5 14.5 8
7647165 135.5 17 14.5 8
7662628 136 16 14.5 8
7662675 136 16.5 14.5 8
7662722 136 17 14.5 8
7678185 136.5 16 14.5 8
7678232 136.5 16.5 14.5 8
7678279 136.5 17 14.5 8
7693742 137 16 14.5 8
7693789 137 16.5 14.5 8
7693836 137 17 14.5 8
7709299 137.5 16 14.5 8
7709346 137.5 16.5 14.5 8
7709393 137.5 17 14.5 8
7724856 138 16 14.5 8
7724903 138 16.5 14.5 8
7724950 138 17 14.5 8
7740413 138.5 16 14.5 8
7740460 138.5 16.5 14.5 8
7740507 138.5 17 14.5 8
7755970 139 16 14.5 8
7756017 139 16.5 14.5 8
7756064 139 17 14.5 8
7771527 139.5 16 14.5 8
7771574 139.5 16.5 14.5 8
7771621 139.5 17 14.5 8
7787084 140 16 14.5 8
7787131 140 16.5 14.5 8
7787178 140 17 14.5 8
7802641 140.5 16 14.5 8
7802688 140.5 16.5 14.5 8
7802735 140.5 17 14.5 8
7818198 141 16 14.5 8
7818245 141 16.5 14.5 8
7818292 141 17 14.5 8
7833755 141.5 16 14.5 8
7833802 141.5 16.5 14.5 8
7833849 141.5 17 14.5 8
7849312 142 16 14.5 8
7849359 142 16.5 14.5 8
7849406 142 17 14.5 8
7864869 142.5 16 14.5 8
7864916 142.5 16.5 14.5 8
7864963 142.5 17 14.5 8
7880426 143 16 14.5 8
7880473 143 16.5 14.5 8
7880520 143 17 14.5 8
7895983 143.5 16 14.5 8
7896030 143.5 16.5 14.5 8
7896077 143.5 17 14.5 8
7911540 144 16 14.5 8
7911587 144 16.5 14.5 8
7911634 144 17 14.5 8
7927097 144.5 16 14.5 8
7927144 144.5 16.5 14.5 8
7927191 144.5 17 14.5 8
7942654 145 16 14.5 8
7942701 145 16.5 14.5 8
7942748 145 17 14.5 8
7958211 145.5 16 14.5 8
7958258 145.5 16.5 14.5 8
7958305 145.5 17 14.5 8
7973768 146 16 14.5 8
7973815 146 16.5 14.5 8
7973862 146 17 14.5 8
7989325 146.5 16 14.5 8
7989372 146.5 16.5 14.5 8
7989419 146.5 17 14.5 8
8004882 147 16 14.5 8
8004929 147 16.5 14.5 8
8004976 147 17 14.5 8
8020439 147.5 16 14.5 8
8020486 147.5 16.5 14.5 8
8020533 147.5 17 14.5 8
8035996 148 16 14.5 8
8036043 148 16.5 14.5 8
8036090 148 17 14.5 8
8051553 148.5 16 14.5 8
8051600 148.5 16.5 14.5 8
8051647 148.5 17 14.5 8
8067110 149 16 14.5 8
8067157 149 16.5 14.5 8
8067204 149 17 14.5 8
8082667 149.5 16 14.5 8
8082714 149.5 16.5 14.5 8
8082761 149.5 17 14.5 8
8098224 150 16 14.5 8
8098271 150 16.5 14.5 8
8098318 150 17 14.5 8
8113781 150.5 16 14.5 8
8113828 150.5 16.5 14.5 8
8113875 150.5 17 14.5 8
8129338 151 16 14.5 8
8129385 151 16.5 14.5 8
8129432 151 17 14.5 8
8144895 151.5 16 14.5 8
8144942 151.5 16.5 14.5 8
8144989 151.5 17 14.5 8
8160452 152 16 14.5 8
8160499 152 16.5 14.5 8
8160546 152 17 14.5 8
8176009 152.5 16 14.5 8
8176056 152.5 16.5 14.5 8
8176103 152.5 17 14.5 8
8191566 153 16 14.5 8
8191613 153 16.5 14.5 8
8191660 153 17 14.5 8
8207123 153.5 16 14.5 8
8207170 153.5 16.5 14.5 8
8207217 153.5 17 14.5 8
8222680 154 16 14.5 8
8222727 154 16.5 14.5 8
8222774 154 17 14.5 8
8238237 154.5 16 14.5 8
8238284 154.5 16.5 14.5 8
8238331 154.5 17 14.5 8
8253794 155 16 14.5 8
8253841 155 16.5 14.5 8
8253888 155 17 14.5 8
8269351 155.5 16 14.5 8
8269398 155.5 16.5 14.5 8
8269445 155.5 17 14.5 8
8284908 156 16 14.5 8
8284955 156 16.5 14.5 8
8285002 156 17 14.5 8
8300465 156.5 16 14.5 8
8300512 156.5 16.5 14.5 8
8300559 156.5 17 14.5 8
8316022 157 16 14.5 8
8316069 157 16.5 14.5 8
8316116 157 17 14.5 8
8331579 157.5 16 14.5 8
8331626 157.5 16.5 14.5 8
8331673 157.5 17 14.5 8
8347136 158 16 14.5 8
8347183 158 16.5 14.5 8
8347230 158 17 14.5 8
8362693 158.5 16 14.5 8
8362740 158.5 16.5 14.5 8
8362787 158.5 17 14.5 8
8378250 159 16 14.5 8
8378297 159 16.5 14.5 8
8378344 159 17 14.5 8
8393807 159.5 16 14.5 8
8393854 159.5 16.5 14.5 8
8393901 159.5 17 14.5 8
8409364 160 16 14.5 8
8409411 160 16.5 14.5 8
8409458 160 17 14.5 8
8424921 160.5 16 14.5 8
8424968 160.5 16.5 14.5 8
8425015 160.5 17 14.5 8
8440478 161 16 14.5 8
8440525 161 16.5 14.5 8
8440572 161 17 14.5 8
8456035 161.5 16 14.5 8
8456082 161.5 16.5 14.5 8
8456129 161.5 17 14.5 8
8471592 162 16 14.5 8
8471639 162 16.5 14.5 8
8471686 162 17 14.5 8
8487149 162.5 16 14.5 8
8487196 162.5 16.5 14.5 8
8487243 162.5 17 14.5 8
8502706 163 16 14.5 8
8502753 163 16.5 14.5 8
8502800 163 17 14.5 8
8518263 163.5 16 14.5 8
8518310 163.5 16.5 14.5 8
8518357 163.5 17 14.5 8
8533820 164 16 14.5 8
8533867 164 16.5 14.5 8
8533914 164 17 14.5 8
8549377 164.5 16 14.5 8
8549424 164.5 16.5 14.5 8
8549471 164.5 17 14.5 8
8564934 165 16 14.5 8
8564981 165 16.5 14.5 8
8565028 165 17 14.5 8
8580491 165.5 16 14.5 8
8580538 165.5 16.5 14.5 8
8580585 165.5 17 14.5 8
8596048 166 16 14.5 8
8596095 166 16.5 14.5 8
8596142 166 17 14.5 8
8611605 166.5 16 14.5 8
8611652 166.5 16.5 14.5 8
8611699 166.5 17 14.5 8
8627162 167 16 14.5 8
8627209 167 16.5 14.5 8
8627256 167 17 14.5 8
8642719 167.5 16 14.5 8
8642766 167.5 16.5 14.5 8
8642813 167.5 17 14.5 8
8658276 168 16 14.5 8
8658323 168 16.5 14.5 8
8658370 168 17 14.5 8
8673833 168.5 16 14.5 8
8673880 168.5 16.5 14.5 8
8673927 168.5 17 14.5 8
8689390 169 16 14.5 8
8689437 169 16.5 14.5 8
8689484 169 17 14.5 8
8704947 169.5 16 14.5 8
8704994 169.5 16.5 14.5 8
8705041 169.5 17 14.5 8
8720504 170 16 14.5 8
8720551 170 16.5 14.5 8
8720598 170 17 14.5 8
8736061 170.5 16 14.5 8
8736108 170.5 16.5 14.5 8
8736155 170.5 17 14.5 8
8751618 171 16 14.5 8
8751665 171 16.5 14.5 8
8751712 171 17 14.5 8
8767175 171.5 16 14.5 8
8767222 171.5 16.5 14.5 8
8767269 171.5 17 14.5 8
8782732 172 16 14.5 8
8782779 172 16.5 14.5 8
8782826 172 17 14.5 8
8798289 172.5 16 14.5 8
8798336 172.5 16.5 14.5 8
8798383 172.5 17 14.5 8
8813846 173 16 14.5 8
8813893 173 16.5 14.5 8
8813940 173 17 14.5 8
8829403 173.5 16 14.5 8
8829450 173.5 16.5 14.5 8
8829497 173.5 17 14.5 8
8844960 174 16 14.5 8
8845007 174 16.5 14.5 8
8845054 174 17 14.5 8
8860517 174.5 16 14.5 8
8860564 174.5 16.5 14.5 8
8860611 174.5 17 14.5 8
8876074 175 16 14.5 8
8876121 175 16.5 14.5 8
8876168 175 17 14.5 8
8891631 175.5 16 14.5 8
8891678 175.5 16.5 14.5 8
8891725 175.5 17 14.5 8
8907188 176 16 14.5 8
8907235 176 16.5 14.5 8
8907282 176 17 14.5 8
8922745 176.5 16 14.5 8
8922792 176.5 16.5 14.5 8
8922839 176.5 17 14.5 8
8938302 177 16 14.5 8
8938349 177 16.5 14.5 8
8938396 177 17 14.5 8
8953859 177.5 16 14.5 8
8953906 177.5 16.5 14.5 8
8953953 177.5 17 14.5 8
8969416 178 16 14.5 8
8969463 178 16.5 14.5 8
8969510 178 17 14.5 8
8984973 178.5 16 14.5 8
8985020 178.5 16.5 14.5 8
8985067 178.5 17 14.5 8
9000530 179 16 14.5 8
9000577 179 16.5 14.5 8
9000624 179 17 14.5 8
9016087 179.5 16 14.5 8
9016134 179.5 16.5 14.5 8
9016181 179.5 17 14.5 8
9031644 180 16 14.5 8
9031691 180 16.5 14.5 8
9031738 180 17 14.5 8
9047201 180.5 16 14.5 8
9047248 180.5 16.5 14.5 8
9047295 180.5 17 14.5 8
9062758 181 16 14.5 8
9062805 181 16.5 14.5 8
9062852 181 17 14.5 8
9078315 181.5 16 14.5 8
9078362 181.5 16.5 14.5 8
9078409 181.5 17 14.5 8
9093872 182 16 14.5 8
9093919 182 16.5 14.5 8
9093966 182 17 14.5 8
9109429 182.5 16 14.5 8
9109476 182.5 16.5 14.5 8
9109523 182.5 17 14.5 8
9124986 183 16 14.5 8
9125033 183 16.5 14.5 8
9125080 183 17 14.5 8
9140543 183.5 16 14.5 8
9140590 183.5 16.5 14.5 8
9140637 183.5 17 14.5 8
9156100 184 16 14.5 8
9156147 184 16.5 14.5 8
9156194 184 17 14.5 8
9171657 184.5 16 14.5 8
9171704 184.5 16.5 14.5 8
9171751 184.5 17 14.5 8
9187214 185 16 14.5 8
9187261 185 16.5 14.5 8
9187308 185 17 14.5 8
9202771 185.5 16 14.5 8
9202818 185.5 16.5 14.5 8
9202865 185.5 17 14.5 8
9218328 186 16 14.5 8
9218375 186 16.5 14.5 8
9218422 186 17 14.5 8
9233885 186.5 16 14.5 8
9233932 186.5 16.5 14.5 8
9233979 186.5 17 14.5 8
9249442 187 16 14.5 8
9249489 187 16.5 14.5 8
9249536 187 17 14.5 8
9264999 187.5 16 14.5 8
9265046 187.5 16.5 14.5 8
9265093 187.5 17 14.5 8
9280556 188 16 14.5 8
9280603 188 16.5 14.5 8
9280650 188 17 14.5 8
9296113 188.5 16 14.5 8
9296160 188.5 16.5 14.5 8
9296207 188.5 17 14.5 8
9311670 189 16 14.5 8
9311717 189 16.5 14.5 8
9311764 189 17 14.5 8
9327227 189.5 16 14.5 8
9327274 189.5 16.5 14.5 8
9327321 189.5 17 14.5 8
9342784 190 16 14.5 8
9342831 190 16.5 14.5 8
9342878 190 17 14.5 8
9358341 190.5 16 14.5 8
9358388 190.5 16.5 14.5 8
9358435 190.5 17 14.5 8
9373898 191 16 14.5 8
9373945 191 16.5 14.5 8
9373992 191 17 14.5 8
9389455 191.5 16 14.5 8
9389502 191.5 16.5 14.5 8
9389549 191.5 17 14.5 8
9405012 192 16 14.5 8
9405059 192 16.5 14.5 8
9405106 192 17 14.5 8
9420569 192.5 16 14.5 8
9420616 192.5 16.5 14.5 8
9420663 192.5 17 14.5 8
9436126 193 16 14.5 8
9436173 193 16.5 14.5 8
9436220 193 17 14.5 8
9451683 193.5 16 14.5 8
9451730 193.5 16.5 14.5 8
9451777 193.5 17 14.5 8
9467240 194 16 14.5 8
9467287 194 16.5 14.5 8
9467334 194 17 14.5 8
9482797 194.5 16 14.5 8
9482844 194.5 16.5 14.5 8
9482891 194.5 17 14.5 8
9498354 195 16 14.5 8
9498401 195 16.5 14.5 8
9498448 195 17 14.5 8
9513911 195.5 16 14.5 8
9513958 195.5 16.5 14.5 8
9514005 195.5 17 14.5 8
9529468 196 16 14.5 8
9529515 196 16.5 14.5 8
9529562 196 17 14.5 8
9545025 196.5 16 14.5 8
9545072 196.5 16.5 14.5 8
9545119 196.5 17 14.5 8
9560582 197 16 14.5 8
9560629 197 16.5 14.5 8
9560676 197 17 14.5 8
9576139 197.5 16 14.5 8
9576186 197.5 16.5 14.5 8
9576233 197.5 17 14.5 8
9591696 198 16 14.5 8
9591743 198 16.5 14.5 8
9591790 198 17 14.5 8
9607253 198.5 16 14.5 8
9607300 198.5 16.5 14.5 8
9607347 198.5 17 14.5 8
9622810 199 16 14.5 8
9622857 199 16.5 14.5 8
9622904 199 17 14.5 8
9638367 199.5 16 14.5 8
9638414 199.5 16.5 14.5 8
9638461 199.5 17 14.5 8
9653924 200 16 14.5 8
9653971 200 16.5 14.5 8
9654018 200 17 14.5 8
9669481 200.5 16 14.5 8
9669528 200.5 16.5 14.5 8
9669575 200.5 17 14.5 8
9685038 201 16 14.5 8
9685085 201 16.5 14.5 8
9685132 201 17 14.5 8
9700595 201.5 16 14.5 8
9700642 201.5 16.5 14.5 8
9700689 201.5 17 14.5 8
9716152 202 16 14.5 8
9716199 202 16.5 14.5 8
9716246 202 17 14.5 8
9731709 202.5 16 14.5 8
9731756 202.5 16.5 14.5 8
9731803 202.5 17 14.5 8
9747266 203 16 14.5 8
9747313 203 16.5 14.5 8
9747360 203 17 14.5 8
9762823 203.5 16 14.5 8
9762870 203.5 16.5 14.5 8
9762917 203.5 17 14.5 8
9778380 204 16 14.5 8
9778427 204 16.5 14.5 8
9778474 204 17 14.5 8
9793937 204.5 16 14.5 8
9793984 204.5 16.5 14.5 8
9794031 204.5 17 14.5 8
9809494 205 16 14.5 8
9809541 205 16.5 14.5 8
9809588 205 17 14.5 8
9825051 205.5 16 14.5 8
9825098 205.5 16.5 14.5 8
9825145 205.5 17 14.5 8
9840608 206 16 14.5 8
9840655 206 16.5 14.5 8
9840702 206 17 14.5 8
9856165 206.5 16 14.5 8
9856212 206.5 16.5 14.5 8
9856259 206.5 17 14.5 8
9871722 207 16 14.5 8
9871769 207 16.5 14.5 8
9871816 207 17 14.5 8
9887279 207.5 16 14.5 8
9887326 207.5 16.5 14.5 8
9887373 207.5 17 14.5 8
9902836 208 16 14.5 8
9902883 208 16.5 14.5 8
9902930 208 17 14.5 8
9918393 208.5 16 14.5 8
9918440 208.5 16.5 14.5 8
9918487 208.5 17 14.5 8
9933950 209 16 14.5 8
9933997 209 16.5 14.5 8
9934044 209 17 14.5 8
9949507 209.5 16 14.5 8
9949554 209.5 16.5 14.5 8
9949601 209.5 17 14.5 8
9965064 210 16 14.5 8
9965111 210 16.5 14.5 8
9965158 210 17 14.5 8
9980621 210.5 16 14.5 8
9980668 210.5 16.5 14.5 8
9980715 210.5 17 14.5 8
9996178 211 16 14.5 8
9996225 211 16.5 14.5 8
9996272 211 17 14.5 8
10011735 211.5 16 14.5 8
10011782 211.5 16.5 14.5 8
10011829 211.5 17 14.5 8
10027292 212 16 14.5 8
10027339 212 16.5 14.5 8
10027386 212 17 14.5 8
10042849 212.5 16 14.5 8
10042896 212.5 16.5 14.5 8
10042943 212.5 17 14.5 8
10058406 213 16 14.5 8
