9671233 200.5 34.5 21 7
9671234 200.5 34.5 21.5 7
9686743 201 34 21 7
9686744 201 34 21.5 7
9686790 201 34.5 21 7
9686791 201 34.5 21.5 7
9702206 201.5 33 21 7
9702207 201.5 33 21.5 7
9702253 201.5 33.5 21 7
9702254 201.5 33.5 21.5 7
9702300 201.5 34 21 7
9702301 201.5 34 21.5 7
9702347 201.5 34.5 21 7
9702348 201.5 34.5 21.5 7
9717669 202 32 21 7
9717670 202 32 21.5 7
9717716 202 32.5 21 7
9717717 202 32.5 21.5 7
9717763 202 33 21 7
9717764 202 33 21.5 7
9717810 202 33.5 21 7
9717811 202 33.5 21.5 7
9717857 202 34 21 7
9717858 202 34 21.5 7
9717904 202 34.5 21 7
9717905 202 34.5 21.5 7
9733179 202.5 31.5 21 7
9733180 202.5 31.5 21.5 7
9733226 202.5 32 21 7
9733227 202.5 32 21.5 7
9733273 202.5 32.5 21 7
9733274 202.5 32.5 21.5 7
9733320 202.5 33 21 7
9733321 202.5 33 21.5 7
9733367 202.5 33.5 21 7
9733368 202.5 33.5 21.5 7
9733414 202.5 34 21 7
9733415 202.5 34 21.5 7
9748642 203 30.5 21 7
9748643 203 30.5 21.5 7
9748689 203 31 21 7
9748690 203 31 21.5 7
9748736 203 31.5 21 7
9748737 203 31.5 21.5 7
9748783 203 32 21 7
9748784 203 32 21.5 7
9748830 203 32.5 21 7
9748831 203 32.5 21.5 7
9748877 203 33 21 7
9748878 203 33 21.5 7
9748924 203 33.5 21 7
9748925 203 33.5 21.5 7
9764152 203.5 30 21 7
9764153 203.5 30 21.5 7
9764199 203.5 30.5 21 7
9764200 203.5 30.5 21.5 7
9764246 203.5 31 21 7
9764247 203.5 31 21.5 7
9764293 203.5 31.5 21 7
9764294 203.5 31.5 21.5 7
9764340 203.5 32 21 7
9764341 203.5 32 21.5 7
9764387 203.5 32.5 21 7
9764388 203.5 32.5 21.5 7
9779615 204 29 21 7
9779616 204 29 21.5 7
9779662 204 29.5 21 7
9779663 204 29.5 21.5 7
9779709 204 30 21 7
9779710 204 30 21.5 7
9779756 204 30.5 21 7
9779757 204 30.5 21.5 7
9779803 204 31 21 7
9779804 204 31 21.5 7
9779850 204 31.5 21 7
9779851 204 31.5 21.5 7
9795125 204.5 28.5 21 7
9795126 204.5 28.5 21.5 7
9795172 204.5 29 21 7
9795173 204.5 29 21.5 7
9795219 204.5 29.5 21 7
9795220 204.5 29.5 21.5 7
9795266 204.5 30 21 7
9795267 204.5 30 21.5 7
9795313 204.5 30.5 21 7
9795314 204.5 30.5 21.5 7
9795360 204.5 31 21 7
9795361 204.5 31 21.5 7
9810588 205 27.5 21 7
9810589 205 27.5 21.5 7
9810635 205 28 21 7
9810636 205 28 21.5 7
9810682 205 28.5 21 7
9810683 205 28.5 21.5 7
9810729 205 29 21 7
9810730 205 29 21.5 7
9810776 205 29.5 21 7
9810777 205 29.5 21.5 7
9810823 205 30 21 7
9810824 205 30 21.5 7
9826098 205.5 27 21 7
9826099 205.5 27 21.5 7
9826145 205.5 27.5 21 7
9826146 205.5 27.5 21.5 7
9826192 205.5 28 21 7
9826193 205.5 28 21.5 7
9826239 205.5 28.5 21 7
9826240 205.5 28.5 21.5 7
9826286 205.5 29 21 7
9826287 205.5 29 21.5 7
9826333 205.5 29.5 21 7
9826334 205.5 29.5 21.5 7
9841561 206 26 21 7
9841562 206 26 21.5 7
9841608 206 26.5 21 7
9841609 206 26.5 21.5 7
9841655 206 27 21 7
9841656 206 27 21.5 7
9841702 206 27.5 21 7
9841703 206 27.5 21.5 7
9841749 206 28 21 7
9841750 206 28 21.5 7
9841796 206 28.5 21 7
9841797 206 28.5 21.5 7
9857071 206.5 25.5 21 7
9857072 206.5 25.5 21.5 7
9857118 206.5 26 21 7
9857119 206.5 26 21.5 7
9857165 206.5 26.5 21 7
9857166 206.5 26.5 21.5 7
9857212 206.5 27 21 7
9857213 206.5 27 21.5 7
9857259 206.5 27.5 21 7
9857260 206.5 27.5 21.5 7
9857306 206.5 28 21 7
9857307 206.5 28 21.5 7
9872534 207 24.5 21 7
9872535 207 24.5 21.5 7
9872581 207 25 21 7
9872582 207 25 21.5 7
9872628 207 25.5 21 7
9872629 207 25.5 21.5 7
9872675 207 26 21 7
9872676 207 26 21.5 7
9872722 207 26.5 21 7
9872723 207 26.5 21.5 7
9872769 207 27 21 7
9872770 207 27 21.5 7
9887997 207.5 23.5 21 7
9887998 207.5 23.5 21.5 7
9888044 207.5 24 21 7
9888045 207.5 24 21.5 7
9888091 207.5 24.5 21 7
9888092 207.5 24.5 21.5 7
9888138 207.5 25 21 7
9888139 207.5 25 21.5 7
9888185 207.5 25.5 21 7
9888186 207.5 25.5 21.5 7
9888232 207.5 26 21 7
9888233 207.5 26 21.5 7
9888279 207.5 26.5 21 7
9888280 207.5 26.5 21.5 7
9903507 208 23 21 7
9903508 208 23 21.5 7
9903554 208 23.5 21 7
9903555 208 23.5 21.5 7
9903601 208 24 21 7
9903602 208 24 21.5 7
9903648 208 24.5 21 7
9903649 208 24.5 21.5 7
9903695 208 25 21 7
9903696 208 25 21.5 7
9903742 208 25.5 21 7
9903743 208 25.5 21.5 7
9918970 208.5 22 21 7
9918971 208.5 22 21.5 7
9919017 208.5 22.5 21 7
9919018 208.5 22.5 21.5 7
9919064 208.5 23 21 7
9919065 208.5 23 21.5 7
9919111 208.5 23.5 21 7
9919112 208.5 23.5 21.5 7
9919158 208.5 24 21 7
9919159 208.5 24 21.5 7
9919205 208.5 24.5 21 7
9919206 208.5 24.5 21.5 7
9919252 208.5 25 21 7
9919253 208.5 25 21.5 7
9934480 209 21.5 21 7
9934481 209 21.5 21.5 7
9934527 209 22 21 7
9934528 209 22 21.5 7
9934574 209 22.5 21 7
9934575 209 22.5 21.5 7
9934621 209 23 21 7
9934622 209 23 21.5 7
9934668 209 23.5 21 7
9934669 209 23.5 21.5 7
9934715 209 24 21 7
9934716 209 24 21.5 7
9949943 209.5 20.5 21 7
9949944 209.5 20.5 21.5 7
9949990 209.5 21 21 7
9949991 209.5 21 21.5 7
9950037 209.5 21.5 21 7
9950038 209.5 21.5 21.5 7
9950084 209.5 22 21 7
9950085 209.5 22 21.5 7
9950131 209.5 22.5 21 7
9950132 209.5 22.5 21.5 7
9950178 209.5 23 21 7
9950179 209.5 23 21.5 7
9965453 210 20 21 7
9965454 210 20 21.5 7
9965500 210 20.5 21 7
9965501 210 20.5 21.5 7
9965547 210 21 21 7
9965548 210 21 21.5 7
9965594 210 21.5 21 7
9965595 210 21.5 21.5 7
9965641 210 22 21 7
9965642 210 22 21.5 7
9965688 210 22.5 21 7
9965689 210 22.5 21.5 7
9980916 210.5 19 21 7
9980917 210.5 19 21.5 7
9980963 210.5 19.5 21 7
9980964 210.5 19.5 21.5 7
9981010 210.5 20 21 7
9981011 210.5 20 21.5 7
9981057 210.5 20.5 21 7
9981058 210.5 20.5 21.5 7
9981104 210.5 21 21 7
9981105 210.5 21 21.5 7
9981151 210.5 21.5 21 7
9981152 210.5 21.5 21.5 7
9996426 211 18.5 21 7
9996427 211 18.5 21.5 7
9996473 211 19 21 7
9996474 211 19 21.5 7
9996520 211 19.5 21 7
9996521 211 19.5 21.5 7
9996567 211 20 21 7
9996568 211 20 21.5 7
9996614 211 20.5 21 7
9996615 211 20.5 21.5 7
9996661 211 21 21 7
9996662 211 21 21.5 7
10011889 211.5 17.5 21 7
10011890 211.5 17.5 21.5 7
10011936 211.5 18 21 7
10011937 211.5 18 21.5 7
10011983 211.5 18.5 21 7
10011984 211.5 18.5 21.5 7
10012030 211.5 19 21 7
10012031 211.5 19 21.5 7
10012077 211.5 19.5 21 7
10012078 211.5 19.5 21.5 7
10012124 211.5 20 21 7
10012125 211.5 20 21.5 7
10027352 212 16.5 21 7
10027353 212 16.5 21.5 7
10027399 212 17 21 7
10027400 212 17 21.5 7
10027446 212 17.5 21 7
10027447 212 17.5 21.5 7
10027493 212 18 21 7
10027494 212 18 21.5 7
10027540 212 18.5 21 7
10027541 212 18.5 21.5 7
10027587 212 19 21 7
10027588 212 19 21.5 7
10027634 212 19.5 21 7
10027635 212 19.5 21.5 7
10042862 212.5 16 21 7
10042863 212.5 16 21.5 7
10042909 212.5 16.5 21 7
10042910 212.5 16.5 21.5 7
10042956 212.5 17 21 7
10042957 212.5 17 21.5 7
10043003 212.5 17.5 21 7
10043004 212.5 17.5 21.5 7
10043050 212.5 18 21 7
10043051 212.5 18 21.5 7
10043097 212.5 18.5 21 7
10043098 212.5 18.5 21.5 7
10058325 213 15 21 7
10058326 213 15 21.5 7
10058372 213 15.5 21 7
10058373 213 15.5 21.5 7
10058419 213 16 21 7
10058420 213 16 21.5 7
10058466 213 16.5 21 7
10058467 213 16.5 21.5 7
10058513 213 17 21 7
10058514 213 17 21.5 7
10058560 213 17.5 21 7
10058561 213 17.5 21.5 7
10058607 213 18 21 7
10058608 213 18 21.5 7
10073835 213.5 14.5 21 7
10073836 213.5 14.5 21.5 7
10073882 213.5 15 21 7
10073883 213.5 15 21.5 7
10073929 213.5 15.5 21 7
10073930 213.5 15.5 21.5 7
10073976 213.5 16 21 7
10073977 213.5 16 21.5 7
10074023 213.5 16.5 21 7
10074024 213.5 16.5 21.5 7
10074070 213.5 17 21 7
10074071 213.5 17 21.5 7
10089298 214 13.5 21 7
10089299 214 13.5 21.5 7
10089345 214 14 21 7
10089346 214 14 21.5 7
10089392 214 14.5 21 7
10089393 214 14.5 21.5 7
10089439 214 15 21 7
10089440 214 15 21.5 7
10089486 214 15.5 21 7
10089487 214 15.5 21.5 7
10089533 214 16 21 7
10089534 214 16 21.5 7
10104808 214.5 13 21 7
10104809 214.5 13 21.5 7
10104855 214.5 13.5 21 7
10104856 214.5 13.5 21.5 7
10104902 214.5 14 21 7
10104903 214.5 14 21.5 7
10104949 214.5 14.5 21 7
10104950 214.5 14.5 21.5 7
10104996 214.5 15 21 7
10104997 214.5 15 21.5 7
10105043 214.5 15.5 21 7
10105044 214.5 15.5 21.5 7
10120271 215 12 21 7
10120272 215 12 21.5 7
10120318 215 12.5 21 7
10120319 215 12.5 21.5 7
10120365 215 13 21 7
10120366 215 13 21.5 7
10120412 215 13.5 21 7
10120413 215 13.5 21.5 7
10120459 215 14 21 7
10120460 215 14 21.5 7
10120506 215 14.5 21 7
10120507 215 14.5 21.5 7
10135781 215.5 11.5 21 7
10135782 215.5 11.5 21.5 7
10135828 215.5 12 21 7
10135829 215.5 12 21.5 7
10135875 215.5 12.5 21 7
10135876 215.5 12.5 21.5 7
10135922 215.5 13 21 7
10135923 215.5 13 21.5 7
10135969 215.5 13.5 21 7
10135970 215.5 13.5 21.5 7
10136016 215.5 14 21 7
10136017 215.5 14 21.5 7
10151244 216 10.5 21 7
10151245 216 10.5 21.5 7
10151291 216 11 21 7
10151292 216 11 21.5 7
10151338 216 11.5 21 7
10151339 216 11.5 21.5 7
10151385 216 12 21 7
10151386 216 12 21.5 7
10151432 216 12.5 21 7
10151433 216 12.5 21.5 7
10151479 216 13 21 7
10151480 216 13 21.5 7
10166754 216.5 10 21 7
10166755 216.5 10 21.5 7
10166801 216.5 10.5 21 7
10166802 216.5 10.5 21.5 7
10166848 216.5 11 21 7
10166849 216.5 11 21.5 7
10166895 216.5 11.5 21 7
10166896 216.5 11.5 21.5 7
10166942 216.5 12 21 7
10166943 216.5 12 21.5 7
10166989 216.5 12.5 21 7
10166990 216.5 12.5 21.5 7
10182217 217 9 21 7
10182218 217 9 21.5 7
10182264 217 9.5 21 7
10182265 217 9.5 21.5 7
10182311 217 10 21 7
10182312 217 10 21.5 7
10182358 217 10.5 21 7
10182359 217 10.5 21.5 7
10182405 217 11 21 7
10182406 217 11 21.5 7
10182452 217 11.5 21 7
10182453 217 11.5 21.5 7
10197680 217.5 8 21 7
10197681 217.5 8 21.5 7
10197727 217.5 8.5 21 7
10197728 217.5 8.5 21.5 7
10197774 217.5 9 21 7
10197775 217.5 9 21.5 7
10197821 217.5 9.5 21 7
10197822 217.5 9.5 21.5 7
10197868 217.5 10 21 7
10197869 217.5 10 21.5 7
10197915 217.5 10.5 21 7
10197916 217.5 10.5 21.5 7
10197962 217.5 11 21 7
10197963 217.5 11 21.5 7
10213190 218 7.5 21 7
10213191 218 7.5 21.5 7
10213237 218 8 21 7
10213238 218 8 21.5 7
10213284 218 8.5 21 7
10213285 218 8.5 21.5 7
10213331 218 9 21 7
10213332 218 9 21.5 7
10213378 218 9.5 21 7
10213379 218 9.5 21.5 7
10213425 218 10 21 7
10213426 218 10 21.5 7
10228653 218.5 6.5 21 7
10228654 218.5 6.5 21.5 7
10228700 218.5 7 21 7
10228701 218.5 7 21.5 7
10228747 218.5 7.5 21 7
10228748 218.5 7.5 21.5 7
10228794 218.5 8 21 7
10228795 218.5 8 21.5 7
10228841 218.5 8.5 21 7
10228842 218.5 8.5 21.5 7
10228888 218.5 9 21 7
10228889 218.5 9 21.5 7
10228935 218.5 9.5 21 7
10228936 218.5 9.5 21.5 7
10244163 219 6 21 7
10244164 219 6 21.5 7
10244210 219 6.5 21 7
10244211 219 6.5 21.5 7
10244257 219 7 21 7
10244258 219 7 21.5 7
10244304 219 7.5 21 7
10244305 219 7.5 21.5 7
10244351 219 8 21 7
10244352 219 8 21.5 7
10244398 219 8.5 21 7
10244399 219 8.5 21.5 7
10259626 219.5 5 21 7
10259627 219.5 5 21.5 7
10259673 219.5 5.5 21 7
10259674 219.5 5.5 21.5 7
10259720 219.5 6 21 7
10259721 219.5 6 21.5 7
10259767 219.5 6.5 21 7
10259768 219.5 6.5 21.5 7
10259814 219.5 7 21 7
10259815 219.5 7 21.5 7
10259861 219.5 7.5 21 7
10259862 219.5 7.5 21.5 7
10275136 220 4.5 21 7
10275137 220 4.5 21.5 7
10275183 220 5 21 7
10275184 220 5 21.5 7
10275230 220 5.5 21 7
10275231 220 5.5 21.5 7
10275277 220 6 21 7
10275278 220 6 21.5 7
10275324 220 6.5 21 7
10275325 220 6.5 21.5 7
10275371 220 7 21 7
10275372 220 7 21.5 7
10290599 220.5 3.5 21 7
10290600 220.5 3.5 21.5 7
10290646 220.5 4 21 7
10290647 220.5 4 21.5 7
10290693 220.5 4.5 21 7
10290694 220.5 4.5 21.5 7
10290740 220.5 5 21 7
10290741 220.5 5 21.5 7
10290787 220.5 5.5 21 7
10290788 220.5 5.5 21.5 7
10290834 220.5 6 21 7
10290835 220.5 6 21.5 7
10306109 221 3 21 7
10306110 221 3 21.5 7
10306156 221 3.5 21 7
10306157 221 3.5 21.5 7
10306203 221 4 21 7
10306204 221 4 21.5 7
10306250 221 4.5 21 7
10306251 221 4.5 21.5 7
10306297 221 5 21 7
10306298 221 5 21.5 7
10306344 221 5.5 21 7
10306345 221 5.5 21.5 7
10321572 221.5 2 21 7
10321573 221.5 2 21.5 7
10321619 221.5 2.5 21 7
10321620 221.5 2.5 21.5 7
10321666 221.5 3 21 7
10321667 221.5 3 21.5 7
10321713 221.5 3.5 21 7
10321714 221.5 3.5 21.5 7
10321760 221.5 4 21 7
10321761 221.5 4 21.5 7
10321807 221.5 4.5 21 7
10321808 221.5 4.5 21.5 7
10337082 222 1.5 21 7
10337083 222 1.5 21.5 7
10337129 222 2 21 7
10337130 222 2 21.5 7
10337176 222 2.5 21 7
10337177 222 2.5 21.5 7
10337223 222 3 21 7
10337224 222 3 21.5 7
10337270 222 3.5 21 7
10337271 222 3.5 21.5 7
10337317 222 4 21 7
10337318 222 4 21.5 7
10352545 222.5 0.5 21 7
10352546 222.5 0.5 21.5 7
10352592 222.5 1 21 7
10352593 222.5 1 21.5 7
10352639 222.5 1.5 21 7
10352640 222.5 1.5 21.5 7
10352686 222.5 2 21 7
10352687 222.5 2 21.5 7
10352733 222.5 2.5 21 7
10352734 222.5 2.5 21.5 7
10352780 222.5 3 21 7
10352781 222.5 3 21.5 7
10368008 223 -0.5 21 7
10368009 223 -0.5 21.5 7
10368055 223 0 21 7
10368056 223 0 21.5 7
10368102 223 0.5 21 7
10368103 223 0.5 21.5 7
10368149 223 1 21 7
10368150 223 1 21.5 7
10368196 223 1.5 21 7
10368197 223 1.5 21.5 7
10368243 223 2 21 7
10368244 223 2 21.5 7
10368290 223 2.5 21 7
10368291 223 2.5 21.5 7
10383518 223.5 -1 21 7
10383519 223.5 -1 21.5 7
10383565 223.5 -0.5 21 7
10383566 223.5 -0.5 21.5 7
10383612 223.5 0 21 7
10383613 223.5 0 21.5 7
10383659 223.5 0.5 21 7
10383660 223.5 0.5 21.5 7
10383706 223.5 1 21 7
10383707 223.5 1 21.5 7
10383753 223.5 1.5 21 7
10383754 223.5 1.5 21.5 7
10398981 224 -2 21 7
10398982 224 -2 21.5 7
10399028 224 -1.5 21 7
10399029 224 -1.5 21.5 7
10399075 224 -1 21 7
10399076 224 -1 21.5 7
10399122 224 -0.5 21 7
10399123 224 -0.5 21.5 7
10399169 224 0 21 7
10399170 224 0 21.5 7
10399216 224 0.5 21 7
10399217 224 0.5 21.5 7
10399263 224 1 21 7
10399264 224 1 21.5 7
10414491 224.5 -2.5 21 7
10414492 224.5 -2.5 21.5 7
10414538 224.5 -2 21 7
10414539 224.5 -2 21.5 7
10414585 224.5 -1.5 21 7
10414586 224.5 -1.5 21.5 7
10414632 224.5 -1 21 7
10414633 224.5 -1 21.5 7
10414679 224.5 -0.5 21 7
10414680 224.5 -0.5 21.5 7
10414726 224.5 0 21 7
10414727 224.5 0 21.5 7
10429954 225 -3.5 21 7
10429955 225 -3.5 21.5 7
10430001 225 -3 21 7
10430002 225 -3 21.5 7
10430048 225 -2.5 21 7
10430049 225 -2.5 21.5 7
10430095 225 -2 21 7
10430096 225 -2 21.5 7
10430142 225 -1.5 21 7
10430143 225 -1.5 21.5 7
10430189 225 -1 21 7
10430190 225 -1 21.5 7
10445464 225.5 -4 21 7
10445465 225.5 -4 21.5 7
10445511 225.5 -3.5 21 7
10445512 225.5 -3.5 21.5 7
10445558 225.5 -3 21 7
10445559 225.5 -3 21.5 7
10445605 225.5 -2.5 21 7
10445606 225.5 -2.5 21.5 7
10445652 225.5 -2 21 7
10445653 225.5 -2 21.5 7
10445699 225.5 -1.5 21 7
10445700 225.5 -1.5 21.5 7
10460927 226 -5 21 7
10460928 226 -5 21.5 7
10460974 226 -4.5 21 7
10460975 226 -4.5 21.5 7
10461021 226 -4 21 7
10461022 226 -4 21.5 7
10461068 226 -3.5 21 7
10461069 226 -3.5 21.5 7
10461115 226 -3 21 7
10461116 226 -3 21.5 7
10461162 226 -2.5 21 7
10461163 226 -2.5 21.5 7
10476437 226.5 -5.5 21 7
10476438 226.5 -5.5 21.5 7
10476484 226.5 -5 21 7
10476485 226.5 -5 21.5 7
10476531 226.5 -4.5 21 7
10476532 226.5 -4.5 21.5 7
10476578 226.5 -4 21 7
10476579 226.5 -4 21.5 7
10476625 226.5 -3.5 21 7
10476626 226.5 -3.5 21.5 7
10476672 226.5 -3 21 7
10476673 226.5 -3 21.5 7
10491900 227 -6.5 21 7
10491901 227 -6.5 21.5 7
10491947 227 -6 21 7
10491948 227 -6 21.5 7
10491994 227 -5.5 21 7
10491995 227 -5.5 21.5 7
10492041 227 -5 21 7
10492042 227 -5 21.5 7
10492088 227 -4.5 21 7
10492089 227 -4.5 21.5 7
10492135 227 -4 21 7
10492136 227 -4 21.5 7
10507410 227.5 -7 21 7
10507411 227.5 -7 21.5 7
10507457 227.5 -6.5 21 7
10507458 227.5 -6.5 21.5 7
10507504 227.5 -6 21 7
10507505 227.5 -6 21.5 7
10507551 227.5 -5.5 21 7
10507552 227.5 -5.5 21.5 7
10507598 227.5 -5 21 7
10507599 227.5 -5 21.5 7
10507645 227.5 -4.5 21 7
10507646 227.5 -4.5 21.5 7
10522873 228 -8 21 7
10522874 228 -8 21.5 7
10522920 228 -7.5 21 7
10522921 228 -7.5 21.5 7
10522967 228 -7 21 7
10522968 228 -7 21.5 7
10523014 228 -6.5 21 7
10523015 228 -6.5 21.5 7
10523061 228 -6 21 7
10523062 228 -6 21.5 7
10523108 228 -5.5 21 7
10523109 228 -5.5 21.5 7
10538336 228.5 -9 21 7
10538337 228.5 -9 21.5 7
10538383 228.5 -8.5 21 7
10538384 228.5 -8.5 21.5 7
10538430 228.5 -8 21 7
10538431 228.5 -8 21.5 7
10538477 228.5 -7.5 21 7
10538478 228.5 -7.5 21.5 7
10538524 228.5 -7 21 7
10538525 228.5 -7 21.5 7
10538571 228.5 -6.5 21 7
10538572 228.5 -6.5 21.5 7
10538618 228.5 -6 21 7
10538619 228.5 -6 21.5 7
10553846 229 -9.5 21 7
10553847 229 -9.5 21.5 7
10553893 229 -9 21 7
10553894 229 -9 21.5 7
10553940 229 -8.5 21 7
10553941 229 -8.5 21.5 7
10553987 229 -8 21 7
10553988 229 -8 21.5 7
10554034 229 -7.5 21 7
10554035 229 -7.5 21.5 7
10554081 229 -7 21 7
10554082 229 -7 21.5 7
10569309 229.5 -10.5 21 7
10569310 229.5 -10.5 21.5 7
10569356 229.5 -10 21 7
10569357 229.5 -10 21.5 7
10569403 229.5 -9.5 21 7
10569404 229.5 -9.5 21.5 7
10569450 229.5 -9 21 7
10569451 229.5 -9 21.5 7
10569497 229.5 -8.5 21 7
10569498 229.5 -8.5 21.5 7
10569544 229.5 -8 21 7
10569545 229.5 -8 21.5 7
10569591 229.5 -7.5 21 7
10569592 229.5 -7.5 21.5 7
10584819 230 -11 21 7
10584820 230 -11 21.5 7
10584866 230 -10.5 21 7
10584867 230 -10.5 21.5 7
10584913 230 -10 21 7
10584914 230 -10 21.5 7
10584960 230 -9.5 21 7
10584961 230 -9.5 21.5 7
10585007 230 -9 21 7
10585008 230 -9 21.5 7
10585054 230 -8.5 21 7
10585055 230 -8.5 21.5 7
10600282 230.5 -12 21 7
10600283 230.5 -12 21.5 7
10600329 230.5 -11.5 21 7
10600330 230.5 -11.5 21.5 7
10600376 230.5 -11 21 7
10600377 230.5 -11 21.5 7
10600423 230.5 -10.5 21 7
10600424 230.5 -10.5 21.5 7
10600470 230.5 -10 21 7
10600471 230.5 -10 21.5 7
10600517 230.5 -9.5 21 7
10600518 230.5 -9.5 21.5 7
10615792 231 -12.5 21 7
10615793 231 -12.5 21.5 7
10615839 231 -12 21 7
10615840 231 -12 21.5 7
10615886 231 -11.5 21 7
10615887 231 -11.5 21.5 7
10615933 231 -11 21 7
10615934 231 -11 21.5 7
10615980 231 -10.5 21 7
10615981 231 -10.5 21.5 7
10616027 231 -10 21 7
10616028 231 -10 21.5 7
10631255 231.5 -13.5 21 7
10631256 231.5 -13.5 21.5 7
10631302 231.5 -13 21 7
10631303 231.5 -13 21.5 7
10631349 231.5 -12.5 21 7
10631350 231.5 -12.5 21.5 7
10631396 231.5 -12 21 7
10631397 231.5 -12 21.5 7
10631443 231.5 -11.5 21 7
10631444 231.5 -11.5 21.5 7
10631490 231.5 -11 21 7
10631491 231.5 -11 21.5 7
10646765 232 -14 21 7
10646766 232 -14 21.5 7
10646812 232 -13.5 21 7
10646813 232 -13.5 21.5 7
10646859 232 -13 21 7
10646860 232 -13 21.5 7
10646906 232 -12.5 21 7
10646907 232 -12.5 21.5 7
10646953 232 -12 21 7
10646954 232 -12 21.5 7
10647000 232 -11.5 21 7
10647001 232 -11.5 21.5 7
10662228 232.5 -15 21 7
10662229 232.5 -15 21.5 7
10662275 232.5 -14.5 21 7
10662276 232.5 -14.5 21.5 7
10662322 232.5 -14 21 7
10662323 232.5 -14 21.5 7
10662369 232.5 -13.5 21 7
10662370 232.5 -13.5 21.5 7
10662416 232.5 -13 21 7
10662417 232.5 -13 21.5 7
10662463 232.5 -12.5 21 7
10662464 232.5 -12.5 21.5 7
10677738 233 -15.5 21 7
10677739 233 -15.5 21.5 7
10677785 233 -15 21 7
10677786 233 -15 21.5 7
10677832 233 -14.5 21 7
10677833 233 -14.5 21.5 7
10677879 233 -14 21 7
10677880 233 -14 21.5 7
10677926 233 -13.5 21 7
10677927 233 -13.5 21.5 7
10677973 233 -13 21 7
10677974 233 -13 21.5 7
10693201 233.5 -16.5 21 7
10693202 233.5 -16.5 21.5 7
10693248 233.5 -16 21 7
10693249 233.5 -16 21.5 7
10693295 233.5 -15.5 21 7
10693296 233.5 -15.5 21.5 7
10693342 233.5 -15 21 7
10693343 233.5 -15 21.5 7
10693389 233.5 -14.5 21 7
10693390 233.5 -14.5 21.5 7
10693436 233.5 -14 21 7
10693437 233.5 -14 21.5 7
10708664 234 -17.5 21 7
10708665 234 -17.5 21.5 7
10708711 234 -17 21 7
10708712 234 -17 21.5 7
10708758 234 -16.5 21 7
10708759 234 -16.5 21.5 7
10708805 234 -16 21 7
10708806 234 -16 21.5 7
10708852 234 -15.5 21 7
10708853 234 -15.5 21.5 7
10708899 234 -15 21 7
10708900 234 -15 21.5 7
10708946 234 -14.5 21 7
10708947 234 -14.5 21.5 7
10724174 234.5 -18 21 7
10724175 234.5 -18 21.5 7
10724221 234.5 -17.5 21 7
10724222 234.5 -17.5 21.5 7
10724268 234.5 -17 21 7
10724269 234.5 -17 21.5 7
10724315 234.5 -16.5 21 7
10724316 234.5 -16.5 21.5 7
10724362 234.5 -16 21 7
10724363 234.5 -16 21.5 7
10724409 234.5 -15.5 21 7
10724410 234.5 -15.5 21.5 7
10739731 235 -18 21 7
10739732 235 -18 21.5 7
10739778 235 -17.5 21 7
10739779 235 -17.5 21.5 7
10739825 235 -17 21 7
10739826 235 -17 21.5 7
10739872 235 -16.5 21 7
10739873 235 -16.5 21.5 7
10739919 235 -16 21 7
10739920 235 -16 21.5 7
10755288 235.5 -18 21 7
10755289 235.5 -18 21.5 7
10755335 235.5 -17.5 21 7
10755336 235.5 -17.5 21.5 7
10755382 235.5 -17 21 7
10755383 235.5 -17 21.5 7
10770845 236 -18 21 7
10770846 236 -18 21.5 7
