2717254 -23 34.5 21 7
2717255 -23 34.5 21.5 7
2732717 -22.5 33.5 21 7
2732718 -22.5 33.5 21.5 7
2732764 -22.5 34 21 7
2732765 -22.5 34 21.5 7
2732811 -22.5 34.5 21 7
2732812 -22.5 34.5 21.5 7
2748180 -22 32.5 21 7
2748181 -22 32.5 21.5 7
2748227 -22 33 21 7
2748228 -22 33 21.5 7
2748274 -22 33.5 21 7
2748275 -22 33.5 21.5 7
2748321 -22 34 21 7
2748322 -22 34 21.5 7
2748368 -22 34.5 21 7
2748369 -22 34.5 21.5 7
2763690 -21.5 32 21 7
2763691 -21.5 32 21.5 7
2763737 -21.5 32.5 21 7
2763738 -21.5 32.5 21.5 7
2763784 -21.5 33 21 7
2763785 -21.5 33 21.5 7
2763831 -21.5 33.5 21 7
2763832 -21.5 33.5 21.5 7
2763878 -21.5 34 21 7
2763879 -21.5 34 21.5 7
2763925 -21.5 34.5 21 7
2763926 -21.5 34.5 21.5 7
2779153 -21 31 21 7
2779154 -21 31 21.5 7
2779200 -21 31.5 21 7
2779201 -21 31.5 21.5 7
2779247 -21 32 21 7
2779248 -21 32 21.5 7
2779294 -21 32.5 21 7
2779295 -21 32.5 21.5 7
2779341 -21 33 21 7
2779342 -21 33 21.5 7
2779388 -21 33.5 21 7
2779389 -21 33.5 21.5 7
2779435 -21 34 21 7
2779436 -21 34 21.5 7
2794663 -20.5 30.5 21 7
2794664 -20.5 30.5 21.5 7
2794710 -20.5 31 21 7
2794711 -20.5 31 21.5 7
2794757 -20.5 31.5 21 7
2794758 -20.5 31.5 21.5 7
2794804 -20.5 32 21 7
2794805 -20.5 32 21.5 7
2794851 -20.5 32.5 21 7
2794852 -20.5 32.5 21.5 7
2794898 -20.5 33 21 7
2794899 -20.5 33 21.5 7
2810126 -20 29.5 21 7
2810127 -20 29.5 21.5 7
2810173 -20 30 21 7
2810174 -20 30 21.5 7
2810220 -20 30.5 21 7
2810221 -20 30.5 21.5 7
2810267 -20 31 21 7
2810268 -20 31 21.5 7
2810314 -20 31.5 21 7
2810315 -20 31.5 21.5 7
2810361 -20 32 21 7
2810362 -20 32 21.5 7
2825636 -19.5 29 21 7
2825637 -19.5 29 21.5 7
2825683 -19.5 29.5 21 7
2825684 -19.5 29.5 21.5 7
2825730 -19.5 30 21 7
2825731 -19.5 30 21.5 7
2825777 -19.5 30.5 21 7
2825778 -19.5 30.5 21.5 7
2825824 -19.5 31 21 7
2825825 -19.5 31 21.5 7
2825871 -19.5 31.5 21 7
2825872 -19.5 31.5 21.5 7
2841099 -19 28 21 7
2841100 -19 28 21.5 7
2841146 -19 28.5 21 7
2841147 -19 28.5 21.5 7
2841193 -19 29 21 7
2841194 -19 29 21.5 7
2841240 -19 29.5 21 7
2841241 -19 29.5 21.5 7
2841287 -19 30 21 7
2841288 -19 30 21.5 7
2841334 -19 30.5 21 7
2841335 -19 30.5 21.5 7
2856609 -18.5 27.5 21 7
2856610 -18.5 27.5 21.5 7
2856656 -18.5 28 21 7
2856657 -18.5 28 21.5 7
2856703 -18.5 28.5 21 7
2856704 -18.5 28.5 21.5 7
2856750 -18.5 29 21 7
2856751 -18.5 29 21.5 7
2856797 -18.5 29.5 21 7
2856798 -18.5 29.5 21.5 7
2856844 -18.5 30 21 7
2856845 -18.5 30 21.5 7
2872072 -18 26.5 21 7
2872073 -18 26.5 21.5 7
2872119 -18 27 21 7
2872120 -18 27 21.5 7
2872166 -18 27.5 21 7
2872167 -18 27.5 21.5 7
2872213 -18 28 21 7
2872214 -18 28 21.5 7
2872260 -18 28.5 21 7
2872261 -18 28.5 21.5 7
2872307 -18 29 21 7
2872308 -18 29 21.5 7
2887582 -17.5 26 21 7
2887583 -17.5 26 21.5 7
2887629 -17.5 26.5 21 7
2887630 -17.5 26.5 21.5 7
2887676 -17.5 27 21 7
2887677 -17.5 27 21.5 7
2887723 -17.5 27.5 21 7
2887724 -17.5 27.5 21.5 7
2887770 -17.5 28 21 7
2887771 -17.5 28 21.5 7
2887817 -17.5 28.5 21 7
2887818 -17.5 28.5 21.5 7
2903045 -17 25 21 7
2903046 -17 25 21.5 7
2903092 -17 25.5 21 7
2903093 -17 25.5 21.5 7
2903139 -17 26 21 7
2903140 -17 26 21.5 7
2903186 -17 26.5 21 7
2903187 -17 26.5 21.5 7
2903233 -17 27 21 7
2903234 -17 27 21.5 7
2903280 -17 27.5 21 7
2903281 -17 27.5 21.5 7
2918508 -16.5 24 21 7
2918509 -16.5 24 21.5 7
2918555 -16.5 24.5 21 7
2918556 -16.5 24.5 21.5 7
2918602 -16.5 25 21 7
2918603 -16.5 25 21.5 7
2918649 -16.5 25.5 21 7
2918650 -16.5 25.5 21.5 7
2918696 -16.5 26 21 7
2918697 -16.5 26 21.5 7
2918743 -16.5 26.5 21 7
2918744 -16.5 26.5 21.5 7
2918790 -16.5 27 21 7
2918791 -16.5 27 21.5 7
2934018 -16 23.5 21 7
2934019 -16 23.5 21.5 7
2934065 -16 24 21 7
2934066 -16 24 21.5 7
2934112 -16 24.5 21 7
2934113 -16 24.5 21.5 7
2934159 -16 25 21 7
2934160 -16 25 21.5 7
2934206 -16 25.5 21 7
2934207 -16 25.5 21.5 7
2934253 -16 26 21 7
2934254 -16 26 21.5 7
2949481 -15.5 22.5 21 7
2949482 -15.5 22.5 21.5 7
2949528 -15.5 23 21 7
2949529 -15.5 23 21.5 7
2949575 -15.5 23.5 21 7
2949576 -15.5 23.5 21.5 7
2949622 -15.5 24 21 7
2949623 -15.5 24 21.5 7
2949669 -15.5 24.5 21 7
2949670 -15.5 24.5 21.5 7
2949716 -15.5 25 21 7
2949717 -15.5 25 21.5 7
2949763 -15.5 25.5 21 7
2949764 -15.5 25.5 21.5 7
2964991 -15 22 21 7
2964992 -15 22 21.5 7
2965038 -15 22.5 21 7
2965039 -15 22.5 21.5 7
2965085 -15 23 21 7
2965086 -15 23 21.5 7
2965132 -15 23.5 21 7
2965133 -15 23.5 21.5 7
2965179 -15 24 21 7
2965180 -15 24 21.5 7
2965226 -15 24.5 21 7
2965227 -15 24.5 21.5 7
2980454 -14.5 21 21 7
2980455 -14.5 21 21.5 7
2980501 -14.5 21.5 21 7
2980502 -14.5 21.5 21.5 7
2980548 -14.5 22 21 7
2980549 -14.5 22 21.5 7
2980595 -14.5 22.5 21 7
2980596 -14.5 22.5 21.5 7
2980642 -14.5 23 21 7
2980643 -14.5 23 21.5 7
2980689 -14.5 23.5 21 7
2980690 -14.5 23.5 21.5 7
2995964 -14 20.5 21 7
2995965 -14 20.5 21.5 7
2996011 -14 21 21 7
2996012 -14 21 21.5 7
2996058 -14 21.5 21 7
2996059 -14 21.5 21.5 7
2996105 -14 22 21 7
2996106 -14 22 21.5 7
2996152 -14 22.5 21 7
2996153 -14 22.5 21.5 7
2996199 -14 23 21 7
2996200 -14 23 21.5 7
3011427 -13.5 19.5 21 7
3011428 -13.5 19.5 21.5 7
3011474 -13.5 20 21 7
3011475 -13.5 20 21.5 7
3011521 -13.5 20.5 21 7
3011522 -13.5 20.5 21.5 7
3011568 -13.5 21 21 7
3011569 -13.5 21 21.5 7
3011615 -13.5 21.5 21 7
3011616 -13.5 21.5 21.5 7
3011662 -13.5 22 21 7
3011663 -13.5 22 21.5 7
3026937 -13 19 21 7
3026938 -13 19 21.5 7
3026984 -13 19.5 21 7
3026985 -13 19.5 21.5 7
3027031 -13 20 21 7
3027032 -13 20 21.5 7
3027078 -13 20.5 21 7
3027079 -13 20.5 21.5 7
3027125 -13 21 21 7
3027126 -13 21 21.5 7
3027172 -13 21.5 21 7
3027173 -13 21.5 21.5 7
3042400 -12.5 18 21 7
3042401 -12.5 18 21.5 7
3042447 -12.5 18.5 21 7
3042448 -12.5 18.5 21.5 7
3042494 -12.5 19 21 7
3042495 -12.5 19 21.5 7
3042541 -12.5 19.5 21 7
3042542 -12.5 19.5 21.5 7
3042588 -12.5 20 21 7
3042589 -12.5 20 21.5 7
3042635 -12.5 20.5 21 7
3042636 -12.5 20.5 21.5 7
3057910 -12 17.5 21 7
3057911 -12 17.5 21.5 7
3057957 -12 18 21 7
3057958 -12 18 21.5 7
3058004 -12 18.5 21 7
3058005 -12 18.5 21.5 7
3058051 -12 19 21 7
3058052 -12 19 21.5 7
3058098 -12 19.5 21 7
3058099 -12 19.5 21.5 7
3058145 -12 20 21 7
3058146 -12 20 21.5 7
3073373 -11.5 16.5 21 7
3073374 -11.5 16.5 21.5 7
3073420 -11.5 17 21 7
3073421 -11.5 17 21.5 7
3073467 -11.5 17.5 21 7
3073468 -11.5 17.5 21.5 7
3073514 -11.5 18 21 7
3073515 -11.5 18 21.5 7
3073561 -11.5 18.5 21 7
3073562 -11.5 18.5 21.5 7
3073608 -11.5 19 21 7
3073609 -11.5 19 21.5 7
3088836 -11 15.5 21 7
3088837 -11 15.5 21.5 7
3088883 -11 16 21 7
3088884 -11 16 21.5 7
3088930 -11 16.5 21 7
3088931 -11 16.5 21.5 7
3088977 -11 17 21 7
3088978 -11 17 21.5 7
3089024 -11 17.5 21 7
3089025 -11 17.5 21.5 7
3089071 -11 18 21 7
3089072 -11 18 21.5 7
3089118 -11 18.5 21 7
3089119 -11 18.5 21.5 7
3104346 -10.5 15 21 7
3104347 -10.5 15 21.5 7
3104393 -10.5 15.5 21 7
3104394 -10.5 15.5 21.5 7
3104440 -10.5 16 21 7
3104441 -10.5 16 21.5 7
3104487 -10.5 16.5 21 7
3104488 -10.5 16.5 21.5 7
3104534 -10.5 17 21 7
3104535 -10.5 17 21.5 7
3104581 -10.5 17.5 21 7
3104582 -10.5 17.5 21.5 7
3119809 -10 14 21 7
3119810 -10 14 21.5 7
3119856 -10 14.5 21 7
3119857 -10 14.5 21.5 7
3119903 -10 15 21 7
3119904 -10 15 21.5 7
3119950 -10 15.5 21 7
3119951 -10 15.5 21.5 7
3119997 -10 16 21 7
3119998 -10 16 21.5 7
3120044 -10 16.5 21 7
3120045 -10 16.5 21.5 7
3120091 -10 17 21 7
3120092 -10 17 21.5 7
3135319 -9.5 13.5 21 7
3135320 -9.5 13.5 21.5 7
3135366 -9.5 14 21 7
3135367 -9.5 14 21.5 7
3135413 -9.5 14.5 21 7
3135414 -9.5 14.5 21.5 7
3135460 -9.5 15 21 7
3135461 -9.5 15 21.5 7
3135507 -9.5 15.5 21 7
3135508 -9.5 15.5 21.5 7
3135554 -9.5 16 21 7
3135555 -9.5 16 21.5 7
3150782 -9 12.5 21 7
3150783 -9 12.5 21.5 7
3150829 -9 13 21 7
3150830 -9 13 21.5 7
3150876 -9 13.5 21 7
3150877 -9 13.5 21.5 7
3150923 -9 14 21 7
3150924 -9 14 21.5 7
3150970 -9 14.5 21 7
3150971 -9 14.5 21.5 7
3151017 -9 15 21 7
3151018 -9 15 21.5 7
3166292 -8.5 12 21 7
3166293 -8.5 12 21.5 7
3166339 -8.5 12.5 21 7
3166340 -8.5 12.5 21.5 7
3166386 -8.5 13 21 7
3166387 -8.5 13 21.5 7
3166433 -8.5 13.5 21 7
3166434 -8.5 13.5 21.5 7
3166480 -8.5 14 21 7
3166481 -8.5 14 21.5 7
3166527 -8.5 14.5 21 7
3166528 -8.5 14.5 21.5 7
3181755 -8 11 21 7
3181756 -8 11 21.5 7
3181802 -8 11.5 21 7
3181803 -8 11.5 21.5 7
3181849 -8 12 21 7
3181850 -8 12 21.5 7
3181896 -8 12.5 21 7
3181897 -8 12.5 21.5 7
3181943 -8 13 21 7
3181944 -8 13 21.5 7
3181990 -8 13.5 21 7
3181991 -8 13.5 21.5 7
3197265 -7.5 10.5 21 7
3197266 -7.5 10.5 21.5 7
3197312 -7.5 11 21 7
3197313 -7.5 11 21.5 7
3197359 -7.5 11.5 21 7
3197360 -7.5 11.5 21.5 7
3197406 -7.5 12 21 7
3197407 -7.5 12 21.5 7
3197453 -7.5 12.5 21 7
3197454 -7.5 12.5 21.5 7
3197500 -7.5 13 21 7
3197501 -7.5 13 21.5 7
3212728 -7 9.5 21 7
3212729 -7 9.5 21.5 7
3212775 -7 10 21 7
3212776 -7 10 21.5 7
3212822 -7 10.5 21 7
3212823 -7 10.5 21.5 7
3212869 -7 11 21 7
3212870 -7 11 21.5 7
3212916 -7 11.5 21 7
3212917 -7 11.5 21.5 7
3212963 -7 12 21 7
3212964 -7 12 21.5 7
3228238 -6.5 9 21 7
3228239 -6.5 9 21.5 7
3228285 -6.5 9.5 21 7
3228286 -6.5 9.5 21.5 7
3228332 -6.5 10 21 7
3228333 -6.5 10 21.5 7
3228379 -6.5 10.5 21 7
3228380 -6.5 10.5 21.5 7
3228426 -6.5 11 21 7
3228427 -6.5 11 21.5 7
3228473 -6.5 11.5 21 7
3228474 -6.5 11.5 21.5 7
3243701 -6 8 21 7
3243702 -6 8 21.5 7
3243748 -6 8.5 21 7
3243749 -6 8.5 21.5 7
3243795 -6 9 21 7
3243796 -6 9 21.5 7
3243842 -6 9.5 21 7
3243843 -6 9.5 21.5 7
3243889 -6 10 21 7
3243890 -6 10 21.5 7
3243936 -6 10.5 21 7
3243937 -6 10.5 21.5 7
3259164 -5.5 7 21 7
3259165 -5.5 7 21.5 7
3259211 -5.5 7.5 21 7
3259212 -5.5 7.5 21.5 7
3259258 -5.5 8 21 7
3259259 -5.5 8 21.5 7
3259305 -5.5 8.5 21 7
3259306 -5.5 8.5 21.5 7
3259352 -5.5 9 21 7
3259353 -5.5 9 21.5 7
3259399 -5.5 9.5 21 7
3259400 -5.5 9.5 21.5 7
3259446 -5.5 10 21 7
3259447 -5.5 10 21.5 7
3274674 -5 6.5 21 7
3274675 -5 6.5 21.5 7
3274721 -5 7 21 7
3274722 -5 7 21.5 7
3274768 -5 7.5 21 7
3274769 -5 7.5 21.5 7
3274815 -5 8 21 7
3274816 -5 8 21.5 7
3274862 -5 8.5 21 7
3274863 -5 8.5 21.5 7
3274909 -5 9 21 7
3274910 -5 9 21.5 7
3290137 -4.5 5.5 21 7
3290138 -4.5 5.5 21.5 7
3290184 -4.5 6 21 7
3290185 -4.5 6 21.5 7
3290231 -4.5 6.5 21 7
3290232 -4.5 6.5 21.5 7
3290278 -4.5 7 21 7
3290279 -4.5 7 21.5 7
3290325 -4.5 7.5 21 7
3290326 -4.5 7.5 21.5 7
3290372 -4.5 8 21 7
3290373 -4.5 8 21.5 7
3290419 -4.5 8.5 21 7
3290420 -4.5 8.5 21.5 7
3305647 -4 5 21 7
3305648 -4 5 21.5 7
3305694 -4 5.5 21 7
3305695 -4 5.5 21.5 7
3305741 -4 6 21 7
3305742 -4 6 21.5 7
3305788 -4 6.5 21 7
3305789 -4 6.5 21.5 7
3305835 -4 7 21 7
3305836 -4 7 21.5 7
3305882 -4 7.5 21 7
3305883 -4 7.5 21.5 7
3321110 -3.5 4 21 7
3321111 -3.5 4 21.5 7
3321157 -3.5 4.5 21 7
3321158 -3.5 4.5 21.5 7
3321204 -3.5 5 21 7
3321205 -3.5 5 21.5 7
3321251 -3.5 5.5 21 7
3321252 -3.5 5.5 21.5 7
3321298 -3.5 6 21 7
3321299 -3.5 6 21.5 7
3321345 -3.5 6.5 21 7
3321346 -3.5 6.5 21.5 7
3336620 -3 3.5 21 7
3336621 -3 3.5 21.5 7
3336667 -3 4 21 7
3336668 -3 4 21.5 7
3336714 -3 4.5 21 7
3336715 -3 4.5 21.5 7
3336761 -3 5 21 7
3336762 -3 5 21.5 7
3336808 -3 5.5 21 7
3336809 -3 5.5 21.5 7
3336855 -3 6 21 7
3336856 -3 6 21.5 7
3352083 -2.5 2.5 21 7
3352084 -2.5 2.5 21.5 7
3352130 -2.5 3 21 7
3352131 -2.5 3 21.5 7
3352177 -2.5 3.5 21 7
3352178 -2.5 3.5 21.5 7
3352224 -2.5 4 21 7
3352225 -2.5 4 21.5 7
3352271 -2.5 4.5 21 7
3352272 -2.5 4.5 21.5 7
3352318 -2.5 5 21 7
3352319 -2.5 5 21.5 7
3367593 -2 2 21 7
3367594 -2 2 21.5 7
3367640 -2 2.5 21 7
3367641 -2 2.5 21.5 7
3367687 -2 3 21 7
3367688 -2 3 21.5 7
3367734 -2 3.5 21 7
3367735 -2 3.5 21.5 7
3367781 -2 4 21 7
3367782 -2 4 21.5 7
3367828 -2 4.5 21 7
3367829 -2 4.5 21.5 7
3383056 -1.5 1 21 7
3383057 -1.5 1 21.5 7
3383103 -1.5 1.5 21 7
3383104 -1.5 1.5 21.5 7
3383150 -1.5 2 21 7
3383151 -1.5 2 21.5 7
3383197 -1.5 2.5 21 7
3383198 -1.5 2.5 21.5 7
3383244 -1.5 3 21 7
3383245 -1.5 3 21.5 7
3383291 -1.5 3.5 21 7
3383292 -1.5 3.5 21.5 7
3398566 -1 0.5 21 7
3398567 -1 0.5 21.5 7
3398613 -1 1 21 7
3398614 -1 1 21.5 7
3398660 -1 1.5 21 7
3398661 -1 1.5 21.5 7
3398707 -1 2 21 7
3398708 -1 2 21.5 7
3398754 -1 2.5 21 7
3398755 -1 2.5 21.5 7
3398801 -1 3 21 7
3398802 -1 3 21.5 7
3414029 -0.5 -0.5 21 7
3414030 -0.5 -0.5 21.5 7
3414076 -0.5 0 21 7
3414077 -0.5 0 21.5 7
3414123 -0.5 0.5 21 7
3414124 -0.5 0.5 21.5 7
3414170 -0.5 1 21 7
3414171 -0.5 1 21.5 7
3414217 -0.5 1.5 21 7
3414218 -0.5 1.5 21.5 7
3414264 -0.5 2 21 7
3414265 -0.5 2 21.5 7
3429492 0 -1.5 21 7
3429493 0 -1.5 21.5 7
3429539 0 -1 21 7
3429540 0 -1 21.5 7
3429586 0 -0.5 21 7
3429587 0 -0.5 21.5 7
3429633 0 0 21 7
3429634 0 0 21.5 7
3429680 0 0.5 21 7
3429681 0 0.5 21.5 7
3429727 0 1 21 7
3429728 0 1 21.5 7
3429774 0 1.5 21 7
3429775 0 1.5 21.5 7
3445002 0.5 -2 21 7
3445003 0.5 -2 21.5 7
3445049 0.5 -1.5 21 7
3445050 0.5 -1.5 21.5 7
3445096 0.5 -1 21 7
3445097 0.5 -1 21.5 7
3445143 0.5 -0.5 21 7
3445144 0.5 -0.5 21.5 7
3445190 0.5 0 21 7
3445191 0.5 0 21.5 7
3445237 0.5 0.5 21 7
3445238 0.5 0.5 21.5 7
3460465 1 -3 21 7
3460466 1 -3 21.5 7
3460512 1 -2.5 21 7
3460513 1 -2.5 21.5 7
3460559 1 -2 21 7
3460560 1 -2 21.5 7
3460606 1 -1.5 21 7
3460607 1 -1.5 21.5 7
3460653 1 -1 21 7
3460654 1 -1 21.5 7
3460700 1 -0.5 21 7
3460701 1 -0.5 21.5 7
3460747 1 0 21 7
3460748 1 0 21.5 7
3475975 1.5 -3.5 21 7
3475976 1.5 -3.5 21.5 7
3476022 1.5 -3 21 7
3476023 1.5 -3 21.5 7
3476069 1.5 -2.5 21 7
3476070 1.5 -2.5 21.5 7
3476116 1.5 -2 21 7
3476117 1.5 -2 21.5 7
3476163 1.5 -1.5 21 7
3476164 1.5 -1.5 21.5 7
3476210 1.5 -1 21 7
3476211 1.5 -1 21.5 7
3491438 2 -4.5 21 7
3491439 2 -4.5 21.5 7
3491485 2 -4 21 7
3491486 2 -4 21.5 7
3491532 2 -3.5 21 7
3491533 2 -3.5 21.5 7
3491579 2 -3 21 7
3491580 2 -3 21.5 7
3491626 2 -2.5 21 7
3491627 2 -2.5 21.5 7
3491673 2 -2 21 7
3491674 2 -2 21.5 7
3506948 2.5 -5 21 7
3506949 2.5 -5 21.5 7
3506995 2.5 -4.5 21 7
3506996 2.5 -4.5 21.5 7
3507042 2.5 -4 21 7
3507043 2.5 -4 21.5 7
3507089 2.5 -3.5 21 7
3507090 2.5 -3.5 21.5 7
3507136 2.5 -3 21 7
3507137 2.5 -3 21.5 7
3507183 2.5 -2.5 21 7
3507184 2.5 -2.5 21.5 7
3522411 3 -6 21 7
3522412 3 -6 21.5 7
3522458 3 -5.5 21 7
3522459 3 -5.5 21.5 7
3522505 3 -5 21 7
3522506 3 -5 21.5 7
3522552 3 -4.5 21 7
3522553 3 -4.5 21.5 7
3522599 3 -4 21 7
3522600 3 -4 21.5 7
3522646 3 -3.5 21 7
3522647 3 -3.5 21.5 7
3537921 3.5 -6.5 21 7
3537922 3.5 -6.5 21.5 7
3537968 3.5 -6 21 7
3537969 3.5 -6 21.5 7
3538015 3.5 -5.5 21 7
3538016 3.5 -5.5 21.5 7
3538062 3.5 -5 21 7
3538063 3.5 -5 21.5 7
3538109 3.5 -4.5 21 7
3538110 3.5 -4.5 21.5 7
3538156 3.5 -4 21 7
3538157 3.5 -4 21.5 7
3553384 4 -7.5 21 7
3553385 4 -7.5 21.5 7
3553431 4 -7 21 7
3553432 4 -7 21.5 7
3553478 4 -6.5 21 7
3553479 4 -6.5 21.5 7
3553525 4 -6 21 7
3553526 4 -6 21.5 7
3553572 4 -5.5 21 7
3553573 4 -5.5 21.5 7
3553619 4 -5 21 7
3553620 4 -5 21.5 7
3568847 4.5 -8.5 21 7
3568848 4.5 -8.5 21.5 7
3568894 4.5 -8 21 7
3568895 4.5 -8 21.5 7
3568941 4.5 -7.5 21 7
3568942 4.5 -7.5 21.5 7
3568988 4.5 -7 21 7
3568989 4.5 -7 21.5 7
3569035 4.5 -6.5 21 7
3569036 4.5 -6.5 21.5 7
3569082 4.5 -6 21 7
3569083 4.5 -6 21.5 7
3569129 4.5 -5.5 21 7
3569130 4.5 -5.5 21.5 7
3584357 5 -9 21 7
3584358 5 -9 21.5 7
3584404 5 -8.5 21 7
3584405 5 -8.5 21.5 7
3584451 5 -8 21 7
3584452 5 -8 21.5 7
3584498 5 -7.5 21 7
3584499 5 -7.5 21.5 7
3584545 5 -7 21 7
3584546 5 -7 21.5 7
3584592 5 -6.5 21 7
3584593 5 -6.5 21.5 7
3599820 5.5 -10 21 7
3599821 5.5 -10 21.5 7
3599867 5.5 -9.5 21 7
3599868 5.5 -9.5 21.5 7
3599914 5.5 -9 21 7
3599915 5.5 -9 21.5 7
3599961 5.5 -8.5 21 7
3599962 5.5 -8.5 21.5 7
3600008 5.5 -8 21 7
3600009 5.5 -8 21.5 7
3600055 5.5 -7.5 21 7
3600056 5.5 -7.5 21.5 7
3600102 5.5 -7 21 7
3600103 5.5 -7 21.5 7
3615330 6 -10.5 21 7
3615331 6 -10.5 21.5 7
3615377 6 -10 21 7
3615378 6 -10 21.5 7
3615424 6 -9.5 21 7
3615425 6 -9.5 21.5 7
3615471 6 -9 21 7
3615472 6 -9 21.5 7
3615518 6 -8.5 21 7
3615519 6 -8.5 21.5 7
3615565 6 -8 21 7
3615566 6 -8 21.5 7
3630793 6.5 -11.5 21 7
3630794 6.5 -11.5 21.5 7
3630840 6.5 -11 21 7
3630841 6.5 -11 21.5 7
3630887 6.5 -10.5 21 7
3630888 6.5 -10.5 21.5 7
3630934 6.5 -10 21 7
3630935 6.5 -10 21.5 7
3630981 6.5 -9.5 21 7
3630982 6.5 -9.5 21.5 7
3631028 6.5 -9 21 7
3631029 6.5 -9 21.5 7
3646303 7 -12 21 7
3646304 7 -12 21.5 7
3646350 7 -11.5 21 7
3646351 7 -11.5 21.5 7
3646397 7 -11 21 7
3646398 7 -11 21.5 7
3646444 7 -10.5 21 7
3646445 7 -10.5 21.5 7
3646491 7 -10 21 7
3646492 7 -10 21.5 7
3646538 7 -9.5 21 7
3646539 7 -9.5 21.5 7
3661766 7.5 -13 21 7
3661767 7.5 -13 21.5 7
3661813 7.5 -12.5 21 7
3661814 7.5 -12.5 21.5 7
3661860 7.5 -12 21 7
3661861 7.5 -12 21.5 7
3661907 7.5 -11.5 21 7
3661908 7.5 -11.5 21.5 7
3661954 7.5 -11 21 7
3661955 7.5 -11 21.5 7
3662001 7.5 -10.5 21 7
3662002 7.5 -10.5 21.5 7
3677276 8 -13.5 21 7
3677277 8 -13.5 21.5 7
3677323 8 -13 21 7
3677324 8 -13 21.5 7
3677370 8 -12.5 21 7
3677371 8 -12.5 21.5 7
3677417 8 -12 21 7
3677418 8 -12 21.5 7
3677464 8 -11.5 21 7
3677465 8 -11.5 21.5 7
3677511 8 -11 21 7
3677512 8 -11 21.5 7
3692739 8.5 -14.5 21 7
3692740 8.5 -14.5 21.5 7
3692786 8.5 -14 21 7
3692787 8.5 -14 21.5 7
3692833 8.5 -13.5 21 7
3692834 8.5 -13.5 21.5 7
3692880 8.5 -13 21 7
3692881 8.5 -13 21.5 7
3692927 8.5 -12.5 21 7
3692928 8.5 -12.5 21.5 7
3692974 8.5 -12 21 7
3692975 8.5 -12 21.5 7
3708249 9 -15 21 7
3708250 9 -15 21.5 7
3708296 9 -14.5 21 7
3708297 9 -14.5 21.5 7
3708343 9 -14 21 7
3708344 9 -14 21.5 7
3708390 9 -13.5 21 7
3708391 9 -13.5 21.5 7
3708437 9 -13 21 7
3708438 9 -13 21.5 7
3708484 9 -12.5 21 7
3708485 9 -12.5 21.5 7
3723712 9.5 -16 21 7
3723713 9.5 -16 21.5 7
3723759 9.5 -15.5 21 7
3723760 9.5 -15.5 21.5 7
3723806 9.5 -15 21 7
3723807 9.5 -15 21.5 7
3723853 9.5 -14.5 21 7
3723854 9.5 -14.5 21.5 7
3723900 9.5 -14 21 7
3723901 9.5 -14 21.5 7
3723947 9.5 -13.5 21 7
3723948 9.5 -13.5 21.5 7
3739175 10 -17 21 7
3739176 10 -17 21.5 7
3739222 10 -16.5 21 7
3739223 10 -16.5 21.5 7
3739269 10 -16 21 7
3739270 10 -16 21.5 7
3739316 10 -15.5 21 7
3739317 10 -15.5 21.5 7
3739363 10 -15 21 7
3739364 10 -15 21.5 7
3739410 10 -14.5 21 7
3739411 10 -14.5 21.5 7
3739457 10 -14 21 7
3739458 10 -14 21.5 7
3754685 10.5 -17.5 21 7
3754686 10.5 -17.5 21.5 7
3754732 10.5 -17 21 7
3754733 10.5 -17 21.5 7
3754779 10.5 -16.5 21 7
3754780 10.5 -16.5 21.5 7
3754826 10.5 -16 21 7
3754827 10.5 -16 21.5 7
3754873 10.5 -15.5 21 7
3754874 10.5 -15.5 21.5 7
3754920 10.5 -15 21 7
3754921 10.5 -15 21.5 7
3770195 11 -18 21 7
3770196 11 -18 21.5 7
3770242 11 -17.5 21 7
3770243 11 -17.5 21.5 7
3770289 11 -17 21 7
3770290 11 -17 21.5 7
3770336 11 -16.5 21 7
3770337 11 -16.5 21.5 7
3770383 11 -16 21 7
3770384 11 -16 21.5 7
3770430 11 -15.5 21 7
3770431 11 -15.5 21.5 7
3785752 11.5 -18 21 7
3785753 11.5 -18 21.5 7
3785799 11.5 -17.5 21 7
3785800 11.5 -17.5 21.5 7
3785846 11.5 -17 21 7
3785847 11.5 -17 21.5 7
3785893 11.5 -16.5 21 7
3785894 11.5 -16.5 21.5 7
3801309 12 -18 21 7
3801310 12 -18 21.5 7
3801356 12 -17.5 21 7
3801357 12 -17.5 21.5 7
3816866 12.5 -18 21 7
3816867 12.5 -18 21.5 7
