8410886 160 32.5 0 13
8410887 160 32.5 0.5 13
8410888 160 32.5 1 13
8410889 160 32.5 1.5 13
8410890 160 32.5 2 13
8410891 160 32.5 2.5 13
8410892 160 32.5 3 13
8410893 160 32.5 3.5 13
8410894 160 32.5 4 13
8410895 160 32.5 4.5 13
8410896 160 32.5 5 13
8410897 160 32.5 5.5 13
8410898 160 32.5 6 13
8410899 160 32.5 6.5 13
8410900 160 32.5 7 13
8410901 160 32.5 7.5 13
8410902 160 32.5 8 13
8410933 160 33 0 13
8410934 160 33 0.5 13
8410935 160 33 1 13
8410936 160 33 1.5 13
8410937 160 33 2 13
8410938 160 33 2.5 13
8410939 160 33 3 13
8410940 160 33 3.5 13
8410941 160 33 4 13
8410942 160 33 4.5 13
8410943 160 33 5 13
8410944 160 33 5.5 13
8410945 160 33 6 13
8410946 160 33 6.5 13
8410947 160 33 7 13
8410948 160 33 7.5 13
8410949 160 33 8 13
8410980 160 33.5 0 13
8410981 160 33.5 0.5 13
8410982 160 33.5 1 13
8410983 160 33.5 1.5 13
8410984 160 33.5 2 13
8410985 160 33.5 2.5 13
8410986 160 33.5 3 13
8410987 160 33.5 3.5 13
8410988 160 33.5 4 13
8410989 160 33.5 4.5 13
8410990 160 33.5 5 13
8410991 160 33.5 5.5 13
8410992 160 33.5 6 13
8410993 160 33.5 6.5 13
8410994 160 33.5 7 13
8410995 160 33.5 7.5 13
8410996 160 33.5 8 13
8411027 160 34 0 13
8411028 160 34 0.5 13
8411029 160 34 1 13
8411030 160 34 1.5 13
8411031 160 34 2 13
8411032 160 34 2.5 13
8411033 160 34 3 13
8411034 160 34 3.5 13
8411035 160 34 4 13
8411036 160 34 4.5 13
8411037 160 34 5 13
8411038 160 34 5.5 13
8411039 160 34 6 13
8411040 160 34 6.5 13
8411041 160 34 7 13
8411042 160 34 7.5 13
8411043 160 34 8 13
8426396 160.5 32 0 13
8426397 160.5 32 0.5 13
8426398 160.5 32 1 13
8426399 160.5 32 1.5 13
8426400 160.5 32 2 13
8426401 160.5 32 2.5 13
8426402 160.5 32 3 13
8426403 160.5 32 3.5 13
8426404 160.5 32 4 13
8426405 160.5 32 4.5 13
8426406 160.5 32 5 13
8426407 160.5 32 5.5 13
8426408 160.5 32 6 13
8426409 160.5 32 6.5 13
8426410 160.5 32 7 13
8426411 160.5 32 7.5 13
8426412 160.5 32 8 13
8426443 160.5 32.5 0 13
8426444 160.5 32.5 0.5 13
8426445 160.5 32.5 1 13
8426446 160.5 32.5 1.5 13
8426447 160.5 32.5 2 13
8426448 160.5 32.5 2.5 13
8426449 160.5 32.5 3 13
8426450 160.5 32.5 3.5 13
8426451 160.5 32.5 4 13
8426452 160.5 32.5 4.5 13
8426453 160.5 32.5 5 13
8426454 160.5 32.5 5.5 13
8426455 160.5 32.5 6 13
8426456 160.5 32.5 6.5 13
8426457 160.5 32.5 7 13
8426458 160.5 32.5 7.5 13
8426459 160.5 32.5 8 13
8426584 160.5 34 0 13
8426585 160.5 34 0.5 13
8426586 160.5 34 1 13
8426587 160.5 34 1.5 13
8426588 160.5 34 2 13
8426589 160.5 34 2.5 13
8426590 160.5 34 3 13
8426591 160.5 34 3.5 13
8426592 160.5 34 4 13
8426593 160.5 34 4.5 13
8426594 160.5 34 5 13
8426595 160.5 34 5.5 13
8426596 160.5 34 6 13
8426597 160.5 34 6.5 13
8426598 160.5 34 7 13
8426599 160.5 34 7.5 13
8426600 160.5 34 8 13
8426631 160.5 34.5 0 13
8426632 160.5 34.5 0.5 13
8426633 160.5 34.5 1 13
8426634 160.5 34.5 1.5 13
8426635 160.5 34.5 2 13
8426636 160.5 34.5 2.5 13
8426637 160.5 34.5 3 13
8426638 160.5 34.5 3.5 13
8426639 160.5 34.5 4 13
8426640 160.5 34.5 4.5 13
8426641 160.5 34.5 5 13
8426642 160.5 34.5 5.5 13
8426643 160.5 34.5 6 13
8426644 160.5 34.5 6.5 13
8426645 160.5 34.5 7 13
8426646 160.5 34.5 7.5 13
8426647 160.5 34.5 8 13
8441953 161 32 0 13
8441954 161 32 0.5 13
8441955 161 32 1 13
8441956 161 32 1.5 13
8441957 161 32 2 13
8441958 161 32 2.5 13
8441959 161 32 3 13
8441960 161 32 3.5 13
8441961 161 32 4 13
8441962 161 32 4.5 13
8441963 161 32 5 13
8441964 161 32 5.5 13
8441965 161 32 6 13
8441966 161 32 6.5 13
8441967 161 32 7 13
8441968 161 32 7.5 13
8441969 161 32 8 13
8442188 161 34.5 0 13
8442189 161 34.5 0.5 13
8442190 161 34.5 1 13
8442191 161 34.5 1.5 13
8442192 161 34.5 2 13
8442193 161 34.5 2.5 13
8442194 161 34.5 3 13
8442195 161 34.5 3.5 13
8442196 161 34.5 4 13
8442197 161 34.5 4.5 13
8442198 161 34.5 5 13
8442199 161 34.5 5.5 13
8442200 161 34.5 6 13
8442201 161 34.5 6.5 13
8442202 161 34.5 7 13
8442203 161 34.5 7.5 13
8442204 161 34.5 8 13
8457510 161.5 32 0 13
8457511 161.5 32 0.5 13
8457512 161.5 32 1 13
8457513 161.5 32 1.5 13
8457514 161.5 32 2 13
8457515 161.5 32 2.5 13
8457516 161.5 32 3 13
8457517 161.5 32 3.5 13
8457518 161.5 32 4 13
8457519 161.5 32 4.5 13
8457520 161.5 32 5 13
8457521 161.5 32 5.5 13
8457522 161.5 32 6 13
8457523 161.5 32 6.5 13
8457524 161.5 32 7 13
8457525 161.5 32 7.5 13
8457526 161.5 32 8 13
8457745 161.5 34.5 0 13
8457746 161.5 34.5 0.5 13
8457747 161.5 34.5 1 13
8457748 161.5 34.5 1.5 13
8457749 161.5 34.5 2 13
8457750 161.5 34.5 2.5 13
8457751 161.5 34.5 3 13
8457752 161.5 34.5 3.5 13
8457753 161.5 34.5 4 13
8457754 161.5 34.5 4.5 13
8457755 161.5 34.5 5 13
8457756 161.5 34.5 5.5 13
8457757 161.5 34.5 6 13
8457758 161.5 34.5 6.5 13
8457759 161.5 34.5 7 13
8457760 161.5 34.5 7.5 13
8457761 161.5 34.5 8 13
8473067 162 32 0 13
8473068 162 32 0.5 13
8473069 162 32 1 13
8473070 162 32 1.5 13
8473071 162 32 2 13
8473072 162 32 2.5 13
8473073 162 32 3 13
8473074 162 32 3.5 13
8473075 162 32 4 13
8473076 162 32 4.5 13
8473077 162 32 5 13
8473078 162 32 5.5 13
8473079 162 32 6 13
8473080 162 32 6.5 13
8473081 162 32 7 13
8473082 162 32 7.5 13
8473083 162 32 8 13
8473114 162 32.5 0 13
8473115 162 32.5 0.5 13
8473116 162 32.5 1 13
8473117 162 32.5 1.5 13
8473118 162 32.5 2 13
8473119 162 32.5 2.5 13
8473120 162 32.5 3 13
8473121 162 32.5 3.5 13
8473122 162 32.5 4 13
8473123 162 32.5 4.5 13
8473124 162 32.5 5 13
8473125 162 32.5 5.5 13
8473126 162 32.5 6 13
8473127 162 32.5 6.5 13
8473128 162 32.5 7 13
8473129 162 32.5 7.5 13
8473130 162 32.5 8 13
8473255 162 34 0 13
8473256 162 34 0.5 13
8473257 162 34 1 13
8473258 162 34 1.5 13
8473259 162 34 2 13
8473260 162 34 2.5 13
8473261 162 34 3 13
8473262 162 34 3.5 13
8473263 162 34 4 13
8473264 162 34 4.5 13
8473265 162 34 5 13
8473266 162 34 5.5 13
8473267 162 34 6 13
8473268 162 34 6.5 13
8473269 162 34 7 13
8473270 162 34 7.5 13
8473271 162 34 8 13
8488671 162.5 32.5 0 13
8488672 162.5 32.5 0.5 13
8488673 162.5 32.5 1 13
8488674 162.5 32.5 1.5 13
8488675 162.5 32.5 2 13
8488676 162.5 32.5 2.5 13
8488677 162.5 32.5 3 13
8488678 162.5 32.5 3.5 13
8488679 162.5 32.5 4 13
8488680 162.5 32.5 4.5 13
8488681 162.5 32.5 5 13
8488682 162.5 32.5 5.5 13
8488683 162.5 32.5 6 13
8488684 162.5 32.5 6.5 13
8488685 162.5 32.5 7 13
8488686 162.5 32.5 7.5 13
8488687 162.5 32.5 8 13
8488718 162.5 33 0 13
8488719 162.5 33 0.5 13
8488720 162.5 33 1 13
8488721 162.5 33 1.5 13
8488722 162.5 33 2 13
8488723 162.5 33 2.5 13
8488724 162.5 33 3 13
8488725 162.5 33 3.5 13
8488726 162.5 33 4 13
8488727 162.5 33 4.5 13
8488728 162.5 33 5 13
8488729 162.5 33 5.5 13
8488730 162.5 33 6 13
8488731 162.5 33 6.5 13
8488732 162.5 33 7 13
8488733 162.5 33 7.5 13
8488734 162.5 33 8 13
8488765 162.5 33.5 0 13
8488766 162.5 33.5 0.5 13
8488767 162.5 33.5 1 13
8488768 162.5 33.5 1.5 13
8488769 162.5 33.5 2 13
8488770 162.5 33.5 2.5 13
8488771 162.5 33.5 3 13
8488772 162.5 33.5 3.5 13
8488773 162.5 33.5 4 13
8488774 162.5 33.5 4.5 13
8488775 162.5 33.5 5 13
8488776 162.5 33.5 5.5 13
8488777 162.5 33.5 6 13
8488778 162.5 33.5 6.5 13
8488779 162.5 33.5 7 13
8488780 162.5 33.5 7.5 13
8488781 162.5 33.5 8 13
