9401928 192 -16.5 0 13
9401929 192 -16.5 0.5 13
9401930 192 -16.5 1 13
9401931 192 -16.5 1.5 13
9401932 192 -16.5 2 13
9401933 192 -16.5 2.5 13
9401934 192 -16.5 3 13
9401935 192 -16.5 3.5 13
9401936 192 -16.5 4 13
9401937 192 -16.5 4.5 13
9401938 192 -16.5 5 13
9401939 192 -16.5 5.5 13
9401940 192 -16.5 6 13
9401941 192 -16.5 6.5 13
9401942 192 -16.5 7 13
9401943 192 -16.5 7.5 13
9401944 192 -16.5 8 13
9417391 192.5 -17.5 0 13
9417392 192.5 -17.5 0.5 13
9417393 192.5 -17.5 1 13
9417394 192.5 -17.5 1.5 13
9417395 192.5 -17.5 2 13
9417396 192.5 -17.5 2.5 13
9417397 192.5 -17.5 3 13
9417398 192.5 -17.5 3.5 13
9417399 192.5 -17.5 4 13
9417400 192.5 -17.5 4.5 13
9417401 192.5 -17.5 5 13
9417402 192.5 -17.5 5.5 13
9417403 192.5 -17.5 6 13
9417404 192.5 -17.5 6.5 13
9417405 192.5 -17.5 7 13
9417406 192.5 -17.5 7.5 13
9417407 192.5 -17.5 8 13
9417438 192.5 -17 0 13
9417439 192.5 -17 0.5 13
9417440 192.5 -17 1 13
9417441 192.5 -17 1.5 13
9417442 192.5 -17 2 13
9417443 192.5 -17 2.5 13
9417444 192.5 -17 3 13
9417445 192.5 -17 3.5 13
9417446 192.5 -17 4 13
9417447 192.5 -17 4.5 13
9417448 192.5 -17 5 13
9417449 192.5 -17 5.5 13
9417450 192.5 -17 6 13
9417451 192.5 -17 6.5 13
9417452 192.5 -17 7 13
9417453 192.5 -17 7.5 13
9417454 192.5 -17 8 13
9417532 192.5 -16 0 13
9417533 192.5 -16 0.5 13
9417534 192.5 -16 1 13
9417535 192.5 -16 1.5 13
9417536 192.5 -16 2 13
9417537 192.5 -16 2.5 13
9417538 192.5 -16 3 13
9417539 192.5 -16 3.5 13
9417540 192.5 -16 4 13
9417541 192.5 -16 4.5 13
9417542 192.5 -16 5 13
9417543 192.5 -16 5.5 13
9417544 192.5 -16 6 13
9417545 192.5 -16 6.5 13
9417546 192.5 -16 7 13
9417547 192.5 -16 7.5 13
9417548 192.5 -16 8 13
9432901 193 -18 0 13
9432902 193 -18 0.5 13
9432903 193 -18 1 13
9432904 193 -18 1.5 13
9432905 193 -18 2 13
9432906 193 -18 2.5 13
9432907 193 -18 3 13
9432908 193 -18 3.5 13
9432909 193 -18 4 13
9432910 193 -18 4.5 13
9432911 193 -18 5 13
9432912 193 -18 5.5 13
9432913 193 -18 6 13
9432914 193 -18 6.5 13
9432915 193 -18 7 13
9432916 193 -18 7.5 13
9432917 193 -18 8 13
9433136 193 -15.5 0 13
9433137 193 -15.5 0.5 13
9433138 193 -15.5 1 13
9433139 193 -15.5 1.5 13
9433140 193 -15.5 2 13
9433141 193 -15.5 2.5 13
9433142 193 -15.5 3 13
9433143 193 -15.5 3.5 13
9433144 193 -15.5 4 13
9433145 193 -15.5 4.5 13
9433146 193 -15.5 5 13
9433147 193 -15.5 5.5 13
9433148 193 -15.5 6 13
9433149 193 -15.5 6.5 13
9433150 193 -15.5 7 13
9433151 193 -15.5 7.5 13
9433152 193 -15.5 8 13
9448458 193.5 -18 0 13
9448459 193.5 -18 0.5 13
9448460 193.5 -18 1 13
9448461 193.5 -18 1.5 13
9448462 193.5 -18 2 13
9448463 193.5 -18 2.5 13
9448464 193.5 -18 3 13
9448465 193.5 -18 3.5 13
9448466 193.5 -18 4 13
9448467 193.5 -18 4.5 13
9448468 193.5 -18 5 13
9448469 193.5 -18 5.5 13
9448470 193.5 -18 6 13
9448471 193.5 -18 6.5 13
9448472 193.5 -18 7 13
9448473 193.5 -18 7.5 13
9448474 193.5 -18 8 13
9448693 193.5 -15.5 0 13
9448694 193.5 -15.5 0.5 13
9448695 193.5 -15.5 1 13
9448696 193.5 -15.5 1.5 13
9448697 193.5 -15.5 2 13
9448698 193.5 -15.5 2.5 13
9448699 193.5 -15.5 3 13
9448700 193.5 -15.5 3.5 13
9448701 193.5 -15.5 4 13
9448702 193.5 -15.5 4.5 13
9448703 193.5 -15.5 5 13
9448704 193.5 -15.5 5.5 13
9448705 193.5 -15.5 6 13
9448706 193.5 -15.5 6.5 13
9448707 193.5 -15.5 7 13
9448708 193.5 -15.5 7.5 13
9448709 193.5 -15.5 8 13
9464015 194 -18 0 13
9464016 194 -18 0.5 13
9464017 194 -18 1 13
9464018 194 -18 1.5 13
9464019 194 -18 2 13
9464020 194 -18 2.5 13
9464021 194 -18 3 13
9464022 194 -18 3.5 13
9464023 194 -18 4 13
9464024 194 -18 4.5 13
9464025 194 -18 5 13
9464026 194 -18 5.5 13
9464027 194 -18 6 13
9464028 194 -18 6.5 13
9464029 194 -18 7 13
9464030 194 -18 7.5 13
9464031 194 -18 8 13
9464250 194 -15.5 0 13
9464251 194 -15.5 0.5 13
9464252 194 -15.5 1 13
9464253 194 -15.5 1.5 13
9464254 194 -15.5 2 13
9464255 194 -15.5 2.5 13
9464256 194 -15.5 3 13
9464257 194 -15.5 3.5 13
9464258 194 -15.5 4 13
9464259 194 -15.5 4.5 13
9464260 194 -15.5 5 13
9464261 194 -15.5 5.5 13
9464262 194 -15.5 6 13
9464263 194 -15.5 6.5 13
9464264 194 -15.5 7 13
9464265 194 -15.5 7.5 13
9464266 194 -15.5 8 13
9479619 194.5 -17.5 0 13
9479620 194.5 -17.5 0.5 13
9479621 194.5 -17.5 1 13
9479622 194.5 -17.5 1.5 13
9479623 194.5 -17.5 2 13
9479624 194.5 -17.5 2.5 13
9479625 194.5 -17.5 3 13
9479626 194.5 -17.5 3.5 13
9479627 194.5 -17.5 4 13
9479628 194.5 -17.5 4.5 13
9479629 194.5 -17.5 5 13
9479630 194.5 -17.5 5.5 13
9479631 194.5 -17.5 6 13
9479632 194.5 -17.5 6.5 13
9479633 194.5 -17.5 7 13
9479634 194.5 -17.5 7.5 13
9479635 194.5 -17.5 8 13
9479666 194.5 -17 0 13
9479667 194.5 -17 0.5 13
9479668 194.5 -17 1 13
9479669 194.5 -17 1.5 13
9479670 194.5 -17 2 13
9479671 194.5 -17 2.5 13
9479672 194.5 -17 3 13
9479673 194.5 -17 3.5 13
9479674 194.5 -17 4 13
9479675 194.5 -17 4.5 13
9479676 194.5 -17 5 13
9479677 194.5 -17 5.5 13
9479678 194.5 -17 6 13
9479679 194.5 -17 6.5 13
9479680 194.5 -17 7 13
9479681 194.5 -17 7.5 13
9479682 194.5 -17 8 13
9479713 194.5 -16.5 0 13
9479714 194.5 -16.5 0.5 13
9479715 194.5 -16.5 1 13
9479716 194.5 -16.5 1.5 13
9479717 194.5 -16.5 2 13
9479718 194.5 -16.5 2.5 13
9479719 194.5 -16.5 3 13
9479720 194.5 -16.5 3.5 13
9479721 194.5 -16.5 4 13
9479722 194.5 -16.5 4.5 13
9479723 194.5 -16.5 5 13
9479724 194.5 -16.5 5.5 13
9479725 194.5 -16.5 6 13
9479726 194.5 -16.5 6.5 13
9479727 194.5 -16.5 7 13
9479728 194.5 -16.5 7.5 13
9479729 194.5 -16.5 8 13
9479760 194.5 -16 0 13
9479761 194.5 -16 0.5 13
9479762 194.5 -16 1 13
9479763 194.5 -16 1.5 13
9479764 194.5 -16 2 13
9479765 194.5 -16 2.5 13
9479766 194.5 -16 3 13
9479767 194.5 -16 3.5 13
9479768 194.5 -16 4 13
9479769 194.5 -16 4.5 13
9479770 194.5 -16 5 13
9479771 194.5 -16 5.5 13
9479772 194.5 -16 6 13
9479773 194.5 -16 6.5 13
9479774 194.5 -16 7 13
9479775 194.5 -16 7.5 13
9479776 194.5 -16 8 13
