4364515 30 16 0 13
4364516 30 16 0.5 13
4364517 30 16 1 13
4364518 30 16 1.5 13
4364519 30 16 2 13
4364520 30 16 2.5 13
4364521 30 16 3 13
4364522 30 16 3.5 13
4364523 30 16 4 13
4364524 30 16 4.5 13
4364525 30 16 5 13
4364526 30 16 5.5 13
4364527 30 16 6 13
4364528 30 16 6.5 13
4364529 30 16 7 13
4364530 30 16 7.5 13
4364531 30 16 8 13
4364562 30 16.5 0 13
4364563 30 16.5 0.5 13
4364564 30 16.5 1 13
4364565 30 16.5 1.5 13
4364566 30 16.5 2 13
4364567 30 16.5 2.5 13
4364568 30 16.5 3 13
4364569 30 16.5 3.5 13
4364570 30 16.5 4 13
4364571 30 16.5 4.5 13
4364572 30 16.5 5 13
4364573 30 16.5 5.5 13
4364574 30 16.5 6 13
4364575 30 16.5 6.5 13
4364576 30 16.5 7 13
4364577 30 16.5 7.5 13
4364578 30 16.5 8 13
4364609 30 17 0 13
4364610 30 17 0.5 13
4364611 30 17 1 13
4364612 30 17 1.5 13
4364613 30 17 2 13
4364614 30 17 2.5 13
4364615 30 17 3 13
4364616 30 17 3.5 13
4364617 30 17 4 13
4364618 30 17 4.5 13
4364619 30 17 5 13
4364620 30 17 5.5 13
4364621 30 17 6 13
4364622 30 17 6.5 13
4364623 30 17 7 13
4364624 30 17 7.5 13
4364625 30 17 8 13
4364656 30 17.5 0 13
4364657 30 17.5 0.5 13
4364658 30 17.5 1 13
4364659 30 17.5 1.5 13
4364660 30 17.5 2 13
4364661 30 17.5 2.5 13
4364662 30 17.5 3 13
4364663 30 17.5 3.5 13
4364664 30 17.5 4 13
4364665 30 17.5 4.5 13
4364666 30 17.5 5 13
4364667 30 17.5 5.5 13
4364668 30 17.5 6 13
4364669 30 17.5 6.5 13
4364670 30 17.5 7 13
4364671 30 17.5 7.5 13
4364672 30 17.5 8 13
4380025 30.5 15.5 0 13
4380026 30.5 15.5 0.5 13
4380027 30.5 15.5 1 13
4380028 30.5 15.5 1.5 13
4380029 30.5 15.5 2 13
4380030 30.5 15.5 2.5 13
4380031 30.5 15.5 3 13
4380032 30.5 15.5 3.5 13
4380033 30.5 15.5 4 13
4380034 30.5 15.5 4.5 13
4380035 30.5 15.5 5 13
4380036 30.5 15.5 5.5 13
4380037 30.5 15.5 6 13
4380038 30.5 15.5 6.5 13
4380039 30.5 15.5 7 13
4380040 30.5 15.5 7.5 13
4380041 30.5 15.5 8 13
4380213 30.5 17.5 0 13
4380214 30.5 17.5 0.5 13
4380215 30.5 17.5 1 13
4380216 30.5 17.5 1.5 13
4380217 30.5 17.5 2 13
4380218 30.5 17.5 2.5 13
4380219 30.5 17.5 3 13
4380220 30.5 17.5 3.5 13
4380221 30.5 17.5 4 13
4380222 30.5 17.5 4.5 13
4380223 30.5 17.5 5 13
4380224 30.5 17.5 5.5 13
4380225 30.5 17.5 6 13
4380226 30.5 17.5 6.5 13
4380227 30.5 17.5 7 13
4380228 30.5 17.5 7.5 13
4380229 30.5 17.5 8 13
4395582 31 15.5 0 13
4395583 31 15.5 0.5 13
4395584 31 15.5 1 13
4395585 31 15.5 1.5 13
4395586 31 15.5 2 13
4395587 31 15.5 2.5 13
4395588 31 15.5 3 13
4395589 31 15.5 3.5 13
4395590 31 15.5 4 13
4395591 31 15.5 4.5 13
4395592 31 15.5 5 13
4395593 31 15.5 5.5 13
4395594 31 15.5 6 13
4395595 31 15.5 6.5 13
4395596 31 15.5 7 13
4395597 31 15.5 7.5 13
4395598 31 15.5 8 13
4395817 31 18 0 13
4395818 31 18 0.5 13
4395819 31 18 1 13
4395820 31 18 1.5 13
4395821 31 18 2 13
4395822 31 18 2.5 13
4395823 31 18 3 13
4395824 31 18 3.5 13
4395825 31 18 4 13
4395826 31 18 4.5 13
4395827 31 18 5 13
4395828 31 18 5.5 13
4395829 31 18 6 13
4395830 31 18 6.5 13
4395831 31 18 7 13
4395832 31 18 7.5 13
4395833 31 18 8 13
4411139 31.5 15.5 0 13
4411140 31.5 15.5 0.5 13
4411141 31.5 15.5 1 13
4411142 31.5 15.5 1.5 13
4411143 31.5 15.5 2 13
4411144 31.5 15.5 2.5 13
4411145 31.5 15.5 3 13
4411146 31.5 15.5 3.5 13
4411147 31.5 15.5 4 13
4411148 31.5 15.5 4.5 13
4411149 31.5 15.5 5 13
4411150 31.5 15.5 5.5 13
4411151 31.5 15.5 6 13
4411152 31.5 15.5 6.5 13
4411153 31.5 15.5 7 13
4411154 31.5 15.5 7.5 13
4411155 31.5 15.5 8 13
4411374 31.5 18 0 13
4411375 31.5 18 0.5 13
4411376 31.5 18 1 13
4411377 31.5 18 1.5 13
4411378 31.5 18 2 13
4411379 31.5 18 2.5 13
4411380 31.5 18 3 13
4411381 31.5 18 3.5 13
4411382 31.5 18 4 13
4411383 31.5 18 4.5 13
4411384 31.5 18 5 13
4411385 31.5 18 5.5 13
4411386 31.5 18 6 13
4411387 31.5 18 6.5 13
4411388 31.5 18 7 13
4411389 31.5 18 7.5 13
4411390 31.5 18 8 13
4426696 32 15.5 0 13
4426697 32 15.5 0.5 13
4426698 32 15.5 1 13
4426699 32 15.5 1.5 13
4426700 32 15.5 2 13
4426701 32 15.5 2.5 13
4426702 32 15.5 3 13
4426703 32 15.5 3.5 13
4426704 32 15.5 4 13
4426705 32 15.5 4.5 13
4426706 32 15.5 5 13
4426707 32 15.5 5.5 13
4426708 32 15.5 6 13
4426709 32 15.5 6.5 13
4426710 32 15.5 7 13
4426711 32 15.5 7.5 13
4426712 32 15.5 8 13
4426743 32 16 0 13
4426744 32 16 0.5 13
4426745 32 16 1 13
4426746 32 16 1.5 13
4426747 32 16 2 13
4426748 32 16 2.5 13
4426749 32 16 3 13
4426750 32 16 3.5 13
4426751 32 16 4 13
4426752 32 16 4.5 13
4426753 32 16 5 13
4426754 32 16 5.5 13
4426755 32 16 6 13
4426756 32 16 6.5 13
4426757 32 16 7 13
4426758 32 16 7.5 13
4426759 32 16 8 13
4426884 32 17.5 0 13
4426885 32 17.5 0.5 13
4426886 32 17.5 1 13
4426887 32 17.5 1.5 13
4426888 32 17.5 2 13
4426889 32 17.5 2.5 13
4426890 32 17.5 3 13
4426891 32 17.5 3.5 13
4426892 32 17.5 4 13
4426893 32 17.5 4.5 13
4426894 32 17.5 5 13
4426895 32 17.5 5.5 13
4426896 32 17.5 6 13
4426897 32 17.5 6.5 13
4426898 32 17.5 7 13
4426899 32 17.5 7.5 13
4426900 32 17.5 8 13
4442300 32.5 16 0 13
4442301 32.5 16 0.5 13
4442302 32.5 16 1 13
4442303 32.5 16 1.5 13
4442304 32.5 16 2 13
4442305 32.5 16 2.5 13
4442306 32.5 16 3 13
4442307 32.5 16 3.5 13
4442308 32.5 16 4 13
4442309 32.5 16 4.5 13
4442310 32.5 16 5 13
4442311 32.5 16 5.5 13
4442312 32.5 16 6 13
4442313 32.5 16 6.5 13
4442314 32.5 16 7 13
4442315 32.5 16 7.5 13
4442316 32.5 16 8 13
4442347 32.5 16.5 0 13
4442348 32.5 16.5 0.5 13
4442349 32.5 16.5 1 13
4442350 32.5 16.5 1.5 13
4442351 32.5 16.5 2 13
4442352 32.5 16.5 2.5 13
4442353 32.5 16.5 3 13
4442354 32.5 16.5 3.5 13
4442355 32.5 16.5 4 13
4442356 32.5 16.5 4.5 13
4442357 32.5 16.5 5 13
4442358 32.5 16.5 5.5 13
4442359 32.5 16.5 6 13
4442360 32.5 16.5 6.5 13
4442361 32.5 16.5 7 13
4442362 32.5 16.5 7.5 13
4442363 32.5 16.5 8 13
4442394 32.5 17 0 13
4442395 32.5 17 0.5 13
4442396 32.5 17 1 13
4442397 32.5 17 1.5 13
4442398 32.5 17 2 13
4442399 32.5 17 2.5 13
4442400 32.5 17 3 13
4442401 32.5 17 3.5 13
4442402 32.5 17 4 13
4442403 32.5 17 4.5 13
4442404 32.5 17 5 13
4442405 32.5 17 5.5 13
4442406 32.5 17 6 13
4442407 32.5 17 6.5 13
4442408 32.5 17 7 13
4442409 32.5 17 7.5 13
4442410 32.5 17 8 13
