8736079 170.5 16.5 0 13
8736080 170.5 16.5 0.5 13
8736081 170.5 16.5 1 13
8736082 170.5 16.5 1.5 13
8736083 170.5 16.5 2 13
8736084 170.5 16.5 2.5 13
8736085 170.5 16.5 3 13
8736086 170.5 16.5 3.5 13
8736087 170.5 16.5 4 13
8736088 170.5 16.5 4.5 13
8736089 170.5 16.5 5 13
8736090 170.5 16.5 5.5 13
8736091 170.5 16.5 6 13
8736092 170.5 16.5 6.5 13
8736093 170.5 16.5 7 13
8736094 170.5 16.5 7.5 13
8736095 170.5 16.5 8 13
8736126 170.5 17 0 13
8736127 170.5 17 0.5 13
8736128 170.5 17 1 13
8736129 170.5 17 1.5 13
8736130 170.5 17 2 13
8736131 170.5 17 2.5 13
8736132 170.5 17 3 13
8736133 170.5 17 3.5 13
8736134 170.5 17 4 13
8736135 170.5 17 4.5 13
8736136 170.5 17 5 13
8736137 170.5 17 5.5 13
8736138 170.5 17 6 13
8736139 170.5 17 6.5 13
8736140 170.5 17 7 13
8736141 170.5 17 7.5 13
8736142 170.5 17 8 13
8751542 171 15.5 0 13
8751543 171 15.5 0.5 13
8751544 171 15.5 1 13
8751545 171 15.5 1.5 13
8751546 171 15.5 2 13
8751547 171 15.5 2.5 13
8751548 171 15.5 3 13
8751549 171 15.5 3.5 13
8751550 171 15.5 4 13
8751551 171 15.5 4.5 13
8751552 171 15.5 5 13
8751553 171 15.5 5.5 13
8751554 171 15.5 6 13
8751555 171 15.5 6.5 13
8751556 171 15.5 7 13
8751557 171 15.5 7.5 13
8751558 171 15.5 8 13
8751589 171 16 0 13
8751590 171 16 0.5 13
8751591 171 16 1 13
8751592 171 16 1.5 13
8751593 171 16 2 13
8751594 171 16 2.5 13
8751595 171 16 3 13
8751596 171 16 3.5 13
8751597 171 16 4 13
8751598 171 16 4.5 13
8751599 171 16 5 13
8751600 171 16 5.5 13
8751601 171 16 6 13
8751602 171 16 6.5 13
8751603 171 16 7 13
8751604 171 16 7.5 13
8751605 171 16 8 13
8751730 171 17.5 0 13
8751731 171 17.5 0.5 13
8751732 171 17.5 1 13
8751733 171 17.5 1.5 13
8751734 171 17.5 2 13
8751735 171 17.5 2.5 13
8751736 171 17.5 3 13
8751737 171 17.5 3.5 13
8751738 171 17.5 4 13
8751739 171 17.5 4.5 13
8751740 171 17.5 5 13
8751741 171 17.5 5.5 13
8751742 171 17.5 6 13
8751743 171 17.5 6.5 13
8751744 171 17.5 7 13
8751745 171 17.5 7.5 13
8751746 171 17.5 8 13
8767099 171.5 15.5 0 13
8767100 171.5 15.5 0.5 13
8767101 171.5 15.5 1 13
8767102 171.5 15.5 1.5 13
8767103 171.5 15.5 2 13
8767104 171.5 15.5 2.5 13
8767105 171.5 15.5 3 13
8767106 171.5 15.5 3.5 13
8767107 171.5 15.5 4 13
8767108 171.5 15.5 4.5 13
8767109 171.5 15.5 5 13
8767110 171.5 15.5 5.5 13
8767111 171.5 15.5 6 13
8767112 171.5 15.5 6.5 13
8767113 171.5 15.5 7 13
8767114 171.5 15.5 7.5 13
8767115 171.5 15.5 8 13
8767334 171.5 18 0 13
8767335 171.5 18 0.5 13
8767336 171.5 18 1 13
8767337 171.5 18 1.5 13
8767338 171.5 18 2 13
8767339 171.5 18 2.5 13
8767340 171.5 18 3 13
8767341 171.5 18 3.5 13
8767342 171.5 18 4 13
8767343 171.5 18 4.5 13
8767344 171.5 18 5 13
8767345 171.5 18 5.5 13
8767346 171.5 18 6 13
8767347 171.5 18 6.5 13
8767348 171.5 18 7 13
8767349 171.5 18 7.5 13
8767350 171.5 18 8 13
8782656 172 15.5 0 13
8782657 172 15.5 0.5 13
8782658 172 15.5 1 13
8782659 172 15.5 1.5 13
8782660 172 15.5 2 13
8782661 172 15.5 2.5 13
8782662 172 15.5 3 13
8782663 172 15.5 3.5 13
8782664 172 15.5 4 13
8782665 172 15.5 4.5 13
8782666 172 15.5 5 13
8782667 172 15.5 5.5 13
8782668 172 15.5 6 13
8782669 172 15.5 6.5 13
8782670 172 15.5 7 13
8782671 172 15.5 7.5 13
8782672 172 15.5 8 13
8782891 172 18 0 13
8782892 172 18 0.5 13
8782893 172 18 1 13
8782894 172 18 1.5 13
8782895 172 18 2 13
8782896 172 18 2.5 13
8782897 172 18 3 13
8782898 172 18 3.5 13
8782899 172 18 4 13
8782900 172 18 4.5 13
8782901 172 18 5 13
8782902 172 18 5.5 13
8782903 172 18 6 13
8782904 172 18 6.5 13
8782905 172 18 7 13
8782906 172 18 7.5 13
8782907 172 18 8 13
8798213 172.5 15.5 0 13
8798214 172.5 15.5 0.5 13
8798215 172.5 15.5 1 13
8798216 172.5 15.5 1.5 13
8798217 172.5 15.5 2 13
8798218 172.5 15.5 2.5 13
8798219 172.5 15.5 3 13
8798220 172.5 15.5 3.5 13
8798221 172.5 15.5 4 13
8798222 172.5 15.5 4.5 13
8798223 172.5 15.5 5 13
8798224 172.5 15.5 5.5 13
8798225 172.5 15.5 6 13
8798226 172.5 15.5 6.5 13
8798227 172.5 15.5 7 13
8798228 172.5 15.5 7.5 13
8798229 172.5 15.5 8 13
8798401 172.5 17.5 0 13
8798402 172.5 17.5 0.5 13
8798403 172.5 17.5 1 13
8798404 172.5 17.5 1.5 13
8798405 172.5 17.5 2 13
8798406 172.5 17.5 2.5 13
8798407 172.5 17.5 3 13
8798408 172.5 17.5 3.5 13
8798409 172.5 17.5 4 13
8798410 172.5 17.5 4.5 13
8798411 172.5 17.5 5 13
8798412 172.5 17.5 5.5 13
8798413 172.5 17.5 6 13
8798414 172.5 17.5 6.5 13
8798415 172.5 17.5 7 13
8798416 172.5 17.5 7.5 13
8798417 172.5 17.5 8 13
8798448 172.5 18 0 13
8798449 172.5 18 0.5 13
8798450 172.5 18 1 13
8798451 172.5 18 1.5 13
8798452 172.5 18 2 13
8798453 172.5 18 2.5 13
8798454 172.5 18 3 13
8798455 172.5 18 3.5 13
8798456 172.5 18 4 13
8798457 172.5 18 4.5 13
8798458 172.5 18 5 13
8798459 172.5 18 5.5 13
8798460 172.5 18 6 13
8798461 172.5 18 6.5 13
8798462 172.5 18 7 13
8798463 172.5 18 7.5 13
8798464 172.5 18 8 13
8813817 173 16 0 13
8813818 173 16 0.5 13
8813819 173 16 1 13
8813820 173 16 1.5 13
8813821 173 16 2 13
8813822 173 16 2.5 13
8813823 173 16 3 13
8813824 173 16 3.5 13
8813825 173 16 4 13
8813826 173 16 4.5 13
8813827 173 16 5 13
8813828 173 16 5.5 13
8813829 173 16 6 13
8813830 173 16 6.5 13
8813831 173 16 7 13
8813832 173 16 7.5 13
8813833 173 16 8 13
8813864 173 16.5 0 13
8813865 173 16.5 0.5 13
8813866 173 16.5 1 13
8813867 173 16.5 1.5 13
8813868 173 16.5 2 13
8813869 173 16.5 2.5 13
8813870 173 16.5 3 13
8813871 173 16.5 3.5 13
8813872 173 16.5 4 13
8813873 173 16.5 4.5 13
8813874 173 16.5 5 13
8813875 173 16.5 5.5 13
8813876 173 16.5 6 13
8813877 173 16.5 6.5 13
8813878 173 16.5 7 13
8813879 173 16.5 7.5 13
8813880 173 16.5 8 13
8813911 173 17 0 13
8813912 173 17 0.5 13
8813913 173 17 1 13
8813914 173 17 1.5 13
8813915 173 17 2 13
8813916 173 17 2.5 13
8813917 173 17 3 13
8813918 173 17 3.5 13
8813919 173 17 4 13
8813920 173 17 4.5 13
8813921 173 17 5 13
8813922 173 17 5.5 13
8813923 173 17 6 13
8813924 173 17 6.5 13
8813925 173 17 7 13
8813926 173 17 7.5 13
8813927 173 17 8 13
8813958 173 17.5 0 13
8813959 173 17.5 0.5 13
8813960 173 17.5 1 13
8813961 173 17.5 1.5 13
8813962 173 17.5 2 13
8813963 173 17.5 2.5 13
8813964 173 17.5 3 13
8813965 173 17.5 3.5 13
8813966 173 17.5 4 13
8813967 173 17.5 4.5 13
8813968 173 17.5 5 13
8813969 173 17.5 5.5 13
8813970 173 17.5 6 13
8813971 173 17.5 6.5 13
8813972 173 17.5 7 13
8813973 173 17.5 7.5 13
8813974 173 17.5 8 13
