4039369 19.5 32.5 0 13
4039370 19.5 32.5 0.5 13
4039371 19.5 32.5 1 13
4039372 19.5 32.5 1.5 13
4039373 19.5 32.5 2 13
4039374 19.5 32.5 2.5 13
4039375 19.5 32.5 3 13
4039376 19.5 32.5 3.5 13
4039377 19.5 32.5 4 13
4039378 19.5 32.5 4.5 13
4039379 19.5 32.5 5 13
4039380 19.5 32.5 5.5 13
4039381 19.5 32.5 6 13
4039382 19.5 32.5 6.5 13
4039383 19.5 32.5 7 13
4039384 19.5 32.5 7.5 13
4039385 19.5 32.5 8 13
4039416 19.5 33 0 13
4039417 19.5 33 0.5 13
4039418 19.5 33 1 13
4039419 19.5 33 1.5 13
4039420 19.5 33 2 13
4039421 19.5 33 2.5 13
4039422 19.5 33 3 13
4039423 19.5 33 3.5 13
4039424 19.5 33 4 13
4039425 19.5 33 4.5 13
4039426 19.5 33 5 13
4039427 19.5 33 5.5 13
4039428 19.5 33 6 13
4039429 19.5 33 6.5 13
4039430 19.5 33 7 13
4039431 19.5 33 7.5 13
4039432 19.5 33 8 13
4039463 19.5 33.5 0 13
4039464 19.5 33.5 0.5 13
4039465 19.5 33.5 1 13
4039466 19.5 33.5 1.5 13
4039467 19.5 33.5 2 13
4039468 19.5 33.5 2.5 13
4039469 19.5 33.5 3 13
4039470 19.5 33.5 3.5 13
4039471 19.5 33.5 4 13
4039472 19.5 33.5 4.5 13
4039473 19.5 33.5 5 13
4039474 19.5 33.5 5.5 13
4039475 19.5 33.5 6 13
4039476 19.5 33.5 6.5 13
4039477 19.5 33.5 7 13
4039478 19.5 33.5 7.5 13
4039479 19.5 33.5 8 13
4039510 19.5 34 0 13
4039511 19.5 34 0.5 13
4039512 19.5 34 1 13
4039513 19.5 34 1.5 13
4039514 19.5 34 2 13
4039515 19.5 34 2.5 13
4039516 19.5 34 3 13
4039517 19.5 34 3.5 13
4039518 19.5 34 4 13
4039519 19.5 34 4.5 13
4039520 19.5 34 5 13
4039521 19.5 34 5.5 13
4039522 19.5 34 6 13
4039523 19.5 34 6.5 13
4039524 19.5 34 7 13
4039525 19.5 34 7.5 13
4039526 19.5 34 8 13
4054879 20 32 0 13
4054880 20 32 0.5 13
4054881 20 32 1 13
4054882 20 32 1.5 13
4054883 20 32 2 13
4054884 20 32 2.5 13
4054885 20 32 3 13
4054886 20 32 3.5 13
4054887 20 32 4 13
4054888 20 32 4.5 13
4054889 20 32 5 13
4054890 20 32 5.5 13
4054891 20 32 6 13
4054892 20 32 6.5 13
4054893 20 32 7 13
4054894 20 32 7.5 13
4054895 20 32 8 13
4055114 20 34.5 0 13
4055115 20 34.5 0.5 13
4055116 20 34.5 1 13
4055117 20 34.5 1.5 13
4055118 20 34.5 2 13
4055119 20 34.5 2.5 13
4055120 20 34.5 3 13
4055121 20 34.5 3.5 13
4055122 20 34.5 4 13
4055123 20 34.5 4.5 13
4055124 20 34.5 5 13
4055125 20 34.5 5.5 13
4055126 20 34.5 6 13
4055127 20 34.5 6.5 13
4055128 20 34.5 7 13
4055129 20 34.5 7.5 13
4055130 20 34.5 8 13
4070436 20.5 32 0 13
4070437 20.5 32 0.5 13
4070438 20.5 32 1 13
4070439 20.5 32 1.5 13
4070440 20.5 32 2 13
4070441 20.5 32 2.5 13
4070442 20.5 32 3 13
4070443 20.5 32 3.5 13
4070444 20.5 32 4 13
4070445 20.5 32 4.5 13
4070446 20.5 32 5 13
4070447 20.5 32 5.5 13
4070448 20.5 32 6 13
4070449 20.5 32 6.5 13
4070450 20.5 32 7 13
4070451 20.5 32 7.5 13
4070452 20.5 32 8 13
4070671 20.5 34.5 0 13
4070672 20.5 34.5 0.5 13
4070673 20.5 34.5 1 13
4070674 20.5 34.5 1.5 13
4070675 20.5 34.5 2 13
4070676 20.5 34.5 2.5 13
4070677 20.5 34.5 3 13
4070678 20.5 34.5 3.5 13
4070679 20.5 34.5 4 13
4070680 20.5 34.5 4.5 13
4070681 20.5 34.5 5 13
4070682 20.5 34.5 5.5 13
4070683 20.5 34.5 6 13
4070684 20.5 34.5 6.5 13
4070685 20.5 34.5 7 13
4070686 20.5 34.5 7.5 13
4070687 20.5 34.5 8 13
4085993 21 32 0 13
4085994 21 32 0.5 13
4085995 21 32 1 13
4085996 21 32 1.5 13
4085997 21 32 2 13
4085998 21 32 2.5 13
4085999 21 32 3 13
4086000 21 32 3.5 13
4086001 21 32 4 13
4086002 21 32 4.5 13
4086003 21 32 5 13
4086004 21 32 5.5 13
4086005 21 32 6 13
4086006 21 32 6.5 13
4086007 21 32 7 13
4086008 21 32 7.5 13
4086009 21 32 8 13
4086228 21 34.5 0 13
4086229 21 34.5 0.5 13
4086230 21 34.5 1 13
4086231 21 34.5 1.5 13
4086232 21 34.5 2 13
4086233 21 34.5 2.5 13
4086234 21 34.5 3 13
4086235 21 34.5 3.5 13
4086236 21 34.5 4 13
4086237 21 34.5 4.5 13
4086238 21 34.5 5 13
4086239 21 34.5 5.5 13
4086240 21 34.5 6 13
4086241 21 34.5 6.5 13
4086242 21 34.5 7 13
4086243 21 34.5 7.5 13
4086244 21 34.5 8 13
4101597 21.5 32.5 0 13
4101598 21.5 32.5 0.5 13
4101599 21.5 32.5 1 13
4101600 21.5 32.5 1.5 13
4101601 21.5 32.5 2 13
4101602 21.5 32.5 2.5 13
4101603 21.5 32.5 3 13
4101604 21.5 32.5 3.5 13
4101605 21.5 32.5 4 13
4101606 21.5 32.5 4.5 13
4101607 21.5 32.5 5 13
4101608 21.5 32.5 5.5 13
4101609 21.5 32.5 6 13
4101610 21.5 32.5 6.5 13
4101611 21.5 32.5 7 13
4101612 21.5 32.5 7.5 13
4101613 21.5 32.5 8 13
4101691 21.5 33.5 0 13
4101692 21.5 33.5 0.5 13
4101693 21.5 33.5 1 13
4101694 21.5 33.5 1.5 13
4101695 21.5 33.5 2 13
4101696 21.5 33.5 2.5 13
4101697 21.5 33.5 3 13
4101698 21.5 33.5 3.5 13
4101699 21.5 33.5 4 13
4101700 21.5 33.5 4.5 13
4101701 21.5 33.5 5 13
4101702 21.5 33.5 5.5 13
4101703 21.5 33.5 6 13
4101704 21.5 33.5 6.5 13
4101705 21.5 33.5 7 13
4101706 21.5 33.5 7.5 13
4101707 21.5 33.5 8 13
4101738 21.5 34 0 13
4101739 21.5 34 0.5 13
4101740 21.5 34 1 13
4101741 21.5 34 1.5 13
4101742 21.5 34 2 13
4101743 21.5 34 2.5 13
4101744 21.5 34 3 13
4101745 21.5 34 3.5 13
4101746 21.5 34 4 13
4101747 21.5 34 4.5 13
4101748 21.5 34 5 13
4101749 21.5 34 5.5 13
4101750 21.5 34 6 13
4101751 21.5 34 6.5 13
4101752 21.5 34 7 13
4101753 21.5 34 7.5 13
4101754 21.5 34 8 13
4117201 22 33 0 13
4117202 22 33 0.5 13
4117203 22 33 1 13
4117204 22 33 1.5 13
4117205 22 33 2 13
4117206 22 33 2.5 13
4117207 22 33 3 13
4117208 22 33 3.5 13
4117209 22 33 4 13
4117210 22 33 4.5 13
4117211 22 33 5 13
4117212 22 33 5.5 13
4117213 22 33 6 13
4117214 22 33 6.5 13
4117215 22 33 7 13
4117216 22 33 7.5 13
4117217 22 33 8 13
4117248 22 33.5 0 13
4117249 22 33.5 0.5 13
4117250 22 33.5 1 13
4117251 22 33.5 1.5 13
4117252 22 33.5 2 13
4117253 22 33.5 2.5 13
4117254 22 33.5 3 13
4117255 22 33.5 3.5 13
4117256 22 33.5 4 13
4117257 22 33.5 4.5 13
4117258 22 33.5 5 13
4117259 22 33.5 5.5 13
4117260 22 33.5 6 13
4117261 22 33.5 6.5 13
4117262 22 33.5 7 13
4117263 22 33.5 7.5 13
4117264 22 33.5 8 13
