8271151 155.5 35 21.5 3
8271152 155.5 35 22 3
8271153 155.5 35 22.5 3
8271154 155.5 35 23 3
8271198 155.5 35.5 21.5 3
8271199 155.5 35.5 22 3
8271200 155.5 35.5 22.5 3
8271201 155.5 35.5 23 3
8286708 156 35 21.5 3
8286709 156 35 22 3
8286710 156 35 22.5 3
8286711 156 35 23 3
8286755 156 35.5 21.5 3
8286756 156 35.5 22 3
8286757 156 35.5 22.5 3
8286758 156 35.5 23 3
8302265 156.5 35 21.5 3
8302266 156.5 35 22 3
8302267 156.5 35 22.5 3
8302268 156.5 35 23 3
8302312 156.5 35.5 21.5 3
8302313 156.5 35.5 22 3
8302314 156.5 35.5 22.5 3
8302315 156.5 35.5 23 3
8317822 157 35 21.5 3
8317823 157 35 22 3
8317824 157 35 22.5 3
8317825 157 35 23 3
8317869 157 35.5 21.5 3
8317870 157 35.5 22 3
8317871 157 35.5 22.5 3
8317872 157 35.5 23 3
8333379 157.5 35 21.5 3
8333380 157.5 35 22 3
8333381 157.5 35 22.5 3
8333382 157.5 35 23 3
8333426 157.5 35.5 21.5 3
8333427 157.5 35.5 22 3
8333428 157.5 35.5 22.5 3
8333429 157.5 35.5 23 3
8348936 158 35 21.5 3
8348937 158 35 22 3
8348938 158 35 22.5 3
8348939 158 35 23 3
8348983 158 35.5 21.5 3
8348984 158 35.5 22 3
8348985 158 35.5 22.5 3
8348986 158 35.5 23 3
8364493 158.5 35 21.5 3
8364494 158.5 35 22 3
8364495 158.5 35 22.5 3
8364496 158.5 35 23 3
8364540 158.5 35.5 21.5 3
8364541 158.5 35.5 22 3
8364542 158.5 35.5 22.5 3
8364543 158.5 35.5 23 3
8380050 159 35 21.5 3
8380051 159 35 22 3
8380052 159 35 22.5 3
8380053 159 35 23 3
8380097 159 35.5 21.5 3
8380098 159 35.5 22 3
8380099 159 35.5 22.5 3
8380100 159 35.5 23 3
8395607 159.5 35 21.5 3
8395608 159.5 35 22 3
8395609 159.5 35 22.5 3
8395610 159.5 35 23 3
8395654 159.5 35.5 21.5 3
8395655 159.5 35.5 22 3
8395656 159.5 35.5 22.5 3
8395657 159.5 35.5 23 3
8411164 160 35 21.5 3
8411165 160 35 22 3
8411166 160 35 22.5 3
8411167 160 35 23 3
8411211 160 35.5 21.5 3
8411212 160 35.5 22 3
8411213 160 35.5 22.5 3
8411214 160 35.5 23 3
8426721 160.5 35 21.5 3
8426722 160.5 35 22 3
8426723 160.5 35 22.5 3
8426724 160.5 35 23 3
8426768 160.5 35.5 21.5 3
8426769 160.5 35.5 22 3
8426770 160.5 35.5 22.5 3
8426771 160.5 35.5 23 3
8442278 161 35 21.5 3
8442279 161 35 22 3
8442280 161 35 22.5 3
8442281 161 35 23 3
8442325 161 35.5 21.5 3
8442326 161 35.5 22 3
8442327 161 35.5 22.5 3
8442328 161 35.5 23 3
8457835 161.5 35 21.5 3
8457836 161.5 35 22 3
8457837 161.5 35 22.5 3
8457838 161.5 35 23 3
8457882 161.5 35.5 21.5 3
8457883 161.5 35.5 22 3
8457884 161.5 35.5 22.5 3
8457885 161.5 35.5 23 3
8473392 162 35 21.5 3
8473393 162 35 22 3
8473394 162 35 22.5 3
8473395 162 35 23 3
8473439 162 35.5 21.5 3
8473440 162 35.5 22 3
8473441 162 35.5 22.5 3
8473442 162 35.5 23 3
8488949 162.5 35 21.5 3
8488950 162.5 35 22 3
8488951 162.5 35 22.5 3
8488952 162.5 35 23 3
8488996 162.5 35.5 21.5 3
8488997 162.5 35.5 22 3
8488998 162.5 35.5 22.5 3
8488999 162.5 35.5 23 3
8504506 163 35 21.5 3
8504507 163 35 22 3
8504508 163 35 22.5 3
8504509 163 35 23 3
8504553 163 35.5 21.5 3
8504554 163 35.5 22 3
8504555 163 35.5 22.5 3
8504556 163 35.5 23 3
8520063 163.5 35 21.5 3
8520064 163.5 35 22 3
8520065 163.5 35 22.5 3
8520066 163.5 35 23 3
8520110 163.5 35.5 21.5 3
8520111 163.5 35.5 22 3
8520112 163.5 35.5 22.5 3
8520113 163.5 35.5 23 3
8535620 164 35 21.5 3
8535621 164 35 22 3
8535622 164 35 22.5 3
8535623 164 35 23 3
8535667 164 35.5 21.5 3
8535668 164 35.5 22 3
8535669 164 35.5 22.5 3
8535670 164 35.5 23 3
8551177 164.5 35 21.5 3
8551178 164.5 35 22 3
8551179 164.5 35 22.5 3
8551180 164.5 35 23 3
8551224 164.5 35.5 21.5 3
8551225 164.5 35.5 22 3
8551226 164.5 35.5 22.5 3
8551227 164.5 35.5 23 3
8566734 165 35 21.5 3
8566735 165 35 22 3
8566736 165 35 22.5 3
8566737 165 35 23 3
8566781 165 35.5 21.5 3
8566782 165 35.5 22 3
8566783 165 35.5 22.5 3
8566784 165 35.5 23 3
8582291 165.5 35 21.5 3
8582292 165.5 35 22 3
8582293 165.5 35 22.5 3
8582294 165.5 35 23 3
8582338 165.5 35.5 21.5 3
8582339 165.5 35.5 22 3
8582340 165.5 35.5 22.5 3
8582341 165.5 35.5 23 3
8597848 166 35 21.5 3
8597849 166 35 22 3
8597850 166 35 22.5 3
8597851 166 35 23 3
8597895 166 35.5 21.5 3
8597896 166 35.5 22 3
8597897 166 35.5 22.5 3
8597898 166 35.5 23 3
8613405 166.5 35 21.5 3
8613406 166.5 35 22 3
8613407 166.5 35 22.5 3
8613408 166.5 35 23 3
8613452 166.5 35.5 21.5 3
8613453 166.5 35.5 22 3
8613454 166.5 35.5 22.5 3
8613455 166.5 35.5 23 3
8628962 167 35 21.5 3
8628963 167 35 22 3
8628964 167 35 22.5 3
8628965 167 35 23 3
8629009 167 35.5 21.5 3
8629010 167 35.5 22 3
8629011 167 35.5 22.5 3
8629012 167 35.5 23 3
8644519 167.5 35 21.5 3
8644520 167.5 35 22 3
8644521 167.5 35 22.5 3
8644522 167.5 35 23 3
8644566 167.5 35.5 21.5 3
8644567 167.5 35.5 22 3
8644568 167.5 35.5 22.5 3
8644569 167.5 35.5 23 3
8660076 168 35 21.5 3
8660077 168 35 22 3
8660078 168 35 22.5 3
8660079 168 35 23 3
8660123 168 35.5 21.5 3
8660124 168 35.5 22 3
8660125 168 35.5 22.5 3
8660126 168 35.5 23 3
8675633 168.5 35 21.5 3
8675634 168.5 35 22 3
8675635 168.5 35 22.5 3
8675636 168.5 35 23 3
8675680 168.5 35.5 21.5 3
8675681 168.5 35.5 22 3
8675682 168.5 35.5 22.5 3
8675683 168.5 35.5 23 3
8691190 169 35 21.5 3
8691191 169 35 22 3
8691192 169 35 22.5 3
8691193 169 35 23 3
8691237 169 35.5 21.5 3
8691238 169 35.5 22 3
8691239 169 35.5 22.5 3
8691240 169 35.5 23 3
8706747 169.5 35 21.5 3
8706748 169.5 35 22 3
8706749 169.5 35 22.5 3
8706750 169.5 35 23 3
8706794 169.5 35.5 21.5 3
8706795 169.5 35.5 22 3
8706796 169.5 35.5 22.5 3
8706797 169.5 35.5 23 3
8722304 170 35 21.5 3
8722305 170 35 22 3
8722306 170 35 22.5 3
8722307 170 35 23 3
8722351 170 35.5 21.5 3
8722352 170 35.5 22 3
8722353 170 35.5 22.5 3
8722354 170 35.5 23 3
8737861 170.5 35 21.5 3
8737862 170.5 35 22 3
8737863 170.5 35 22.5 3
8737864 170.5 35 23 3
8737908 170.5 35.5 21.5 3
8737909 170.5 35.5 22 3
8737910 170.5 35.5 22.5 3
8737911 170.5 35.5 23 3
8753418 171 35 21.5 3
8753419 171 35 22 3
8753420 171 35 22.5 3
8753421 171 35 23 3
8753465 171 35.5 21.5 3
8753466 171 35.5 22 3
8753467 171 35.5 22.5 3
8753468 171 35.5 23 3
8768975 171.5 35 21.5 3
8768976 171.5 35 22 3
8768977 171.5 35 22.5 3
8768978 171.5 35 23 3
8769022 171.5 35.5 21.5 3
8769023 171.5 35.5 22 3
8769024 171.5 35.5 22.5 3
8769025 171.5 35.5 23 3
8784532 172 35 21.5 3
8784533 172 35 22 3
8784534 172 35 22.5 3
8784535 172 35 23 3
8784579 172 35.5 21.5 3
8784580 172 35.5 22 3
8784581 172 35.5 22.5 3
8784582 172 35.5 23 3
8800089 172.5 35 21.5 3
8800090 172.5 35 22 3
8800091 172.5 35 22.5 3
8800092 172.5 35 23 3
8800136 172.5 35.5 21.5 3
8800137 172.5 35.5 22 3
8800138 172.5 35.5 22.5 3
8800139 172.5 35.5 23 3
8815646 173 35 21.5 3
8815647 173 35 22 3
8815648 173 35 22.5 3
8815649 173 35 23 3
8815693 173 35.5 21.5 3
8815694 173 35.5 22 3
8815695 173 35.5 22.5 3
8815696 173 35.5 23 3
8831203 173.5 35 21.5 3
8831204 173.5 35 22 3
8831205 173.5 35 22.5 3
8831206 173.5 35 23 3
8831250 173.5 35.5 21.5 3
8831251 173.5 35.5 22 3
8831252 173.5 35.5 22.5 3
8831253 173.5 35.5 23 3
8846760 174 35 21.5 3
8846761 174 35 22 3
8846762 174 35 22.5 3
8846763 174 35 23 3
8846807 174 35.5 21.5 3
8846808 174 35.5 22 3
8846809 174 35.5 22.5 3
8846810 174 35.5 23 3
8862317 174.5 35 21.5 3
8862318 174.5 35 22 3
8862319 174.5 35 22.5 3
8862320 174.5 35 23 3
8862364 174.5 35.5 21.5 3
8862365 174.5 35.5 22 3
8862366 174.5 35.5 22.5 3
8862367 174.5 35.5 23 3
8877874 175 35 21.5 3
8877875 175 35 22 3
8877876 175 35 22.5 3
8877877 175 35 23 3
8877921 175 35.5 21.5 3
8877922 175 35.5 22 3
8877923 175 35.5 22.5 3
8877924 175 35.5 23 3
8893431 175.5 35 21.5 3
8893432 175.5 35 22 3
8893433 175.5 35 22.5 3
8893434 175.5 35 23 3
8893478 175.5 35.5 21.5 3
8893479 175.5 35.5 22 3
8893480 175.5 35.5 22.5 3
8893481 175.5 35.5 23 3
8908988 176 35 21.5 3
8908989 176 35 22 3
8908990 176 35 22.5 3
8908991 176 35 23 3
8909035 176 35.5 21.5 3
8909036 176 35.5 22 3
8909037 176 35.5 22.5 3
8909038 176 35.5 23 3
8924545 176.5 35 21.5 3
8924546 176.5 35 22 3
8924547 176.5 35 22.5 3
8924548 176.5 35 23 3
8924592 176.5 35.5 21.5 3
8924593 176.5 35.5 22 3
8924594 176.5 35.5 22.5 3
8924595 176.5 35.5 23 3
8940102 177 35 21.5 3
8940103 177 35 22 3
8940104 177 35 22.5 3
8940105 177 35 23 3
8940149 177 35.5 21.5 3
8940150 177 35.5 22 3
8940151 177 35.5 22.5 3
8940152 177 35.5 23 3
8955659 177.5 35 21.5 3
8955660 177.5 35 22 3
8955661 177.5 35 22.5 3
8955662 177.5 35 23 3
8955706 177.5 35.5 21.5 3
8955707 177.5 35.5 22 3
8955708 177.5 35.5 22.5 3
8955709 177.5 35.5 23 3
8971216 178 35 21.5 3
8971217 178 35 22 3
8971218 178 35 22.5 3
8971219 178 35 23 3
8971263 178 35.5 21.5 3
8971264 178 35.5 22 3
8971265 178 35.5 22.5 3
8971266 178 35.5 23 3
8986773 178.5 35 21.5 3
8986774 178.5 35 22 3
8986775 178.5 35 22.5 3
8986776 178.5 35 23 3
8986820 178.5 35.5 21.5 3
8986821 178.5 35.5 22 3
8986822 178.5 35.5 22.5 3
8986823 178.5 35.5 23 3
9002330 179 35 21.5 3
9002331 179 35 22 3
9002332 179 35 22.5 3
9002333 179 35 23 3
9002377 179 35.5 21.5 3
9002378 179 35.5 22 3
9002379 179 35.5 22.5 3
9002380 179 35.5 23 3
9017887 179.5 35 21.5 3
9017888 179.5 35 22 3
9017889 179.5 35 22.5 3
9017890 179.5 35 23 3
9017934 179.5 35.5 21.5 3
9017935 179.5 35.5 22 3
9017936 179.5 35.5 22.5 3
9017937 179.5 35.5 23 3
9033444 180 35 21.5 3
9033445 180 35 22 3
9033446 180 35 22.5 3
9033447 180 35 23 3
9033491 180 35.5 21.5 3
9033492 180 35.5 22 3
9033493 180 35.5 22.5 3
9033494 180 35.5 23 3
9049001 180.5 35 21.5 3
9049002 180.5 35 22 3
9049003 180.5 35 22.5 3
9049004 180.5 35 23 3
9049048 180.5 35.5 21.5 3
9049049 180.5 35.5 22 3
9049050 180.5 35.5 22.5 3
9049051 180.5 35.5 23 3
9064558 181 35 21.5 3
9064559 181 35 22 3
9064560 181 35 22.5 3
9064561 181 35 23 3
9064605 181 35.5 21.5 3
9064606 181 35.5 22 3
9064607 181 35.5 22.5 3
9064608 181 35.5 23 3
9080115 181.5 35 21.5 3
9080116 181.5 35 22 3
9080117 181.5 35 22.5 3
9080118 181.5 35 23 3
9080162 181.5 35.5 21.5 3
9080163 181.5 35.5 22 3
9080164 181.5 35.5 22.5 3
9080165 181.5 35.5 23 3
9095672 182 35 21.5 3
9095673 182 35 22 3
9095674 182 35 22.5 3
9095675 182 35 23 3
9095719 182 35.5 21.5 3
9095720 182 35.5 22 3
9095721 182 35.5 22.5 3
9095722 182 35.5 23 3
9111229 182.5 35 21.5 3
9111230 182.5 35 22 3
9111231 182.5 35 22.5 3
9111232 182.5 35 23 3
9111276 182.5 35.5 21.5 3
9111277 182.5 35.5 22 3
9111278 182.5 35.5 22.5 3
9111279 182.5 35.5 23 3
9126786 183 35 21.5 3
9126787 183 35 22 3
9126788 183 35 22.5 3
9126789 183 35 23 3
9126833 183 35.5 21.5 3
9126834 183 35.5 22 3
9126835 183 35.5 22.5 3
9126836 183 35.5 23 3
9142343 183.5 35 21.5 3
9142344 183.5 35 22 3
9142345 183.5 35 22.5 3
9142346 183.5 35 23 3
9142390 183.5 35.5 21.5 3
9142391 183.5 35.5 22 3
9142392 183.5 35.5 22.5 3
9142393 183.5 35.5 23 3
9157900 184 35 21.5 3
9157901 184 35 22 3
9157902 184 35 22.5 3
9157903 184 35 23 3
9157947 184 35.5 21.5 3
9157948 184 35.5 22 3
9157949 184 35.5 22.5 3
9157950 184 35.5 23 3
9173457 184.5 35 21.5 3
9173458 184.5 35 22 3
9173459 184.5 35 22.5 3
9173460 184.5 35 23 3
9173504 184.5 35.5 21.5 3
9173505 184.5 35.5 22 3
9173506 184.5 35.5 22.5 3
9173507 184.5 35.5 23 3
9189014 185 35 21.5 3
9189015 185 35 22 3
9189016 185 35 22.5 3
9189017 185 35 23 3
9189061 185 35.5 21.5 3
9189062 185 35.5 22 3
9189063 185 35.5 22.5 3
9189064 185 35.5 23 3
9204571 185.5 35 21.5 3
9204572 185.5 35 22 3
9204573 185.5 35 22.5 3
9204574 185.5 35 23 3
9204618 185.5 35.5 21.5 3
9204619 185.5 35.5 22 3
9204620 185.5 35.5 22.5 3
9204621 185.5 35.5 23 3
9220128 186 35 21.5 3
9220129 186 35 22 3
9220130 186 35 22.5 3
9220131 186 35 23 3
9220175 186 35.5 21.5 3
9220176 186 35.5 22 3
9220177 186 35.5 22.5 3
9220178 186 35.5 23 3
9235685 186.5 35 21.5 3
9235686 186.5 35 22 3
9235687 186.5 35 22.5 3
9235688 186.5 35 23 3
9235732 186.5 35.5 21.5 3
9235733 186.5 35.5 22 3
9235734 186.5 35.5 22.5 3
9235735 186.5 35.5 23 3
9251242 187 35 21.5 3
9251243 187 35 22 3
9251244 187 35 22.5 3
9251245 187 35 23 3
9251289 187 35.5 21.5 3
9251290 187 35.5 22 3
9251291 187 35.5 22.5 3
9251292 187 35.5 23 3
9266799 187.5 35 21.5 3
9266800 187.5 35 22 3
9266801 187.5 35 22.5 3
9266802 187.5 35 23 3
9266846 187.5 35.5 21.5 3
9266847 187.5 35.5 22 3
9266848 187.5 35.5 22.5 3
9266849 187.5 35.5 23 3
9282356 188 35 21.5 3
9282357 188 35 22 3
9282358 188 35 22.5 3
9282359 188 35 23 3
9282403 188 35.5 21.5 3
9282404 188 35.5 22 3
9282405 188 35.5 22.5 3
9282406 188 35.5 23 3
9297913 188.5 35 21.5 3
9297914 188.5 35 22 3
9297915 188.5 35 22.5 3
9297916 188.5 35 23 3
9297960 188.5 35.5 21.5 3
9297961 188.5 35.5 22 3
9297962 188.5 35.5 22.5 3
9297963 188.5 35.5 23 3
9313470 189 35 21.5 3
9313471 189 35 22 3
9313472 189 35 22.5 3
9313473 189 35 23 3
9313517 189 35.5 21.5 3
9313518 189 35.5 22 3
9313519 189 35.5 22.5 3
9313520 189 35.5 23 3
9329027 189.5 35 21.5 3
9329028 189.5 35 22 3
9329029 189.5 35 22.5 3
9329030 189.5 35 23 3
9329074 189.5 35.5 21.5 3
9329075 189.5 35.5 22 3
9329076 189.5 35.5 22.5 3
9329077 189.5 35.5 23 3
9344584 190 35 21.5 3
9344585 190 35 22 3
9344586 190 35 22.5 3
9344587 190 35 23 3
9344631 190 35.5 21.5 3
9344632 190 35.5 22 3
9344633 190 35.5 22.5 3
9344634 190 35.5 23 3
9360141 190.5 35 21.5 3
9360142 190.5 35 22 3
9360143 190.5 35 22.5 3
9360144 190.5 35 23 3
9360188 190.5 35.5 21.5 3
9360189 190.5 35.5 22 3
9360190 190.5 35.5 22.5 3
9360191 190.5 35.5 23 3
9375698 191 35 21.5 3
9375699 191 35 22 3
9375700 191 35 22.5 3
9375701 191 35 23 3
9375745 191 35.5 21.5 3
9375746 191 35.5 22 3
9375747 191 35.5 22.5 3
9375748 191 35.5 23 3
9391255 191.5 35 21.5 3
9391256 191.5 35 22 3
9391257 191.5 35 22.5 3
9391258 191.5 35 23 3
9391302 191.5 35.5 21.5 3
9391303 191.5 35.5 22 3
9391304 191.5 35.5 22.5 3
9391305 191.5 35.5 23 3
9406812 192 35 21.5 3
9406813 192 35 22 3
9406814 192 35 22.5 3
9406815 192 35 23 3
9406859 192 35.5 21.5 3
9406860 192 35.5 22 3
9406861 192 35.5 22.5 3
9406862 192 35.5 23 3
9422369 192.5 35 21.5 3
9422370 192.5 35 22 3
9422371 192.5 35 22.5 3
9422372 192.5 35 23 3
9422416 192.5 35.5 21.5 3
9422417 192.5 35.5 22 3
9422418 192.5 35.5 22.5 3
9422419 192.5 35.5 23 3
9437926 193 35 21.5 3
9437927 193 35 22 3
9437928 193 35 22.5 3
9437929 193 35 23 3
9437973 193 35.5 21.5 3
9437974 193 35.5 22 3
9437975 193 35.5 22.5 3
9437976 193 35.5 23 3
9453483 193.5 35 21.5 3
9453484 193.5 35 22 3
9453485 193.5 35 22.5 3
9453486 193.5 35 23 3
9453530 193.5 35.5 21.5 3
9453531 193.5 35.5 22 3
9453532 193.5 35.5 22.5 3
9453533 193.5 35.5 23 3
9469040 194 35 21.5 3
9469041 194 35 22 3
9469042 194 35 22.5 3
9469043 194 35 23 3
9469087 194 35.5 21.5 3
9469088 194 35.5 22 3
9469089 194 35.5 22.5 3
9469090 194 35.5 23 3
9484597 194.5 35 21.5 3
9484598 194.5 35 22 3
9484599 194.5 35 22.5 3
9484600 194.5 35 23 3
9484644 194.5 35.5 21.5 3
9484645 194.5 35.5 22 3
9484646 194.5 35.5 22.5 3
9484647 194.5 35.5 23 3
9500154 195 35 21.5 3
9500155 195 35 22 3
9500156 195 35 22.5 3
9500157 195 35 23 3
9500201 195 35.5 21.5 3
9500202 195 35.5 22 3
9500203 195 35.5 22.5 3
9500204 195 35.5 23 3
9515711 195.5 35 21.5 3
9515712 195.5 35 22 3
9515713 195.5 35 22.5 3
9515714 195.5 35 23 3
9515758 195.5 35.5 21.5 3
9515759 195.5 35.5 22 3
9515760 195.5 35.5 22.5 3
9515761 195.5 35.5 23 3
9531268 196 35 21.5 3
9531269 196 35 22 3
9531270 196 35 22.5 3
9531271 196 35 23 3
9531315 196 35.5 21.5 3
9531316 196 35.5 22 3
9531317 196 35.5 22.5 3
9531318 196 35.5 23 3
9546825 196.5 35 21.5 3
9546826 196.5 35 22 3
9546827 196.5 35 22.5 3
9546828 196.5 35 23 3
9546872 196.5 35.5 21.5 3
9546873 196.5 35.5 22 3
9546874 196.5 35.5 22.5 3
9546875 196.5 35.5 23 3
9562382 197 35 21.5 3
9562383 197 35 22 3
9562384 197 35 22.5 3
9562385 197 35 23 3
9562429 197 35.5 21.5 3
9562430 197 35.5 22 3
9562431 197 35.5 22.5 3
9562432 197 35.5 23 3
9577939 197.5 35 21.5 3
9577940 197.5 35 22 3
9577941 197.5 35 22.5 3
9577942 197.5 35 23 3
9577986 197.5 35.5 21.5 3
9577987 197.5 35.5 22 3
9577988 197.5 35.5 22.5 3
9577989 197.5 35.5 23 3
9593496 198 35 21.5 3
9593497 198 35 22 3
9593498 198 35 22.5 3
9593499 198 35 23 3
9593543 198 35.5 21.5 3
9593544 198 35.5 22 3
9593545 198 35.5 22.5 3
9593546 198 35.5 23 3
9609053 198.5 35 21.5 3
9609054 198.5 35 22 3
9609055 198.5 35 22.5 3
9609056 198.5 35 23 3
9609100 198.5 35.5 21.5 3
9609101 198.5 35.5 22 3
9609102 198.5 35.5 22.5 3
9609103 198.5 35.5 23 3
9624610 199 35 21.5 3
9624611 199 35 22 3
9624612 199 35 22.5 3
9624613 199 35 23 3
9624657 199 35.5 21.5 3
9624658 199 35.5 22 3
9624659 199 35.5 22.5 3
9624660 199 35.5 23 3
9640167 199.5 35 21.5 3
9640168 199.5 35 22 3
9640169 199.5 35 22.5 3
9640170 199.5 35 23 3
9640214 199.5 35.5 21.5 3
9640215 199.5 35.5 22 3
9640216 199.5 35.5 22.5 3
9640217 199.5 35.5 23 3
9655724 200 35 21.5 3
9655725 200 35 22 3
9655726 200 35 22.5 3
9655727 200 35 23 3
9655771 200 35.5 21.5 3
9655772 200 35.5 22 3
9655773 200 35.5 22.5 3
9655774 200 35.5 23 3
