9324045 189.5 -18 21.5 3
9324046 189.5 -18 22 3
9324047 189.5 -18 22.5 3
9324048 189.5 -18 23 3
9324092 189.5 -17.5 21.5 3
9324093 189.5 -17.5 22 3
9324094 189.5 -17.5 22.5 3
9324095 189.5 -17.5 23 3
9339602 190 -18 21.5 3
9339603 190 -18 22 3
9339604 190 -18 22.5 3
9339605 190 -18 23 3
9339649 190 -17.5 21.5 3
9339650 190 -17.5 22 3
9339651 190 -17.5 22.5 3
9339652 190 -17.5 23 3
9355159 190.5 -18 21.5 3
9355160 190.5 -18 22 3
9355161 190.5 -18 22.5 3
9355162 190.5 -18 23 3
9355206 190.5 -17.5 21.5 3
9355207 190.5 -17.5 22 3
9355208 190.5 -17.5 22.5 3
9355209 190.5 -17.5 23 3
9370716 191 -18 21.5 3
9370717 191 -18 22 3
9370718 191 -18 22.5 3
9370719 191 -18 23 3
9370763 191 -17.5 21.5 3
9370764 191 -17.5 22 3
9370765 191 -17.5 22.5 3
9370766 191 -17.5 23 3
9386273 191.5 -18 21.5 3
9386274 191.5 -18 22 3
9386275 191.5 -18 22.5 3
9386276 191.5 -18 23 3
9386320 191.5 -17.5 21.5 3
9386321 191.5 -17.5 22 3
9386322 191.5 -17.5 22.5 3
9386323 191.5 -17.5 23 3
9401830 192 -18 21.5 3
9401831 192 -18 22 3
9401832 192 -18 22.5 3
9401833 192 -18 23 3
9401877 192 -17.5 21.5 3
9401878 192 -17.5 22 3
9401879 192 -17.5 22.5 3
9401880 192 -17.5 23 3
9417387 192.5 -18 21.5 3
9417388 192.5 -18 22 3
9417389 192.5 -18 22.5 3
9417390 192.5 -18 23 3
9417434 192.5 -17.5 21.5 3
9417435 192.5 -17.5 22 3
9417436 192.5 -17.5 22.5 3
9417437 192.5 -17.5 23 3
9432944 193 -18 21.5 3
9432945 193 -18 22 3
9432946 193 -18 22.5 3
9432947 193 -18 23 3
9432991 193 -17.5 21.5 3
9432992 193 -17.5 22 3
9432993 193 -17.5 22.5 3
9432994 193 -17.5 23 3
9448501 193.5 -18 21.5 3
9448502 193.5 -18 22 3
9448503 193.5 -18 22.5 3
9448504 193.5 -18 23 3
9448548 193.5 -17.5 21.5 3
9448549 193.5 -17.5 22 3
9448550 193.5 -17.5 22.5 3
9448551 193.5 -17.5 23 3
9464058 194 -18 21.5 3
9464059 194 -18 22 3
9464060 194 -18 22.5 3
9464061 194 -18 23 3
9464105 194 -17.5 21.5 3
9464106 194 -17.5 22 3
9464107 194 -17.5 22.5 3
9464108 194 -17.5 23 3
9479615 194.5 -18 21.5 3
9479616 194.5 -18 22 3
9479617 194.5 -18 22.5 3
9479618 194.5 -18 23 3
9479662 194.5 -17.5 21.5 3
9479663 194.5 -17.5 22 3
9479664 194.5 -17.5 22.5 3
9479665 194.5 -17.5 23 3
9495172 195 -18 21.5 3
9495173 195 -18 22 3
9495174 195 -18 22.5 3
9495175 195 -18 23 3
9495219 195 -17.5 21.5 3
9495220 195 -17.5 22 3
9495221 195 -17.5 22.5 3
9495222 195 -17.5 23 3
9510729 195.5 -18 21.5 3
9510730 195.5 -18 22 3
9510731 195.5 -18 22.5 3
9510732 195.5 -18 23 3
9510776 195.5 -17.5 21.5 3
9510777 195.5 -17.5 22 3
9510778 195.5 -17.5 22.5 3
9510779 195.5 -17.5 23 3
9526286 196 -18 21.5 3
9526287 196 -18 22 3
9526288 196 -18 22.5 3
9526289 196 -18 23 3
9526333 196 -17.5 21.5 3
9526334 196 -17.5 22 3
9526335 196 -17.5 22.5 3
9526336 196 -17.5 23 3
9541843 196.5 -18 21.5 3
9541844 196.5 -18 22 3
9541845 196.5 -18 22.5 3
9541846 196.5 -18 23 3
9541890 196.5 -17.5 21.5 3
9541891 196.5 -17.5 22 3
9541892 196.5 -17.5 22.5 3
9541893 196.5 -17.5 23 3
9557400 197 -18 21.5 3
9557401 197 -18 22 3
9557402 197 -18 22.5 3
9557403 197 -18 23 3
9557447 197 -17.5 21.5 3
9557448 197 -17.5 22 3
9557449 197 -17.5 22.5 3
9557450 197 -17.5 23 3
9572957 197.5 -18 21.5 3
9572958 197.5 -18 22 3
9572959 197.5 -18 22.5 3
9572960 197.5 -18 23 3
9573004 197.5 -17.5 21.5 3
9573005 197.5 -17.5 22 3
9573006 197.5 -17.5 22.5 3
9573007 197.5 -17.5 23 3
9588514 198 -18 21.5 3
9588515 198 -18 22 3
9588516 198 -18 22.5 3
9588517 198 -18 23 3
9588561 198 -17.5 21.5 3
9588562 198 -17.5 22 3
9588563 198 -17.5 22.5 3
9588564 198 -17.5 23 3
9604071 198.5 -18 21.5 3
9604072 198.5 -18 22 3
9604073 198.5 -18 22.5 3
9604074 198.5 -18 23 3
9604118 198.5 -17.5 21.5 3
9604119 198.5 -17.5 22 3
9604120 198.5 -17.5 22.5 3
9604121 198.5 -17.5 23 3
9619628 199 -18 21.5 3
9619629 199 -18 22 3
9619630 199 -18 22.5 3
9619631 199 -18 23 3
9619675 199 -17.5 21.5 3
9619676 199 -17.5 22 3
9619677 199 -17.5 22.5 3
9619678 199 -17.5 23 3
9635185 199.5 -18 21.5 3
9635186 199.5 -18 22 3
9635187 199.5 -18 22.5 3
9635188 199.5 -18 23 3
9635232 199.5 -17.5 21.5 3
9635233 199.5 -17.5 22 3
9635234 199.5 -17.5 22.5 3
9635235 199.5 -17.5 23 3
9650742 200 -18 21.5 3
9650743 200 -18 22 3
9650744 200 -18 22.5 3
9650745 200 -18 23 3
9650789 200 -17.5 21.5 3
9650790 200 -17.5 22 3
9650791 200 -17.5 22.5 3
9650792 200 -17.5 23 3
9666299 200.5 -18 21.5 3
9666300 200.5 -18 22 3
9666301 200.5 -18 22.5 3
9666302 200.5 -18 23 3
9666346 200.5 -17.5 21.5 3
9666347 200.5 -17.5 22 3
9666348 200.5 -17.5 22.5 3
9666349 200.5 -17.5 23 3
9681856 201 -18 21.5 3
9681857 201 -18 22 3
9681858 201 -18 22.5 3
9681859 201 -18 23 3
9681903 201 -17.5 21.5 3
9681904 201 -17.5 22 3
9681905 201 -17.5 22.5 3
9681906 201 -17.5 23 3
9697413 201.5 -18 21.5 3
9697414 201.5 -18 22 3
9697415 201.5 -18 22.5 3
9697416 201.5 -18 23 3
9697460 201.5 -17.5 21.5 3
9697461 201.5 -17.5 22 3
9697462 201.5 -17.5 22.5 3
9697463 201.5 -17.5 23 3
9712970 202 -18 21.5 3
9712971 202 -18 22 3
9712972 202 -18 22.5 3
9712973 202 -18 23 3
9713017 202 -17.5 21.5 3
9713018 202 -17.5 22 3
9713019 202 -17.5 22.5 3
9713020 202 -17.5 23 3
9728527 202.5 -18 21.5 3
9728528 202.5 -18 22 3
9728529 202.5 -18 22.5 3
9728530 202.5 -18 23 3
9728574 202.5 -17.5 21.5 3
9728575 202.5 -17.5 22 3
9728576 202.5 -17.5 22.5 3
9728577 202.5 -17.5 23 3
9744084 203 -18 21.5 3
9744085 203 -18 22 3
9744086 203 -18 22.5 3
9744087 203 -18 23 3
9744131 203 -17.5 21.5 3
9744132 203 -17.5 22 3
9744133 203 -17.5 22.5 3
9744134 203 -17.5 23 3
9759641 203.5 -18 21.5 3
9759642 203.5 -18 22 3
9759643 203.5 -18 22.5 3
9759644 203.5 -18 23 3
9759688 203.5 -17.5 21.5 3
9759689 203.5 -17.5 22 3
9759690 203.5 -17.5 22.5 3
9759691 203.5 -17.5 23 3
9775198 204 -18 21.5 3
9775199 204 -18 22 3
9775200 204 -18 22.5 3
9775201 204 -18 23 3
9775245 204 -17.5 21.5 3
9775246 204 -17.5 22 3
9775247 204 -17.5 22.5 3
9775248 204 -17.5 23 3
9790755 204.5 -18 21.5 3
9790756 204.5 -18 22 3
9790757 204.5 -18 22.5 3
9790758 204.5 -18 23 3
9790802 204.5 -17.5 21.5 3
9790803 204.5 -17.5 22 3
9790804 204.5 -17.5 22.5 3
9790805 204.5 -17.5 23 3
9806312 205 -18 21.5 3
9806313 205 -18 22 3
9806314 205 -18 22.5 3
9806315 205 -18 23 3
9806359 205 -17.5 21.5 3
9806360 205 -17.5 22 3
9806361 205 -17.5 22.5 3
9806362 205 -17.5 23 3
9821869 205.5 -18 21.5 3
9821870 205.5 -18 22 3
9821871 205.5 -18 22.5 3
9821872 205.5 -18 23 3
9821916 205.5 -17.5 21.5 3
9821917 205.5 -17.5 22 3
9821918 205.5 -17.5 22.5 3
9821919 205.5 -17.5 23 3
9837426 206 -18 21.5 3
9837427 206 -18 22 3
9837428 206 -18 22.5 3
9837429 206 -18 23 3
9837473 206 -17.5 21.5 3
9837474 206 -17.5 22 3
9837475 206 -17.5 22.5 3
9837476 206 -17.5 23 3
9852983 206.5 -18 21.5 3
9852984 206.5 -18 22 3
9852985 206.5 -18 22.5 3
9852986 206.5 -18 23 3
9853030 206.5 -17.5 21.5 3
9853031 206.5 -17.5 22 3
9853032 206.5 -17.5 22.5 3
9853033 206.5 -17.5 23 3
9868540 207 -18 21.5 3
9868541 207 -18 22 3
9868542 207 -18 22.5 3
9868543 207 -18 23 3
9868587 207 -17.5 21.5 3
9868588 207 -17.5 22 3
9868589 207 -17.5 22.5 3
9868590 207 -17.5 23 3
9884097 207.5 -18 21.5 3
9884098 207.5 -18 22 3
9884099 207.5 -18 22.5 3
9884100 207.5 -18 23 3
9884144 207.5 -17.5 21.5 3
9884145 207.5 -17.5 22 3
9884146 207.5 -17.5 22.5 3
9884147 207.5 -17.5 23 3
9899654 208 -18 21.5 3
9899655 208 -18 22 3
9899656 208 -18 22.5 3
9899657 208 -18 23 3
9899701 208 -17.5 21.5 3
9899702 208 -17.5 22 3
9899703 208 -17.5 22.5 3
9899704 208 -17.5 23 3
9915211 208.5 -18 21.5 3
9915212 208.5 -18 22 3
9915213 208.5 -18 22.5 3
9915214 208.5 -18 23 3
9915258 208.5 -17.5 21.5 3
9915259 208.5 -17.5 22 3
9915260 208.5 -17.5 22.5 3
9915261 208.5 -17.5 23 3
9930768 209 -18 21.5 3
9930769 209 -18 22 3
9930770 209 -18 22.5 3
9930771 209 -18 23 3
9930815 209 -17.5 21.5 3
9930816 209 -17.5 22 3
9930817 209 -17.5 22.5 3
9930818 209 -17.5 23 3
9946325 209.5 -18 21.5 3
9946326 209.5 -18 22 3
9946327 209.5 -18 22.5 3
9946328 209.5 -18 23 3
9946372 209.5 -17.5 21.5 3
9946373 209.5 -17.5 22 3
9946374 209.5 -17.5 22.5 3
9946375 209.5 -17.5 23 3
9961882 210 -18 21.5 3
9961883 210 -18 22 3
9961884 210 -18 22.5 3
9961885 210 -18 23 3
9961929 210 -17.5 21.5 3
9961930 210 -17.5 22 3
9961931 210 -17.5 22.5 3
9961932 210 -17.5 23 3
9977439 210.5 -18 21.5 3
9977440 210.5 -18 22 3
9977441 210.5 -18 22.5 3
9977442 210.5 -18 23 3
9977486 210.5 -17.5 21.5 3
9977487 210.5 -17.5 22 3
9977488 210.5 -17.5 22.5 3
9977489 210.5 -17.5 23 3
9992996 211 -18 21.5 3
9992997 211 -18 22 3
9992998 211 -18 22.5 3
9992999 211 -18 23 3
9993043 211 -17.5 21.5 3
9993044 211 -17.5 22 3
9993045 211 -17.5 22.5 3
9993046 211 -17.5 23 3
10008553 211.5 -18 21.5 3
10008554 211.5 -18 22 3
10008555 211.5 -18 22.5 3
10008556 211.5 -18 23 3
10008600 211.5 -17.5 21.5 3
10008601 211.5 -17.5 22 3
10008602 211.5 -17.5 22.5 3
10008603 211.5 -17.5 23 3
10024110 212 -18 21.5 3
10024111 212 -18 22 3
10024112 212 -18 22.5 3
10024113 212 -18 23 3
10024157 212 -17.5 21.5 3
10024158 212 -17.5 22 3
10024159 212 -17.5 22.5 3
10024160 212 -17.5 23 3
10039667 212.5 -18 21.5 3
10039668 212.5 -18 22 3
10039669 212.5 -18 22.5 3
10039670 212.5 -18 23 3
10039714 212.5 -17.5 21.5 3
10039715 212.5 -17.5 22 3
10039716 212.5 -17.5 22.5 3
10039717 212.5 -17.5 23 3
10055224 213 -18 21.5 3
10055225 213 -18 22 3
10055226 213 -18 22.5 3
10055227 213 -18 23 3
10055271 213 -17.5 21.5 3
10055272 213 -17.5 22 3
10055273 213 -17.5 22.5 3
10055274 213 -17.5 23 3
10070781 213.5 -18 21.5 3
10070782 213.5 -18 22 3
10070783 213.5 -18 22.5 3
10070784 213.5 -18 23 3
10070828 213.5 -17.5 21.5 3
10070829 213.5 -17.5 22 3
10070830 213.5 -17.5 22.5 3
10070831 213.5 -17.5 23 3
10086338 214 -18 21.5 3
10086339 214 -18 22 3
10086340 214 -18 22.5 3
10086341 214 -18 23 3
10086385 214 -17.5 21.5 3
10086386 214 -17.5 22 3
10086387 214 -17.5 22.5 3
10086388 214 -17.5 23 3
10101895 214.5 -18 21.5 3
10101896 214.5 -18 22 3
10101897 214.5 -18 22.5 3
10101898 214.5 -18 23 3
10101942 214.5 -17.5 21.5 3
10101943 214.5 -17.5 22 3
10101944 214.5 -17.5 22.5 3
10101945 214.5 -17.5 23 3
10117452 215 -18 21.5 3
10117453 215 -18 22 3
10117454 215 -18 22.5 3
10117455 215 -18 23 3
10117499 215 -17.5 21.5 3
10117500 215 -17.5 22 3
10117501 215 -17.5 22.5 3
10117502 215 -17.5 23 3
10133009 215.5 -18 21.5 3
10133010 215.5 -18 22 3
10133011 215.5 -18 22.5 3
10133012 215.5 -18 23 3
10133056 215.5 -17.5 21.5 3
10133057 215.5 -17.5 22 3
10133058 215.5 -17.5 22.5 3
10133059 215.5 -17.5 23 3
10148566 216 -18 21.5 3
10148567 216 -18 22 3
10148568 216 -18 22.5 3
10148569 216 -18 23 3
10148613 216 -17.5 21.5 3
10148614 216 -17.5 22 3
10148615 216 -17.5 22.5 3
10148616 216 -17.5 23 3
10164123 216.5 -18 21.5 3
10164124 216.5 -18 22 3
10164125 216.5 -18 22.5 3
10164126 216.5 -18 23 3
10164170 216.5 -17.5 21.5 3
10164171 216.5 -17.5 22 3
10164172 216.5 -17.5 22.5 3
10164173 216.5 -17.5 23 3
10179680 217 -18 21.5 3
10179681 217 -18 22 3
10179682 217 -18 22.5 3
10179683 217 -18 23 3
10179727 217 -17.5 21.5 3
10179728 217 -17.5 22 3
10179729 217 -17.5 22.5 3
10179730 217 -17.5 23 3
10195237 217.5 -18 21.5 3
10195238 217.5 -18 22 3
10195239 217.5 -18 22.5 3
10195240 217.5 -18 23 3
10195284 217.5 -17.5 21.5 3
10195285 217.5 -17.5 22 3
10195286 217.5 -17.5 22.5 3
10195287 217.5 -17.5 23 3
10210794 218 -18 21.5 3
10210795 218 -18 22 3
10210796 218 -18 22.5 3
10210797 218 -18 23 3
10210841 218 -17.5 21.5 3
10210842 218 -17.5 22 3
10210843 218 -17.5 22.5 3
10210844 218 -17.5 23 3
10226351 218.5 -18 21.5 3
10226352 218.5 -18 22 3
10226353 218.5 -18 22.5 3
10226354 218.5 -18 23 3
10226398 218.5 -17.5 21.5 3
10226399 218.5 -17.5 22 3
10226400 218.5 -17.5 22.5 3
10226401 218.5 -17.5 23 3
10241908 219 -18 21.5 3
10241909 219 -18 22 3
10241910 219 -18 22.5 3
10241911 219 -18 23 3
10241955 219 -17.5 21.5 3
10241956 219 -17.5 22 3
10241957 219 -17.5 22.5 3
10241958 219 -17.5 23 3
10257465 219.5 -18 21.5 3
10257466 219.5 -18 22 3
10257467 219.5 -18 22.5 3
10257468 219.5 -18 23 3
10257512 219.5 -17.5 21.5 3
10257513 219.5 -17.5 22 3
10257514 219.5 -17.5 22.5 3
10257515 219.5 -17.5 23 3
10273022 220 -18 21.5 3
10273023 220 -18 22 3
10273024 220 -18 22.5 3
10273025 220 -18 23 3
10273069 220 -17.5 21.5 3
10273070 220 -17.5 22 3
10273071 220 -17.5 22.5 3
10273072 220 -17.5 23 3
10288579 220.5 -18 21.5 3
10288580 220.5 -18 22 3
10288581 220.5 -18 22.5 3
10288582 220.5 -18 23 3
10288626 220.5 -17.5 21.5 3
10288627 220.5 -17.5 22 3
10288628 220.5 -17.5 22.5 3
10288629 220.5 -17.5 23 3
10304136 221 -18 21.5 3
10304137 221 -18 22 3
10304138 221 -18 22.5 3
10304139 221 -18 23 3
10304183 221 -17.5 21.5 3
10304184 221 -17.5 22 3
10304185 221 -17.5 22.5 3
10304186 221 -17.5 23 3
10319693 221.5 -18 21.5 3
10319694 221.5 -18 22 3
10319695 221.5 -18 22.5 3
10319696 221.5 -18 23 3
10319740 221.5 -17.5 21.5 3
10319741 221.5 -17.5 22 3
10319742 221.5 -17.5 22.5 3
10319743 221.5 -17.5 23 3
10335250 222 -18 21.5 3
10335251 222 -18 22 3
10335252 222 -18 22.5 3
10335253 222 -18 23 3
10335297 222 -17.5 21.5 3
10335298 222 -17.5 22 3
10335299 222 -17.5 22.5 3
10335300 222 -17.5 23 3
10350807 222.5 -18 21.5 3
10350808 222.5 -18 22 3
10350809 222.5 -18 22.5 3
10350810 222.5 -18 23 3
10350854 222.5 -17.5 21.5 3
10350855 222.5 -17.5 22 3
10350856 222.5 -17.5 22.5 3
10350857 222.5 -17.5 23 3
10366364 223 -18 21.5 3
10366365 223 -18 22 3
10366366 223 -18 22.5 3
10366367 223 -18 23 3
10366411 223 -17.5 21.5 3
10366412 223 -17.5 22 3
10366413 223 -17.5 22.5 3
10366414 223 -17.5 23 3
10381921 223.5 -18 21.5 3
10381922 223.5 -18 22 3
10381923 223.5 -18 22.5 3
10381924 223.5 -18 23 3
10381968 223.5 -17.5 21.5 3
10381969 223.5 -17.5 22 3
10381970 223.5 -17.5 22.5 3
10381971 223.5 -17.5 23 3
10397478 224 -18 21.5 3
10397479 224 -18 22 3
10397480 224 -18 22.5 3
10397481 224 -18 23 3
10397525 224 -17.5 21.5 3
10397526 224 -17.5 22 3
10397527 224 -17.5 22.5 3
10397528 224 -17.5 23 3
10413035 224.5 -18 21.5 3
10413036 224.5 -18 22 3
10413037 224.5 -18 22.5 3
10413038 224.5 -18 23 3
10413082 224.5 -17.5 21.5 3
10413083 224.5 -17.5 22 3
10413084 224.5 -17.5 22.5 3
10413085 224.5 -17.5 23 3
10428592 225 -18 21.5 3
10428593 225 -18 22 3
10428594 225 -18 22.5 3
10428595 225 -18 23 3
10428639 225 -17.5 21.5 3
10428640 225 -17.5 22 3
10428641 225 -17.5 22.5 3
10428642 225 -17.5 23 3
10444149 225.5 -18 21.5 3
10444150 225.5 -18 22 3
10444151 225.5 -18 22.5 3
10444152 225.5 -18 23 3
10444196 225.5 -17.5 21.5 3
10444197 225.5 -17.5 22 3
10444198 225.5 -17.5 22.5 3
10444199 225.5 -17.5 23 3
10459706 226 -18 21.5 3
10459707 226 -18 22 3
10459708 226 -18 22.5 3
10459709 226 -18 23 3
10459753 226 -17.5 21.5 3
10459754 226 -17.5 22 3
10459755 226 -17.5 22.5 3
10459756 226 -17.5 23 3
10475263 226.5 -18 21.5 3
10475264 226.5 -18 22 3
10475265 226.5 -18 22.5 3
10475266 226.5 -18 23 3
10475310 226.5 -17.5 21.5 3
10475311 226.5 -17.5 22 3
10475312 226.5 -17.5 22.5 3
10475313 226.5 -17.5 23 3
10490820 227 -18 21.5 3
10490821 227 -18 22 3
10490822 227 -18 22.5 3
10490823 227 -18 23 3
10490867 227 -17.5 21.5 3
10490868 227 -17.5 22 3
10490869 227 -17.5 22.5 3
10490870 227 -17.5 23 3
10506377 227.5 -18 21.5 3
10506378 227.5 -18 22 3
10506379 227.5 -18 22.5 3
10506380 227.5 -18 23 3
10506424 227.5 -17.5 21.5 3
10506425 227.5 -17.5 22 3
10506426 227.5 -17.5 22.5 3
10506427 227.5 -17.5 23 3
10521934 228 -18 21.5 3
10521935 228 -18 22 3
10521936 228 -18 22.5 3
10521937 228 -18 23 3
10521981 228 -17.5 21.5 3
10521982 228 -17.5 22 3
10521983 228 -17.5 22.5 3
10521984 228 -17.5 23 3
10537491 228.5 -18 21.5 3
10537492 228.5 -18 22 3
10537493 228.5 -18 22.5 3
10537494 228.5 -18 23 3
10537538 228.5 -17.5 21.5 3
10537539 228.5 -17.5 22 3
10537540 228.5 -17.5 22.5 3
10537541 228.5 -17.5 23 3
10553048 229 -18 21.5 3
10553049 229 -18 22 3
10553050 229 -18 22.5 3
10553051 229 -18 23 3
10553095 229 -17.5 21.5 3
10553096 229 -17.5 22 3
10553097 229 -17.5 22.5 3
10553098 229 -17.5 23 3
10568605 229.5 -18 21.5 3
10568606 229.5 -18 22 3
10568607 229.5 -18 22.5 3
10568608 229.5 -18 23 3
10568652 229.5 -17.5 21.5 3
10568653 229.5 -17.5 22 3
10568654 229.5 -17.5 22.5 3
10568655 229.5 -17.5 23 3
10584162 230 -18 21.5 3
10584163 230 -18 22 3
10584164 230 -18 22.5 3
10584165 230 -18 23 3
10584209 230 -17.5 21.5 3
10584210 230 -17.5 22 3
10584211 230 -17.5 22.5 3
10584212 230 -17.5 23 3
10599719 230.5 -18 21.5 3
10599720 230.5 -18 22 3
10599721 230.5 -18 22.5 3
10599722 230.5 -18 23 3
10599766 230.5 -17.5 21.5 3
10599767 230.5 -17.5 22 3
10599768 230.5 -17.5 22.5 3
10599769 230.5 -17.5 23 3
10615276 231 -18 21.5 3
10615277 231 -18 22 3
10615278 231 -18 22.5 3
10615279 231 -18 23 3
10615323 231 -17.5 21.5 3
10615324 231 -17.5 22 3
10615325 231 -17.5 22.5 3
10615326 231 -17.5 23 3
10630833 231.5 -18 21.5 3
10630834 231.5 -18 22 3
10630835 231.5 -18 22.5 3
10630836 231.5 -18 23 3
10630880 231.5 -17.5 21.5 3
10630881 231.5 -17.5 22 3
10630882 231.5 -17.5 22.5 3
10630883 231.5 -17.5 23 3
10646390 232 -18 21.5 3
10646391 232 -18 22 3
10646392 232 -18 22.5 3
10646393 232 -18 23 3
10646437 232 -17.5 21.5 3
10646438 232 -17.5 22 3
10646439 232 -17.5 22.5 3
10646440 232 -17.5 23 3
10661947 232.5 -18 21.5 3
10661948 232.5 -18 22 3
10661949 232.5 -18 22.5 3
10661950 232.5 -18 23 3
10661994 232.5 -17.5 21.5 3
10661995 232.5 -17.5 22 3
10661996 232.5 -17.5 22.5 3
10661997 232.5 -17.5 23 3
10677504 233 -18 21.5 3
10677505 233 -18 22 3
10677506 233 -18 22.5 3
10677507 233 -18 23 3
10677551 233 -17.5 21.5 3
10677552 233 -17.5 22 3
10677553 233 -17.5 22.5 3
10677554 233 -17.5 23 3
10693061 233.5 -18 21.5 3
10693062 233.5 -18 22 3
10693063 233.5 -18 22.5 3
10693064 233.5 -18 23 3
10693108 233.5 -17.5 21.5 3
10693109 233.5 -17.5 22 3
10693110 233.5 -17.5 22.5 3
10693111 233.5 -17.5 23 3
10708618 234 -18 21.5 3
10708619 234 -18 22 3
10708620 234 -18 22.5 3
10708621 234 -18 23 3
10708665 234 -17.5 21.5 3
10708666 234 -17.5 22 3
10708667 234 -17.5 22.5 3
10708668 234 -17.5 23 3
