8317539 157 32 21 2
8317540 157 32 21.5 2
8317586 157 32.5 21 2
8317587 157 32.5 21.5 2
8333049 157.5 31.5 21 2
8333050 157.5 31.5 21.5 2
8333096 157.5 32 21 2
8333097 157.5 32 21.5 2
8333143 157.5 32.5 21 2
8333144 157.5 32.5 21.5 2
8348512 158 30.5 21 2
8348513 158 30.5 21.5 2
8348559 158 31 21 2
8348560 158 31 21.5 2
8348606 158 31.5 21 2
8348607 158 31.5 21.5 2
8348653 158 32 21 2
8348654 158 32 21.5 2
8348700 158 32.5 21 2
8348701 158 32.5 21.5 2
8364022 158.5 30 21 2
8364023 158.5 30 21.5 2
8364069 158.5 30.5 21 2
8364070 158.5 30.5 21.5 2
8364116 158.5 31 21 2
8364117 158.5 31 21.5 2
8364163 158.5 31.5 21 2
8364164 158.5 31.5 21.5 2
8364210 158.5 32 21 2
8364211 158.5 32 21.5 2
8364257 158.5 32.5 21 2
8364258 158.5 32.5 21.5 2
8379485 159 29 21 2
8379486 159 29 21.5 2
8379532 159 29.5 21 2
8379533 159 29.5 21.5 2
8379579 159 30 21 2
8379580 159 30 21.5 2
8379626 159 30.5 21 2
8379627 159 30.5 21.5 2
8379673 159 31 21 2
8379674 159 31 21.5 2
8379720 159 31.5 21 2
8379721 159 31.5 21.5 2
8379767 159 32 21 2
8379768 159 32 21.5 2
8379814 159 32.5 21 2
8379815 159 32.5 21.5 2
8394995 159.5 28.5 21 2
8394996 159.5 28.5 21.5 2
8395042 159.5 29 21 2
8395043 159.5 29 21.5 2
8395089 159.5 29.5 21 2
8395090 159.5 29.5 21.5 2
8395136 159.5 30 21 2
8395137 159.5 30 21.5 2
8395183 159.5 30.5 21 2
8395184 159.5 30.5 21.5 2
8395230 159.5 31 21 2
8395231 159.5 31 21.5 2
8395277 159.5 31.5 21 2
8395278 159.5 31.5 21.5 2
8395324 159.5 32 21 2
8395325 159.5 32 21.5 2
8395371 159.5 32.5 21 2
8395372 159.5 32.5 21.5 2
8410552 160 28.5 21 2
8410553 160 28.5 21.5 2
8410599 160 29 21 2
8410600 160 29 21.5 2
8410646 160 29.5 21 2
8410647 160 29.5 21.5 2
8410693 160 30 21 2
8410694 160 30 21.5 2
8410740 160 30.5 21 2
8410741 160 30.5 21.5 2
8410787 160 31 21 2
8410788 160 31 21.5 2
8410834 160 31.5 21 2
8410835 160 31.5 21.5 2
8410881 160 32 21 2
8410882 160 32 21.5 2
8410928 160 32.5 21 2
8410929 160 32.5 21.5 2
8426109 160.5 28.5 21 2
8426110 160.5 28.5 21.5 2
8426156 160.5 29 21 2
8426157 160.5 29 21.5 2
8426203 160.5 29.5 21 2
8426204 160.5 29.5 21.5 2
8426250 160.5 30 21 2
8426251 160.5 30 21.5 2
8426297 160.5 30.5 21 2
8426298 160.5 30.5 21.5 2
8426344 160.5 31 21 2
8426345 160.5 31 21.5 2
8426391 160.5 31.5 21 2
8426392 160.5 31.5 21.5 2
8426438 160.5 32 21 2
8426439 160.5 32 21.5 2
8426485 160.5 32.5 21 2
8426486 160.5 32.5 21.5 2
8441666 161 28.5 21 2
8441667 161 28.5 21.5 2
8441713 161 29 21 2
8441714 161 29 21.5 2
8441760 161 29.5 21 2
8441761 161 29.5 21.5 2
8441807 161 30 21 2
8441808 161 30 21.5 2
8441854 161 30.5 21 2
8441855 161 30.5 21.5 2
8441901 161 31 21 2
8441902 161 31 21.5 2
8441948 161 31.5 21 2
8441949 161 31.5 21.5 2
8441995 161 32 21 2
8441996 161 32 21.5 2
8442042 161 32.5 21 2
8442043 161 32.5 21.5 2
8457223 161.5 28.5 21 2
8457224 161.5 28.5 21.5 2
8457270 161.5 29 21 2
8457271 161.5 29 21.5 2
8457317 161.5 29.5 21 2
8457318 161.5 29.5 21.5 2
8457364 161.5 30 21 2
8457365 161.5 30 21.5 2
8457411 161.5 30.5 21 2
8457412 161.5 30.5 21.5 2
8457458 161.5 31 21 2
8457459 161.5 31 21.5 2
8457505 161.5 31.5 21 2
8457506 161.5 31.5 21.5 2
8457552 161.5 32 21 2
8457553 161.5 32 21.5 2
8457599 161.5 32.5 21 2
8457600 161.5 32.5 21.5 2
8472780 162 28.5 21 2
8472781 162 28.5 21.5 2
8472827 162 29 21 2
8472828 162 29 21.5 2
8472874 162 29.5 21 2
8472875 162 29.5 21.5 2
8472921 162 30 21 2
8472922 162 30 21.5 2
8472968 162 30.5 21 2
8472969 162 30.5 21.5 2
8473015 162 31 21 2
8473016 162 31 21.5 2
8473062 162 31.5 21 2
8473063 162 31.5 21.5 2
8473109 162 32 21 2
8473110 162 32 21.5 2
8473156 162 32.5 21 2
8473157 162 32.5 21.5 2
8488337 162.5 28.5 21 2
8488338 162.5 28.5 21.5 2
8488384 162.5 29 21 2
8488385 162.5 29 21.5 2
8488431 162.5 29.5 21 2
8488432 162.5 29.5 21.5 2
8488478 162.5 30 21 2
8488479 162.5 30 21.5 2
8488525 162.5 30.5 21 2
8488526 162.5 30.5 21.5 2
8488572 162.5 31 21 2
8488573 162.5 31 21.5 2
8488619 162.5 31.5 21 2
8488620 162.5 31.5 21.5 2
8488666 162.5 32 21 2
8488667 162.5 32 21.5 2
8488713 162.5 32.5 21 2
8488714 162.5 32.5 21.5 2
8503894 163 28.5 21 2
8503895 163 28.5 21.5 2
8503941 163 29 21 2
8503942 163 29 21.5 2
8503988 163 29.5 21 2
8503989 163 29.5 21.5 2
8504035 163 30 21 2
8504036 163 30 21.5 2
8504082 163 30.5 21 2
8504083 163 30.5 21.5 2
8504129 163 31 21 2
8504130 163 31 21.5 2
8504176 163 31.5 21 2
8504177 163 31.5 21.5 2
8504223 163 32 21 2
8504224 163 32 21.5 2
8504270 163 32.5 21 2
8504271 163 32.5 21.5 2
8519451 163.5 28.5 21 2
8519452 163.5 28.5 21.5 2
8519498 163.5 29 21 2
8519499 163.5 29 21.5 2
8519545 163.5 29.5 21 2
8519546 163.5 29.5 21.5 2
8519592 163.5 30 21 2
8519593 163.5 30 21.5 2
8519639 163.5 30.5 21 2
8519640 163.5 30.5 21.5 2
8519686 163.5 31 21 2
8519687 163.5 31 21.5 2
8519733 163.5 31.5 21 2
8519734 163.5 31.5 21.5 2
8519780 163.5 32 21 2
8519781 163.5 32 21.5 2
8519827 163.5 32.5 21 2
8519828 163.5 32.5 21.5 2
8535008 164 28.5 21 2
8535009 164 28.5 21.5 2
8535055 164 29 21 2
8535056 164 29 21.5 2
8535102 164 29.5 21 2
8535103 164 29.5 21.5 2
8535149 164 30 21 2
8535150 164 30 21.5 2
8535196 164 30.5 21 2
8535197 164 30.5 21.5 2
8535243 164 31 21 2
8535244 164 31 21.5 2
8535290 164 31.5 21 2
8535291 164 31.5 21.5 2
8535337 164 32 21 2
8535338 164 32 21.5 2
8535384 164 32.5 21 2
8535385 164 32.5 21.5 2
8550565 164.5 28.5 21 2
8550566 164.5 28.5 21.5 2
8550612 164.5 29 21 2
8550613 164.5 29 21.5 2
8550659 164.5 29.5 21 2
8550660 164.5 29.5 21.5 2
8550706 164.5 30 21 2
8550707 164.5 30 21.5 2
8550753 164.5 30.5 21 2
8550754 164.5 30.5 21.5 2
8550800 164.5 31 21 2
8550801 164.5 31 21.5 2
8550847 164.5 31.5 21 2
8550848 164.5 31.5 21.5 2
8550894 164.5 32 21 2
8550895 164.5 32 21.5 2
8550941 164.5 32.5 21 2
8550942 164.5 32.5 21.5 2
8566122 165 28.5 21 2
8566123 165 28.5 21.5 2
8566169 165 29 21 2
8566170 165 29 21.5 2
8566216 165 29.5 21 2
8566217 165 29.5 21.5 2
8566263 165 30 21 2
8566264 165 30 21.5 2
8566310 165 30.5 21 2
8566311 165 30.5 21.5 2
8566357 165 31 21 2
8566358 165 31 21.5 2
8566404 165 31.5 21 2
8566405 165 31.5 21.5 2
8566451 165 32 21 2
8566452 165 32 21.5 2
8566498 165 32.5 21 2
8566499 165 32.5 21.5 2
8581679 165.5 28.5 21 2
8581680 165.5 28.5 21.5 2
8581726 165.5 29 21 2
8581727 165.5 29 21.5 2
8581773 165.5 29.5 21 2
8581774 165.5 29.5 21.5 2
8581820 165.5 30 21 2
8581821 165.5 30 21.5 2
8581867 165.5 30.5 21 2
8581868 165.5 30.5 21.5 2
8581914 165.5 31 21 2
8581915 165.5 31 21.5 2
8581961 165.5 31.5 21 2
8581962 165.5 31.5 21.5 2
8582008 165.5 32 21 2
8582009 165.5 32 21.5 2
8582055 165.5 32.5 21 2
8582056 165.5 32.5 21.5 2
8597236 166 28.5 21 2
8597237 166 28.5 21.5 2
8597283 166 29 21 2
8597284 166 29 21.5 2
8597330 166 29.5 21 2
8597331 166 29.5 21.5 2
8597377 166 30 21 2
8597378 166 30 21.5 2
8597424 166 30.5 21 2
8597425 166 30.5 21.5 2
8597471 166 31 21 2
8597472 166 31 21.5 2
8597518 166 31.5 21 2
8597519 166 31.5 21.5 2
8597565 166 32 21 2
8597566 166 32 21.5 2
8597612 166 32.5 21 2
8597613 166 32.5 21.5 2
8612793 166.5 28.5 21 2
8612794 166.5 28.5 21.5 2
8612840 166.5 29 21 2
8612841 166.5 29 21.5 2
8612887 166.5 29.5 21 2
8612888 166.5 29.5 21.5 2
8612934 166.5 30 21 2
8612935 166.5 30 21.5 2
8612981 166.5 30.5 21 2
8612982 166.5 30.5 21.5 2
8613028 166.5 31 21 2
8613029 166.5 31 21.5 2
8613075 166.5 31.5 21 2
8613076 166.5 31.5 21.5 2
8613122 166.5 32 21 2
8613123 166.5 32 21.5 2
8613169 166.5 32.5 21 2
8613170 166.5 32.5 21.5 2
8628350 167 28.5 21 2
8628351 167 28.5 21.5 2
8628397 167 29 21 2
8628398 167 29 21.5 2
8628444 167 29.5 21 2
8628445 167 29.5 21.5 2
8628491 167 30 21 2
8628492 167 30 21.5 2
8628538 167 30.5 21 2
8628539 167 30.5 21.5 2
8628585 167 31 21 2
8628586 167 31 21.5 2
8628632 167 31.5 21 2
8628633 167 31.5 21.5 2
8628679 167 32 21 2
8628680 167 32 21.5 2
8628726 167 32.5 21 2
8628727 167 32.5 21.5 2
8643907 167.5 28.5 21 2
8643908 167.5 28.5 21.5 2
8643954 167.5 29 21 2
8643955 167.5 29 21.5 2
8644001 167.5 29.5 21 2
8644002 167.5 29.5 21.5 2
8644048 167.5 30 21 2
8644049 167.5 30 21.5 2
8644095 167.5 30.5 21 2
8644096 167.5 30.5 21.5 2
8644142 167.5 31 21 2
8644143 167.5 31 21.5 2
8644189 167.5 31.5 21 2
8644190 167.5 31.5 21.5 2
8644236 167.5 32 21 2
8644237 167.5 32 21.5 2
8644283 167.5 32.5 21 2
8644284 167.5 32.5 21.5 2
8659464 168 28.5 21 2
8659465 168 28.5 21.5 2
8659511 168 29 21 2
8659512 168 29 21.5 2
8659558 168 29.5 21 2
8659559 168 29.5 21.5 2
8659605 168 30 21 2
8659606 168 30 21.5 2
8659652 168 30.5 21 2
8659653 168 30.5 21.5 2
8659699 168 31 21 2
8659700 168 31 21.5 2
8659746 168 31.5 21 2
8659747 168 31.5 21.5 2
8659793 168 32 21 2
8659794 168 32 21.5 2
8659840 168 32.5 21 2
8659841 168 32.5 21.5 2
8675021 168.5 28.5 21 2
8675022 168.5 28.5 21.5 2
8675068 168.5 29 21 2
8675069 168.5 29 21.5 2
8675115 168.5 29.5 21 2
8675116 168.5 29.5 21.5 2
8675162 168.5 30 21 2
8675163 168.5 30 21.5 2
8675209 168.5 30.5 21 2
8675210 168.5 30.5 21.5 2
8675256 168.5 31 21 2
8675257 168.5 31 21.5 2
8675303 168.5 31.5 21 2
8675304 168.5 31.5 21.5 2
8675350 168.5 32 21 2
8675351 168.5 32 21.5 2
8675397 168.5 32.5 21 2
8675398 168.5 32.5 21.5 2
8690578 169 28.5 21 2
8690579 169 28.5 21.5 2
8690625 169 29 21 2
8690626 169 29 21.5 2
8690672 169 29.5 21 2
8690673 169 29.5 21.5 2
8690719 169 30 21 2
8690720 169 30 21.5 2
8690766 169 30.5 21 2
8690767 169 30.5 21.5 2
8690813 169 31 21 2
8690814 169 31 21.5 2
8690860 169 31.5 21 2
8690861 169 31.5 21.5 2
8690907 169 32 21 2
8690908 169 32 21.5 2
8690954 169 32.5 21 2
8690955 169 32.5 21.5 2
8706135 169.5 28.5 21 2
8706136 169.5 28.5 21.5 2
8706182 169.5 29 21 2
8706183 169.5 29 21.5 2
8706229 169.5 29.5 21 2
8706230 169.5 29.5 21.5 2
8706276 169.5 30 21 2
8706277 169.5 30 21.5 2
8706323 169.5 30.5 21 2
8706324 169.5 30.5 21.5 2
8706370 169.5 31 21 2
8706371 169.5 31 21.5 2
8706417 169.5 31.5 21 2
8706418 169.5 31.5 21.5 2
8706464 169.5 32 21 2
8706465 169.5 32 21.5 2
8706511 169.5 32.5 21 2
8706512 169.5 32.5 21.5 2
8721692 170 28.5 21 2
8721693 170 28.5 21.5 2
8721739 170 29 21 2
8721740 170 29 21.5 2
8721786 170 29.5 21 2
8721787 170 29.5 21.5 2
8721833 170 30 21 2
8721834 170 30 21.5 2
8721880 170 30.5 21 2
8721881 170 30.5 21.5 2
8721927 170 31 21 2
8721928 170 31 21.5 2
8721974 170 31.5 21 2
8721975 170 31.5 21.5 2
8722021 170 32 21 2
8722022 170 32 21.5 2
8722068 170 32.5 21 2
8722069 170 32.5 21.5 2
8737249 170.5 28.5 21 2
8737250 170.5 28.5 21.5 2
8737296 170.5 29 21 2
8737297 170.5 29 21.5 2
8737343 170.5 29.5 21 2
8737344 170.5 29.5 21.5 2
8737390 170.5 30 21 2
8737391 170.5 30 21.5 2
8737437 170.5 30.5 21 2
8737438 170.5 30.5 21.5 2
8737484 170.5 31 21 2
8737485 170.5 31 21.5 2
8737531 170.5 31.5 21 2
8737532 170.5 31.5 21.5 2
8737578 170.5 32 21 2
8737579 170.5 32 21.5 2
8737625 170.5 32.5 21 2
8737626 170.5 32.5 21.5 2
8752806 171 28.5 21 2
8752807 171 28.5 21.5 2
8752853 171 29 21 2
8752854 171 29 21.5 2
8752900 171 29.5 21 2
8752901 171 29.5 21.5 2
8752947 171 30 21 2
8752948 171 30 21.5 2
8752994 171 30.5 21 2
8752995 171 30.5 21.5 2
8753041 171 31 21 2
8753042 171 31 21.5 2
8753088 171 31.5 21 2
8753089 171 31.5 21.5 2
8753135 171 32 21 2
8753136 171 32 21.5 2
8753182 171 32.5 21 2
8753183 171 32.5 21.5 2
8768363 171.5 28.5 21 2
8768364 171.5 28.5 21.5 2
8768410 171.5 29 21 2
8768411 171.5 29 21.5 2
8768457 171.5 29.5 21 2
8768458 171.5 29.5 21.5 2
8768504 171.5 30 21 2
8768505 171.5 30 21.5 2
8768551 171.5 30.5 21 2
8768552 171.5 30.5 21.5 2
8768598 171.5 31 21 2
8768599 171.5 31 21.5 2
8768645 171.5 31.5 21 2
8768646 171.5 31.5 21.5 2
8768692 171.5 32 21 2
8768693 171.5 32 21.5 2
8768739 171.5 32.5 21 2
8768740 171.5 32.5 21.5 2
8783920 172 28.5 21 2
8783921 172 28.5 21.5 2
8783967 172 29 21 2
8783968 172 29 21.5 2
8784014 172 29.5 21 2
8784015 172 29.5 21.5 2
8784061 172 30 21 2
8784062 172 30 21.5 2
8784108 172 30.5 21 2
8784109 172 30.5 21.5 2
8784155 172 31 21 2
8784156 172 31 21.5 2
8784202 172 31.5 21 2
8784203 172 31.5 21.5 2
8784249 172 32 21 2
8784250 172 32 21.5 2
8784296 172 32.5 21 2
8784297 172 32.5 21.5 2
8799477 172.5 28.5 21 2
8799478 172.5 28.5 21.5 2
8799524 172.5 29 21 2
8799525 172.5 29 21.5 2
8799571 172.5 29.5 21 2
8799572 172.5 29.5 21.5 2
8799618 172.5 30 21 2
8799619 172.5 30 21.5 2
8799665 172.5 30.5 21 2
8799666 172.5 30.5 21.5 2
8799712 172.5 31 21 2
8799713 172.5 31 21.5 2
8799759 172.5 31.5 21 2
8799760 172.5 31.5 21.5 2
8799806 172.5 32 21 2
8799807 172.5 32 21.5 2
8799853 172.5 32.5 21 2
8799854 172.5 32.5 21.5 2
8815034 173 28.5 21 2
8815035 173 28.5 21.5 2
8815081 173 29 21 2
8815082 173 29 21.5 2
8815128 173 29.5 21 2
8815129 173 29.5 21.5 2
8815175 173 30 21 2
8815176 173 30 21.5 2
8815222 173 30.5 21 2
8815223 173 30.5 21.5 2
8815269 173 31 21 2
8815270 173 31 21.5 2
8815316 173 31.5 21 2
8815317 173 31.5 21.5 2
8815363 173 32 21 2
8815364 173 32 21.5 2
8815410 173 32.5 21 2
8815411 173 32.5 21.5 2
8830591 173.5 28.5 21 2
8830592 173.5 28.5 21.5 2
8830638 173.5 29 21 2
8830639 173.5 29 21.5 2
8830685 173.5 29.5 21 2
8830686 173.5 29.5 21.5 2
8830732 173.5 30 21 2
8830733 173.5 30 21.5 2
8830779 173.5 30.5 21 2
8830780 173.5 30.5 21.5 2
8830826 173.5 31 21 2
8830827 173.5 31 21.5 2
8830873 173.5 31.5 21 2
8830874 173.5 31.5 21.5 2
8830920 173.5 32 21 2
8830921 173.5 32 21.5 2
8830967 173.5 32.5 21 2
8830968 173.5 32.5 21.5 2
8846148 174 28.5 21 2
8846149 174 28.5 21.5 2
8846195 174 29 21 2
8846196 174 29 21.5 2
8846242 174 29.5 21 2
8846243 174 29.5 21.5 2
8846289 174 30 21 2
8846290 174 30 21.5 2
8846336 174 30.5 21 2
8846337 174 30.5 21.5 2
8846383 174 31 21 2
8846384 174 31 21.5 2
8846430 174 31.5 21 2
8846431 174 31.5 21.5 2
8846477 174 32 21 2
8846478 174 32 21.5 2
8846524 174 32.5 21 2
8846525 174 32.5 21.5 2
8861705 174.5 28.5 21 2
8861706 174.5 28.5 21.5 2
8861752 174.5 29 21 2
8861753 174.5 29 21.5 2
8861799 174.5 29.5 21 2
8861800 174.5 29.5 21.5 2
8861846 174.5 30 21 2
8861847 174.5 30 21.5 2
8861893 174.5 30.5 21 2
8861894 174.5 30.5 21.5 2
8861940 174.5 31 21 2
8861941 174.5 31 21.5 2
8861987 174.5 31.5 21 2
8861988 174.5 31.5 21.5 2
8862034 174.5 32 21 2
8862035 174.5 32 21.5 2
8862081 174.5 32.5 21 2
8862082 174.5 32.5 21.5 2
8877262 175 28.5 21 2
8877263 175 28.5 21.5 2
8877309 175 29 21 2
8877310 175 29 21.5 2
8877356 175 29.5 21 2
8877357 175 29.5 21.5 2
8877403 175 30 21 2
8877404 175 30 21.5 2
8877450 175 30.5 21 2
8877451 175 30.5 21.5 2
8877497 175 31 21 2
8877498 175 31 21.5 2
8877544 175 31.5 21 2
8877545 175 31.5 21.5 2
8877591 175 32 21 2
8877592 175 32 21.5 2
8877638 175 32.5 21 2
8877639 175 32.5 21.5 2
8892819 175.5 28.5 21 2
8892820 175.5 28.5 21.5 2
8892866 175.5 29 21 2
8892867 175.5 29 21.5 2
8892913 175.5 29.5 21 2
8892914 175.5 29.5 21.5 2
8892960 175.5 30 21 2
8892961 175.5 30 21.5 2
8893007 175.5 30.5 21 2
8893008 175.5 30.5 21.5 2
8893054 175.5 31 21 2
8893055 175.5 31 21.5 2
8893101 175.5 31.5 21 2
8893102 175.5 31.5 21.5 2
8893148 175.5 32 21 2
8893149 175.5 32 21.5 2
8893195 175.5 32.5 21 2
8893196 175.5 32.5 21.5 2
8908376 176 28.5 21 2
8908377 176 28.5 21.5 2
8908423 176 29 21 2
8908424 176 29 21.5 2
8908470 176 29.5 21 2
8908471 176 29.5 21.5 2
8908517 176 30 21 2
8908518 176 30 21.5 2
8908564 176 30.5 21 2
8908565 176 30.5 21.5 2
8908611 176 31 21 2
8908612 176 31 21.5 2
8908658 176 31.5 21 2
8908659 176 31.5 21.5 2
8908705 176 32 21 2
8908706 176 32 21.5 2
8908752 176 32.5 21 2
8908753 176 32.5 21.5 2
8923933 176.5 28.5 21 2
8923934 176.5 28.5 21.5 2
8923980 176.5 29 21 2
8923981 176.5 29 21.5 2
8924027 176.5 29.5 21 2
8924028 176.5 29.5 21.5 2
8924074 176.5 30 21 2
8924075 176.5 30 21.5 2
8924121 176.5 30.5 21 2
8924122 176.5 30.5 21.5 2
8924168 176.5 31 21 2
8924169 176.5 31 21.5 2
8924215 176.5 31.5 21 2
8924216 176.5 31.5 21.5 2
8924262 176.5 32 21 2
8924263 176.5 32 21.5 2
8924309 176.5 32.5 21 2
8924310 176.5 32.5 21.5 2
8939490 177 28.5 21 2
8939491 177 28.5 21.5 2
8939537 177 29 21 2
8939538 177 29 21.5 2
8939584 177 29.5 21 2
8939585 177 29.5 21.5 2
8939631 177 30 21 2
8939632 177 30 21.5 2
8939678 177 30.5 21 2
8939679 177 30.5 21.5 2
8939725 177 31 21 2
8939726 177 31 21.5 2
8939772 177 31.5 21 2
8939773 177 31.5 21.5 2
8939819 177 32 21 2
8939820 177 32 21.5 2
8939866 177 32.5 21 2
8939867 177 32.5 21.5 2
8955047 177.5 28.5 21 2
8955048 177.5 28.5 21.5 2
8955094 177.5 29 21 2
8955095 177.5 29 21.5 2
8955141 177.5 29.5 21 2
8955142 177.5 29.5 21.5 2
8955188 177.5 30 21 2
8955189 177.5 30 21.5 2
8955235 177.5 30.5 21 2
8955236 177.5 30.5 21.5 2
8955282 177.5 31 21 2
8955283 177.5 31 21.5 2
8955329 177.5 31.5 21 2
8955330 177.5 31.5 21.5 2
8955376 177.5 32 21 2
8955377 177.5 32 21.5 2
8955423 177.5 32.5 21 2
8955424 177.5 32.5 21.5 2
8970604 178 28.5 21 2
8970605 178 28.5 21.5 2
8970651 178 29 21 2
8970652 178 29 21.5 2
8970698 178 29.5 21 2
8970699 178 29.5 21.5 2
8970745 178 30 21 2
8970746 178 30 21.5 2
8970792 178 30.5 21 2
8970793 178 30.5 21.5 2
8970839 178 31 21 2
8970840 178 31 21.5 2
8970886 178 31.5 21 2
8970887 178 31.5 21.5 2
8970933 178 32 21 2
8970934 178 32 21.5 2
8970980 178 32.5 21 2
8970981 178 32.5 21.5 2
8986161 178.5 28.5 21 2
8986162 178.5 28.5 21.5 2
8986208 178.5 29 21 2
8986209 178.5 29 21.5 2
8986255 178.5 29.5 21 2
8986256 178.5 29.5 21.5 2
8986302 178.5 30 21 2
8986303 178.5 30 21.5 2
8986349 178.5 30.5 21 2
8986350 178.5 30.5 21.5 2
8986396 178.5 31 21 2
8986397 178.5 31 21.5 2
8986443 178.5 31.5 21 2
8986444 178.5 31.5 21.5 2
8986490 178.5 32 21 2
8986491 178.5 32 21.5 2
8986537 178.5 32.5 21 2
8986538 178.5 32.5 21.5 2
9001718 179 28.5 21 2
9001719 179 28.5 21.5 2
9001765 179 29 21 2
9001766 179 29 21.5 2
9001812 179 29.5 21 2
9001813 179 29.5 21.5 2
9001859 179 30 21 2
9001860 179 30 21.5 2
9001906 179 30.5 21 2
9001907 179 30.5 21.5 2
9001953 179 31 21 2
9001954 179 31 21.5 2
9002000 179 31.5 21 2
9002001 179 31.5 21.5 2
9002047 179 32 21 2
9002048 179 32 21.5 2
9002094 179 32.5 21 2
9002095 179 32.5 21.5 2
9017275 179.5 28.5 21 2
9017276 179.5 28.5 21.5 2
9017322 179.5 29 21 2
9017323 179.5 29 21.5 2
9017369 179.5 29.5 21 2
9017370 179.5 29.5 21.5 2
9017416 179.5 30 21 2
9017417 179.5 30 21.5 2
9017463 179.5 30.5 21 2
9017464 179.5 30.5 21.5 2
9017510 179.5 31 21 2
9017511 179.5 31 21.5 2
9017557 179.5 31.5 21 2
9017558 179.5 31.5 21.5 2
9017604 179.5 32 21 2
9017605 179.5 32 21.5 2
9017651 179.5 32.5 21 2
9017652 179.5 32.5 21.5 2
9032832 180 28.5 21 2
9032833 180 28.5 21.5 2
9032879 180 29 21 2
9032880 180 29 21.5 2
9032926 180 29.5 21 2
9032927 180 29.5 21.5 2
9032973 180 30 21 2
9032974 180 30 21.5 2
9033020 180 30.5 21 2
9033021 180 30.5 21.5 2
9033067 180 31 21 2
9033068 180 31 21.5 2
9033114 180 31.5 21 2
9033115 180 31.5 21.5 2
9033161 180 32 21 2
9033162 180 32 21.5 2
9033208 180 32.5 21 2
9033209 180 32.5 21.5 2
9048389 180.5 28.5 21 2
9048390 180.5 28.5 21.5 2
9048436 180.5 29 21 2
9048437 180.5 29 21.5 2
9048483 180.5 29.5 21 2
9048484 180.5 29.5 21.5 2
9048530 180.5 30 21 2
9048531 180.5 30 21.5 2
9048577 180.5 30.5 21 2
9048578 180.5 30.5 21.5 2
9048624 180.5 31 21 2
9048625 180.5 31 21.5 2
9048671 180.5 31.5 21 2
9048672 180.5 31.5 21.5 2
9048718 180.5 32 21 2
9048719 180.5 32 21.5 2
9048765 180.5 32.5 21 2
9048766 180.5 32.5 21.5 2
9063946 181 28.5 21 2
9063947 181 28.5 21.5 2
9063993 181 29 21 2
9063994 181 29 21.5 2
9064040 181 29.5 21 2
9064041 181 29.5 21.5 2
9064087 181 30 21 2
9064088 181 30 21.5 2
9064134 181 30.5 21 2
9064135 181 30.5 21.5 2
9064181 181 31 21 2
9064182 181 31 21.5 2
9064228 181 31.5 21 2
9064229 181 31.5 21.5 2
9064275 181 32 21 2
9064276 181 32 21.5 2
9064322 181 32.5 21 2
9064323 181 32.5 21.5 2
9079503 181.5 28.5 21 2
9079504 181.5 28.5 21.5 2
9079550 181.5 29 21 2
9079551 181.5 29 21.5 2
9079597 181.5 29.5 21 2
9079598 181.5 29.5 21.5 2
9079644 181.5 30 21 2
9079645 181.5 30 21.5 2
9079691 181.5 30.5 21 2
9079692 181.5 30.5 21.5 2
9079738 181.5 31 21 2
9079739 181.5 31 21.5 2
9079785 181.5 31.5 21 2
9079786 181.5 31.5 21.5 2
9079832 181.5 32 21 2
9079833 181.5 32 21.5 2
9079879 181.5 32.5 21 2
9079880 181.5 32.5 21.5 2
9095060 182 28.5 21 2
9095061 182 28.5 21.5 2
9095107 182 29 21 2
9095108 182 29 21.5 2
9095154 182 29.5 21 2
9095155 182 29.5 21.5 2
9095201 182 30 21 2
9095202 182 30 21.5 2
9095248 182 30.5 21 2
9095249 182 30.5 21.5 2
9095295 182 31 21 2
9095296 182 31 21.5 2
9095342 182 31.5 21 2
9095343 182 31.5 21.5 2
9095389 182 32 21 2
9095390 182 32 21.5 2
9095436 182 32.5 21 2
9095437 182 32.5 21.5 2
9110617 182.5 28.5 21 2
9110618 182.5 28.5 21.5 2
9110664 182.5 29 21 2
9110665 182.5 29 21.5 2
9110711 182.5 29.5 21 2
9110712 182.5 29.5 21.5 2
9110758 182.5 30 21 2
9110759 182.5 30 21.5 2
9110805 182.5 30.5 21 2
9110806 182.5 30.5 21.5 2
9110852 182.5 31 21 2
9110853 182.5 31 21.5 2
9110899 182.5 31.5 21 2
9110900 182.5 31.5 21.5 2
9110946 182.5 32 21 2
9110947 182.5 32 21.5 2
9110993 182.5 32.5 21 2
9110994 182.5 32.5 21.5 2
9126174 183 28.5 21 2
9126175 183 28.5 21.5 2
9126221 183 29 21 2
9126222 183 29 21.5 2
9126268 183 29.5 21 2
9126269 183 29.5 21.5 2
9126315 183 30 21 2
9126316 183 30 21.5 2
9126362 183 30.5 21 2
9126363 183 30.5 21.5 2
9126409 183 31 21 2
9126410 183 31 21.5 2
9126456 183 31.5 21 2
9126457 183 31.5 21.5 2
9126503 183 32 21 2
9126504 183 32 21.5 2
9126550 183 32.5 21 2
9126551 183 32.5 21.5 2
9141731 183.5 28.5 21 2
9141732 183.5 28.5 21.5 2
9141778 183.5 29 21 2
9141779 183.5 29 21.5 2
9141825 183.5 29.5 21 2
9141826 183.5 29.5 21.5 2
9141872 183.5 30 21 2
9141873 183.5 30 21.5 2
9141919 183.5 30.5 21 2
9141920 183.5 30.5 21.5 2
9141966 183.5 31 21 2
9141967 183.5 31 21.5 2
9142013 183.5 31.5 21 2
9142014 183.5 31.5 21.5 2
9142060 183.5 32 21 2
9142061 183.5 32 21.5 2
9142107 183.5 32.5 21 2
9142108 183.5 32.5 21.5 2
9157288 184 28.5 21 2
9157289 184 28.5 21.5 2
9157335 184 29 21 2
9157336 184 29 21.5 2
9157382 184 29.5 21 2
9157383 184 29.5 21.5 2
9157429 184 30 21 2
9157430 184 30 21.5 2
9157476 184 30.5 21 2
9157477 184 30.5 21.5 2
9157523 184 31 21 2
9157524 184 31 21.5 2
9157570 184 31.5 21 2
9157571 184 31.5 21.5 2
9157617 184 32 21 2
9157618 184 32 21.5 2
9157664 184 32.5 21 2
9157665 184 32.5 21.5 2
9172845 184.5 28.5 21 2
9172846 184.5 28.5 21.5 2
9172892 184.5 29 21 2
9172893 184.5 29 21.5 2
9172939 184.5 29.5 21 2
9172940 184.5 29.5 21.5 2
9172986 184.5 30 21 2
9172987 184.5 30 21.5 2
9173033 184.5 30.5 21 2
9173034 184.5 30.5 21.5 2
9173080 184.5 31 21 2
9173081 184.5 31 21.5 2
9173127 184.5 31.5 21 2
9173128 184.5 31.5 21.5 2
9173174 184.5 32 21 2
9173175 184.5 32 21.5 2
9173221 184.5 32.5 21 2
9173222 184.5 32.5 21.5 2
9188402 185 28.5 21 2
9188403 185 28.5 21.5 2
9188449 185 29 21 2
9188450 185 29 21.5 2
9188496 185 29.5 21 2
9188497 185 29.5 21.5 2
9188543 185 30 21 2
9188544 185 30 21.5 2
9188590 185 30.5 21 2
9188591 185 30.5 21.5 2
9188637 185 31 21 2
9188638 185 31 21.5 2
9188684 185 31.5 21 2
9188685 185 31.5 21.5 2
9188731 185 32 21 2
9188732 185 32 21.5 2
9188778 185 32.5 21 2
9188779 185 32.5 21.5 2
9203959 185.5 28.5 21 2
9203960 185.5 28.5 21.5 2
9204006 185.5 29 21 2
9204007 185.5 29 21.5 2
9204053 185.5 29.5 21 2
9204054 185.5 29.5 21.5 2
9204100 185.5 30 21 2
9204101 185.5 30 21.5 2
9204147 185.5 30.5 21 2
9204148 185.5 30.5 21.5 2
9204194 185.5 31 21 2
9204195 185.5 31 21.5 2
9204241 185.5 31.5 21 2
9204242 185.5 31.5 21.5 2
9204288 185.5 32 21 2
9204289 185.5 32 21.5 2
9204335 185.5 32.5 21 2
9204336 185.5 32.5 21.5 2
9219516 186 28.5 21 2
9219517 186 28.5 21.5 2
9219563 186 29 21 2
9219564 186 29 21.5 2
9219610 186 29.5 21 2
9219611 186 29.5 21.5 2
9219657 186 30 21 2
9219658 186 30 21.5 2
9219704 186 30.5 21 2
9219705 186 30.5 21.5 2
9219751 186 31 21 2
9219752 186 31 21.5 2
9219798 186 31.5 21 2
9219799 186 31.5 21.5 2
9219845 186 32 21 2
9219846 186 32 21.5 2
9219892 186 32.5 21 2
9219893 186 32.5 21.5 2
9235073 186.5 28.5 21 2
9235074 186.5 28.5 21.5 2
9235120 186.5 29 21 2
9235121 186.5 29 21.5 2
9235167 186.5 29.5 21 2
9235168 186.5 29.5 21.5 2
9235214 186.5 30 21 2
9235215 186.5 30 21.5 2
9235261 186.5 30.5 21 2
9235262 186.5 30.5 21.5 2
9235308 186.5 31 21 2
9235309 186.5 31 21.5 2
9235355 186.5 31.5 21 2
9235356 186.5 31.5 21.5 2
9235402 186.5 32 21 2
9235403 186.5 32 21.5 2
9235449 186.5 32.5 21 2
9235450 186.5 32.5 21.5 2
9250630 187 28.5 21 2
9250631 187 28.5 21.5 2
9250677 187 29 21 2
9250678 187 29 21.5 2
9250724 187 29.5 21 2
9250725 187 29.5 21.5 2
9250771 187 30 21 2
9250772 187 30 21.5 2
9250818 187 30.5 21 2
9250819 187 30.5 21.5 2
9250865 187 31 21 2
9250866 187 31 21.5 2
9250912 187 31.5 21 2
9250913 187 31.5 21.5 2
9250959 187 32 21 2
9250960 187 32 21.5 2
9251006 187 32.5 21 2
9251007 187 32.5 21.5 2
9266187 187.5 28.5 21 2
9266188 187.5 28.5 21.5 2
9266234 187.5 29 21 2
9266235 187.5 29 21.5 2
9266281 187.5 29.5 21 2
9266282 187.5 29.5 21.5 2
9266328 187.5 30 21 2
9266329 187.5 30 21.5 2
9266375 187.5 30.5 21 2
9266376 187.5 30.5 21.5 2
9266422 187.5 31 21 2
9266423 187.5 31 21.5 2
9266469 187.5 31.5 21 2
9266470 187.5 31.5 21.5 2
9266516 187.5 32 21 2
9266517 187.5 32 21.5 2
9266563 187.5 32.5 21 2
9266564 187.5 32.5 21.5 2
9281744 188 28.5 21 2
9281745 188 28.5 21.5 2
9281791 188 29 21 2
9281792 188 29 21.5 2
9281838 188 29.5 21 2
9281839 188 29.5 21.5 2
9281885 188 30 21 2
9281886 188 30 21.5 2
9281932 188 30.5 21 2
9281933 188 30.5 21.5 2
9281979 188 31 21 2
9281980 188 31 21.5 2
9282026 188 31.5 21 2
9282027 188 31.5 21.5 2
9282073 188 32 21 2
9282074 188 32 21.5 2
9282120 188 32.5 21 2
9282121 188 32.5 21.5 2
9297301 188.5 28.5 21 2
9297302 188.5 28.5 21.5 2
9297348 188.5 29 21 2
9297349 188.5 29 21.5 2
9297395 188.5 29.5 21 2
9297396 188.5 29.5 21.5 2
9297442 188.5 30 21 2
9297443 188.5 30 21.5 2
9297489 188.5 30.5 21 2
9297490 188.5 30.5 21.5 2
9297536 188.5 31 21 2
9297537 188.5 31 21.5 2
9297583 188.5 31.5 21 2
9297584 188.5 31.5 21.5 2
9297630 188.5 32 21 2
9297631 188.5 32 21.5 2
9297677 188.5 32.5 21 2
9297678 188.5 32.5 21.5 2
9312858 189 28.5 21 2
9312859 189 28.5 21.5 2
9312905 189 29 21 2
9312906 189 29 21.5 2
9312952 189 29.5 21 2
9312953 189 29.5 21.5 2
9312999 189 30 21 2
9313000 189 30 21.5 2
9313046 189 30.5 21 2
9313047 189 30.5 21.5 2
9313093 189 31 21 2
9313094 189 31 21.5 2
9313140 189 31.5 21 2
9313141 189 31.5 21.5 2
9313187 189 32 21 2
9313188 189 32 21.5 2
9313234 189 32.5 21 2
9313235 189 32.5 21.5 2
9328415 189.5 28.5 21 2
9328416 189.5 28.5 21.5 2
9328462 189.5 29 21 2
9328463 189.5 29 21.5 2
9328509 189.5 29.5 21 2
9328510 189.5 29.5 21.5 2
9328556 189.5 30 21 2
9328557 189.5 30 21.5 2
9328603 189.5 30.5 21 2
9328604 189.5 30.5 21.5 2
9328650 189.5 31 21 2
9328651 189.5 31 21.5 2
9328697 189.5 31.5 21 2
9328698 189.5 31.5 21.5 2
9328744 189.5 32 21 2
9328745 189.5 32 21.5 2
9328791 189.5 32.5 21 2
9328792 189.5 32.5 21.5 2
9343972 190 28.5 21 2
9343973 190 28.5 21.5 2
9344019 190 29 21 2
9344020 190 29 21.5 2
9344066 190 29.5 21 2
9344067 190 29.5 21.5 2
9344113 190 30 21 2
9344114 190 30 21.5 2
9344160 190 30.5 21 2
9344161 190 30.5 21.5 2
9344207 190 31 21 2
9344208 190 31 21.5 2
9344254 190 31.5 21 2
9344255 190 31.5 21.5 2
9344301 190 32 21 2
9344302 190 32 21.5 2
9344348 190 32.5 21 2
9344349 190 32.5 21.5 2
9359529 190.5 28.5 21 2
9359530 190.5 28.5 21.5 2
9359576 190.5 29 21 2
9359577 190.5 29 21.5 2
9359623 190.5 29.5 21 2
9359624 190.5 29.5 21.5 2
9359670 190.5 30 21 2
9359671 190.5 30 21.5 2
9359717 190.5 30.5 21 2
9359718 190.5 30.5 21.5 2
9359764 190.5 31 21 2
9359765 190.5 31 21.5 2
9359811 190.5 31.5 21 2
9359812 190.5 31.5 21.5 2
9359858 190.5 32 21 2
9359859 190.5 32 21.5 2
9359905 190.5 32.5 21 2
9359906 190.5 32.5 21.5 2
9375086 191 28.5 21 2
9375087 191 28.5 21.5 2
9375133 191 29 21 2
9375134 191 29 21.5 2
9375180 191 29.5 21 2
9375181 191 29.5 21.5 2
9375227 191 30 21 2
9375228 191 30 21.5 2
9375274 191 30.5 21 2
9375275 191 30.5 21.5 2
9375321 191 31 21 2
9375322 191 31 21.5 2
9375368 191 31.5 21 2
9375369 191 31.5 21.5 2
9375415 191 32 21 2
9375416 191 32 21.5 2
9375462 191 32.5 21 2
9375463 191 32.5 21.5 2
9390643 191.5 28.5 21 2
9390644 191.5 28.5 21.5 2
9390690 191.5 29 21 2
9390691 191.5 29 21.5 2
9390737 191.5 29.5 21 2
9390738 191.5 29.5 21.5 2
9390784 191.5 30 21 2
9390785 191.5 30 21.5 2
9390831 191.5 30.5 21 2
9390832 191.5 30.5 21.5 2
9390878 191.5 31 21 2
9390879 191.5 31 21.5 2
9390925 191.5 31.5 21 2
9390926 191.5 31.5 21.5 2
9390972 191.5 32 21 2
9390973 191.5 32 21.5 2
9391019 191.5 32.5 21 2
9391020 191.5 32.5 21.5 2
9406200 192 28.5 21 2
9406201 192 28.5 21.5 2
9406247 192 29 21 2
9406248 192 29 21.5 2
9406294 192 29.5 21 2
9406295 192 29.5 21.5 2
9406341 192 30 21 2
9406342 192 30 21.5 2
9406388 192 30.5 21 2
9406389 192 30.5 21.5 2
9406435 192 31 21 2
9406436 192 31 21.5 2
9406482 192 31.5 21 2
9406483 192 31.5 21.5 2
9406529 192 32 21 2
9406530 192 32 21.5 2
9406576 192 32.5 21 2
9406577 192 32.5 21.5 2
9421757 192.5 28.5 21 2
9421758 192.5 28.5 21.5 2
9421804 192.5 29 21 2
9421805 192.5 29 21.5 2
9421851 192.5 29.5 21 2
9421852 192.5 29.5 21.5 2
9421898 192.5 30 21 2
9421899 192.5 30 21.5 2
9421945 192.5 30.5 21 2
9421946 192.5 30.5 21.5 2
9421992 192.5 31 21 2
9421993 192.5 31 21.5 2
9422039 192.5 31.5 21 2
9422040 192.5 31.5 21.5 2
9422086 192.5 32 21 2
9422087 192.5 32 21.5 2
9422133 192.5 32.5 21 2
9422134 192.5 32.5 21.5 2
9437314 193 28.5 21 2
9437315 193 28.5 21.5 2
9437361 193 29 21 2
9437362 193 29 21.5 2
9437408 193 29.5 21 2
9437409 193 29.5 21.5 2
9437455 193 30 21 2
9437456 193 30 21.5 2
9437502 193 30.5 21 2
9437503 193 30.5 21.5 2
9437549 193 31 21 2
9437550 193 31 21.5 2
9437596 193 31.5 21 2
9437597 193 31.5 21.5 2
9437643 193 32 21 2
9437644 193 32 21.5 2
9437690 193 32.5 21 2
9437691 193 32.5 21.5 2
9452871 193.5 28.5 21 2
9452872 193.5 28.5 21.5 2
9452918 193.5 29 21 2
9452919 193.5 29 21.5 2
9452965 193.5 29.5 21 2
9452966 193.5 29.5 21.5 2
9453012 193.5 30 21 2
9453013 193.5 30 21.5 2
9453059 193.5 30.5 21 2
9453060 193.5 30.5 21.5 2
9453106 193.5 31 21 2
9453107 193.5 31 21.5 2
9453153 193.5 31.5 21 2
9453154 193.5 31.5 21.5 2
9453200 193.5 32 21 2
9453201 193.5 32 21.5 2
9453247 193.5 32.5 21 2
9453248 193.5 32.5 21.5 2
9468428 194 28.5 21 2
9468429 194 28.5 21.5 2
9468475 194 29 21 2
9468476 194 29 21.5 2
9468522 194 29.5 21 2
9468523 194 29.5 21.5 2
9468569 194 30 21 2
9468570 194 30 21.5 2
9468616 194 30.5 21 2
9468617 194 30.5 21.5 2
9468663 194 31 21 2
9468664 194 31 21.5 2
9468710 194 31.5 21 2
9468711 194 31.5 21.5 2
9468757 194 32 21 2
9468758 194 32 21.5 2
9468804 194 32.5 21 2
9468805 194 32.5 21.5 2
9483985 194.5 28.5 21 2
9483986 194.5 28.5 21.5 2
9484032 194.5 29 21 2
9484033 194.5 29 21.5 2
9484079 194.5 29.5 21 2
9484080 194.5 29.5 21.5 2
9484126 194.5 30 21 2
9484127 194.5 30 21.5 2
9484173 194.5 30.5 21 2
9484174 194.5 30.5 21.5 2
9484220 194.5 31 21 2
9484221 194.5 31 21.5 2
9484267 194.5 31.5 21 2
9484268 194.5 31.5 21.5 2
9484314 194.5 32 21 2
9484315 194.5 32 21.5 2
9484361 194.5 32.5 21 2
9484362 194.5 32.5 21.5 2
9499542 195 28.5 21 2
9499543 195 28.5 21.5 2
9499589 195 29 21 2
9499590 195 29 21.5 2
9499636 195 29.5 21 2
9499637 195 29.5 21.5 2
9499683 195 30 21 2
9499684 195 30 21.5 2
9499730 195 30.5 21 2
9499731 195 30.5 21.5 2
9499777 195 31 21 2
9499778 195 31 21.5 2
9499824 195 31.5 21 2
9499825 195 31.5 21.5 2
9499871 195 32 21 2
9499872 195 32 21.5 2
9499918 195 32.5 21 2
9499919 195 32.5 21.5 2
9515099 195.5 28.5 21 2
9515100 195.5 28.5 21.5 2
9515146 195.5 29 21 2
9515147 195.5 29 21.5 2
9515193 195.5 29.5 21 2
9515194 195.5 29.5 21.5 2
9515240 195.5 30 21 2
9515241 195.5 30 21.5 2
9515287 195.5 30.5 21 2
9515288 195.5 30.5 21.5 2
9515334 195.5 31 21 2
9515335 195.5 31 21.5 2
9515381 195.5 31.5 21 2
9515382 195.5 31.5 21.5 2
9515428 195.5 32 21 2
9515429 195.5 32 21.5 2
9515475 195.5 32.5 21 2
9515476 195.5 32.5 21.5 2
9530656 196 28.5 21 2
9530657 196 28.5 21.5 2
9530703 196 29 21 2
9530704 196 29 21.5 2
9530750 196 29.5 21 2
9530751 196 29.5 21.5 2
9530797 196 30 21 2
9530798 196 30 21.5 2
9530844 196 30.5 21 2
9530845 196 30.5 21.5 2
9530891 196 31 21 2
9530892 196 31 21.5 2
9530938 196 31.5 21 2
9530939 196 31.5 21.5 2
9530985 196 32 21 2
9530986 196 32 21.5 2
9531032 196 32.5 21 2
9531033 196 32.5 21.5 2
9546213 196.5 28.5 21 2
9546214 196.5 28.5 21.5 2
9546260 196.5 29 21 2
9546261 196.5 29 21.5 2
9546307 196.5 29.5 21 2
9546308 196.5 29.5 21.5 2
9546354 196.5 30 21 2
9546355 196.5 30 21.5 2
9546401 196.5 30.5 21 2
9546402 196.5 30.5 21.5 2
9546448 196.5 31 21 2
9546449 196.5 31 21.5 2
9546495 196.5 31.5 21 2
9546496 196.5 31.5 21.5 2
9546542 196.5 32 21 2
9546543 196.5 32 21.5 2
9546589 196.5 32.5 21 2
9546590 196.5 32.5 21.5 2
9561770 197 28.5 21 2
9561771 197 28.5 21.5 2
9561817 197 29 21 2
9561818 197 29 21.5 2
9561864 197 29.5 21 2
9561865 197 29.5 21.5 2
9561911 197 30 21 2
9561912 197 30 21.5 2
9561958 197 30.5 21 2
9561959 197 30.5 21.5 2
9562005 197 31 21 2
9562006 197 31 21.5 2
9562052 197 31.5 21 2
9562053 197 31.5 21.5 2
9562099 197 32 21 2
9562100 197 32 21.5 2
9562146 197 32.5 21 2
9562147 197 32.5 21.5 2
9577327 197.5 28.5 21 2
9577328 197.5 28.5 21.5 2
9577374 197.5 29 21 2
9577375 197.5 29 21.5 2
9577421 197.5 29.5 21 2
9577422 197.5 29.5 21.5 2
9577468 197.5 30 21 2
9577469 197.5 30 21.5 2
9577515 197.5 30.5 21 2
9577516 197.5 30.5 21.5 2
9577562 197.5 31 21 2
9577563 197.5 31 21.5 2
9577609 197.5 31.5 21 2
9577610 197.5 31.5 21.5 2
9577656 197.5 32 21 2
9577657 197.5 32 21.5 2
9577703 197.5 32.5 21 2
9577704 197.5 32.5 21.5 2
9592884 198 28.5 21 2
9592885 198 28.5 21.5 2
9592931 198 29 21 2
9592932 198 29 21.5 2
9592978 198 29.5 21 2
9592979 198 29.5 21.5 2
9593025 198 30 21 2
9593026 198 30 21.5 2
9593072 198 30.5 21 2
9593073 198 30.5 21.5 2
9593119 198 31 21 2
9593120 198 31 21.5 2
9593166 198 31.5 21 2
9593167 198 31.5 21.5 2
9593213 198 32 21 2
9593214 198 32 21.5 2
9593260 198 32.5 21 2
9593261 198 32.5 21.5 2
9608441 198.5 28.5 21 2
9608442 198.5 28.5 21.5 2
9608488 198.5 29 21 2
9608489 198.5 29 21.5 2
9608535 198.5 29.5 21 2
9608536 198.5 29.5 21.5 2
9608582 198.5 30 21 2
9608583 198.5 30 21.5 2
9608629 198.5 30.5 21 2
9608630 198.5 30.5 21.5 2
9608676 198.5 31 21 2
9608677 198.5 31 21.5 2
9608723 198.5 31.5 21 2
9608724 198.5 31.5 21.5 2
9608770 198.5 32 21 2
9608771 198.5 32 21.5 2
9608817 198.5 32.5 21 2
9608818 198.5 32.5 21.5 2
9623998 199 28.5 21 2
9623999 199 28.5 21.5 2
9624045 199 29 21 2
9624046 199 29 21.5 2
9624092 199 29.5 21 2
9624093 199 29.5 21.5 2
9624139 199 30 21 2
9624140 199 30 21.5 2
9624186 199 30.5 21 2
9624187 199 30.5 21.5 2
9624233 199 31 21 2
9624234 199 31 21.5 2
9624280 199 31.5 21 2
9624281 199 31.5 21.5 2
9624327 199 32 21 2
9624328 199 32 21.5 2
9624374 199 32.5 21 2
9624375 199 32.5 21.5 2
9639555 199.5 28.5 21 2
9639556 199.5 28.5 21.5 2
9639602 199.5 29 21 2
9639603 199.5 29 21.5 2
9639649 199.5 29.5 21 2
9639650 199.5 29.5 21.5 2
9639696 199.5 30 21 2
9639697 199.5 30 21.5 2
9639743 199.5 30.5 21 2
9639744 199.5 30.5 21.5 2
9639790 199.5 31 21 2
9639791 199.5 31 21.5 2
9639837 199.5 31.5 21 2
9639838 199.5 31.5 21.5 2
9639884 199.5 32 21 2
9639885 199.5 32 21.5 2
9639931 199.5 32.5 21 2
9639932 199.5 32.5 21.5 2
9655112 200 28.5 21 2
9655113 200 28.5 21.5 2
9655159 200 29 21 2
9655160 200 29 21.5 2
9655206 200 29.5 21 2
9655207 200 29.5 21.5 2
9655253 200 30 21 2
9655254 200 30 21.5 2
9655300 200 30.5 21 2
9655301 200 30.5 21.5 2
9655347 200 31 21 2
9655348 200 31 21.5 2
9655394 200 31.5 21 2
9655395 200 31.5 21.5 2
9655441 200 32 21 2
9655442 200 32 21.5 2
9655488 200 32.5 21 2
9655489 200 32.5 21.5 2
9670669 200.5 28.5 21 2
9670670 200.5 28.5 21.5 2
9670716 200.5 29 21 2
9670717 200.5 29 21.5 2
9670763 200.5 29.5 21 2
9670764 200.5 29.5 21.5 2
9670810 200.5 30 21 2
9670811 200.5 30 21.5 2
9670857 200.5 30.5 21 2
9670858 200.5 30.5 21.5 2
9670904 200.5 31 21 2
9670905 200.5 31 21.5 2
9670951 200.5 31.5 21 2
9670952 200.5 31.5 21.5 2
9670998 200.5 32 21 2
9670999 200.5 32 21.5 2
9671045 200.5 32.5 21 2
9671046 200.5 32.5 21.5 2
9686226 201 28.5 21 2
9686227 201 28.5 21.5 2
9686273 201 29 21 2
9686274 201 29 21.5 2
9686320 201 29.5 21 2
9686321 201 29.5 21.5 2
9686367 201 30 21 2
9686368 201 30 21.5 2
9686414 201 30.5 21 2
9686415 201 30.5 21.5 2
9686461 201 31 21 2
9686462 201 31 21.5 2
9686508 201 31.5 21 2
9686509 201 31.5 21.5 2
9686555 201 32 21 2
9686556 201 32 21.5 2
9686602 201 32.5 21 2
9686603 201 32.5 21.5 2
9701783 201.5 28.5 21 2
9701784 201.5 28.5 21.5 2
9701830 201.5 29 21 2
9701831 201.5 29 21.5 2
9701877 201.5 29.5 21 2
9701878 201.5 29.5 21.5 2
9701924 201.5 30 21 2
9701925 201.5 30 21.5 2
9701971 201.5 30.5 21 2
9701972 201.5 30.5 21.5 2
9702018 201.5 31 21 2
9702019 201.5 31 21.5 2
9702065 201.5 31.5 21 2
9702066 201.5 31.5 21.5 2
9702112 201.5 32 21 2
9702113 201.5 32 21.5 2
9702159 201.5 32.5 21 2
9702160 201.5 32.5 21.5 2
9717340 202 28.5 21 2
9717341 202 28.5 21.5 2
9717387 202 29 21 2
9717388 202 29 21.5 2
9717434 202 29.5 21 2
9717435 202 29.5 21.5 2
9717481 202 30 21 2
9717482 202 30 21.5 2
9717528 202 30.5 21 2
9717529 202 30.5 21.5 2
9717575 202 31 21 2
9717576 202 31 21.5 2
9717622 202 31.5 21 2
9717623 202 31.5 21.5 2
9732897 202.5 28.5 21 2
9732898 202.5 28.5 21.5 2
9732944 202.5 29 21 2
9732945 202.5 29 21.5 2
9732991 202.5 29.5 21 2
9732992 202.5 29.5 21.5 2
9733038 202.5 30 21 2
9733039 202.5 30 21.5 2
9733085 202.5 30.5 21 2
9733086 202.5 30.5 21.5 2
9733132 202.5 31 21 2
9733133 202.5 31 21.5 2
9748454 203 28.5 21 2
9748455 203 28.5 21.5 2
9748501 203 29 21 2
9748502 203 29 21.5 2
9748548 203 29.5 21 2
9748549 203 29.5 21.5 2
9748595 203 30 21 2
9748596 203 30 21.5 2
9764011 203.5 28.5 21 2
9764012 203.5 28.5 21.5 2
9764058 203.5 29 21 2
9764059 203.5 29 21.5 2
9764105 203.5 29.5 21 2
9764106 203.5 29.5 21.5 2
9779568 204 28.5 21 2
9779569 204 28.5 21.5 2
