3708531 9 -12 21 2
3708532 9 -12 21.5 2
3723995 9.5 -13 21.5 2
3724042 9.5 -12.5 21.5 2
3724088 9.5 -12 21 2
3724089 9.5 -12 21.5 2
3739505 10 -13.5 21.5 2
3739552 10 -13 21.5 2
3739599 10 -12.5 21.5 2
3739645 10 -12 21 2
3739646 10 -12 21.5 2
3754968 10.5 -14.5 21.5 2
3755015 10.5 -14 21.5 2
3755062 10.5 -13.5 21.5 2
3755109 10.5 -13 21.5 2
3755156 10.5 -12.5 21.5 2
3755202 10.5 -12 21 2
3755203 10.5 -12 21.5 2
3770478 11 -15 21.5 2
3770525 11 -14.5 21.5 2
3770572 11 -14 21.5 2
3770619 11 -13.5 21.5 2
3770666 11 -13 21.5 2
3770713 11 -12.5 21.5 2
3770759 11 -12 21 2
3770760 11 -12 21.5 2
3785941 11.5 -16 21.5 2
3785988 11.5 -15.5 21.5 2
3786035 11.5 -15 21.5 2
3786082 11.5 -14.5 21.5 2
3786129 11.5 -14 21.5 2
3786176 11.5 -13.5 21.5 2
3786223 11.5 -13 21.5 2
3786270 11.5 -12.5 21.5 2
3786316 11.5 -12 21 2
3786317 11.5 -12 21.5 2
3801498 12 -16 21.5 2
3801545 12 -15.5 21.5 2
3801592 12 -15 21.5 2
3801639 12 -14.5 21.5 2
3801686 12 -14 21.5 2
3801733 12 -13.5 21.5 2
3801780 12 -13 21.5 2
3801827 12 -12.5 21.5 2
3801873 12 -12 21 2
3801874 12 -12 21.5 2
3817055 12.5 -16 21.5 2
3817102 12.5 -15.5 21.5 2
3817149 12.5 -15 21.5 2
3817196 12.5 -14.5 21.5 2
3817243 12.5 -14 21.5 2
3817290 12.5 -13.5 21.5 2
3817337 12.5 -13 21.5 2
3817384 12.5 -12.5 21.5 2
3817430 12.5 -12 21 2
3817431 12.5 -12 21.5 2
3832612 13 -16 21.5 2
3832659 13 -15.5 21.5 2
3832706 13 -15 21.5 2
3832753 13 -14.5 21.5 2
3832800 13 -14 21.5 2
3832847 13 -13.5 21.5 2
3832894 13 -13 21.5 2
3832941 13 -12.5 21.5 2
3832987 13 -12 21 2
3832988 13 -12 21.5 2
3848169 13.5 -16 21.5 2
3848216 13.5 -15.5 21.5 2
3848263 13.5 -15 21.5 2
3848310 13.5 -14.5 21.5 2
3848357 13.5 -14 21.5 2
3848404 13.5 -13.5 21.5 2
3848451 13.5 -13 21.5 2
3848498 13.5 -12.5 21.5 2
3848544 13.5 -12 21 2
3848545 13.5 -12 21.5 2
3863726 14 -16 21.5 2
3863773 14 -15.5 21.5 2
3863820 14 -15 21.5 2
3863867 14 -14.5 21.5 2
3863914 14 -14 21.5 2
3863961 14 -13.5 21.5 2
3864008 14 -13 21.5 2
3864055 14 -12.5 21.5 2
3864101 14 -12 21 2
3864102 14 -12 21.5 2
3879283 14.5 -16 21.5 2
3879330 14.5 -15.5 21.5 2
3879377 14.5 -15 21.5 2
3879424 14.5 -14.5 21.5 2
3879471 14.5 -14 21.5 2
3879518 14.5 -13.5 21.5 2
3879565 14.5 -13 21.5 2
3879612 14.5 -12.5 21.5 2
3879658 14.5 -12 21 2
3879659 14.5 -12 21.5 2
3894840 15 -16 21.5 2
3894887 15 -15.5 21.5 2
3894934 15 -15 21.5 2
3894981 15 -14.5 21.5 2
3895028 15 -14 21.5 2
3895075 15 -13.5 21.5 2
3895122 15 -13 21.5 2
3895169 15 -12.5 21.5 2
3895215 15 -12 21 2
3895216 15 -12 21.5 2
3910397 15.5 -16 21.5 2
3910444 15.5 -15.5 21.5 2
3910491 15.5 -15 21.5 2
3910538 15.5 -14.5 21.5 2
3910585 15.5 -14 21.5 2
3910632 15.5 -13.5 21.5 2
3910679 15.5 -13 21.5 2
3910726 15.5 -12.5 21.5 2
3910772 15.5 -12 21 2
3910773 15.5 -12 21.5 2
3925954 16 -16 21.5 2
3926001 16 -15.5 21.5 2
3926048 16 -15 21.5 2
3926095 16 -14.5 21.5 2
3926142 16 -14 21.5 2
3926189 16 -13.5 21.5 2
3926236 16 -13 21.5 2
3926283 16 -12.5 21.5 2
3926329 16 -12 21 2
3926330 16 -12 21.5 2
3941511 16.5 -16 21.5 2
3941558 16.5 -15.5 21.5 2
3941605 16.5 -15 21.5 2
3941652 16.5 -14.5 21.5 2
3941699 16.5 -14 21.5 2
3941746 16.5 -13.5 21.5 2
3941793 16.5 -13 21.5 2
3941840 16.5 -12.5 21.5 2
3941886 16.5 -12 21 2
3941887 16.5 -12 21.5 2
3957068 17 -16 21.5 2
3957115 17 -15.5 21.5 2
3957162 17 -15 21.5 2
3957209 17 -14.5 21.5 2
3957256 17 -14 21.5 2
3957303 17 -13.5 21.5 2
3957350 17 -13 21.5 2
3957397 17 -12.5 21.5 2
3957443 17 -12 21 2
3957444 17 -12 21.5 2
3972625 17.5 -16 21.5 2
3972672 17.5 -15.5 21.5 2
3972719 17.5 -15 21.5 2
3972766 17.5 -14.5 21.5 2
3972813 17.5 -14 21.5 2
3972860 17.5 -13.5 21.5 2
3972907 17.5 -13 21.5 2
3972954 17.5 -12.5 21.5 2
3973000 17.5 -12 21 2
3973001 17.5 -12 21.5 2
3988182 18 -16 21.5 2
3988229 18 -15.5 21.5 2
3988276 18 -15 21.5 2
3988323 18 -14.5 21.5 2
3988370 18 -14 21.5 2
3988417 18 -13.5 21.5 2
3988464 18 -13 21.5 2
3988511 18 -12.5 21.5 2
3988557 18 -12 21 2
3988558 18 -12 21.5 2
4003739 18.5 -16 21.5 2
4003786 18.5 -15.5 21.5 2
4003833 18.5 -15 21.5 2
4003880 18.5 -14.5 21.5 2
4003927 18.5 -14 21.5 2
4003974 18.5 -13.5 21.5 2
4004021 18.5 -13 21.5 2
4004068 18.5 -12.5 21.5 2
4004114 18.5 -12 21 2
4004115 18.5 -12 21.5 2
4019296 19 -16 21.5 2
4019343 19 -15.5 21.5 2
4019390 19 -15 21.5 2
4019437 19 -14.5 21.5 2
4019484 19 -14 21.5 2
4019531 19 -13.5 21.5 2
4019578 19 -13 21.5 2
4019625 19 -12.5 21.5 2
4019671 19 -12 21 2
4019672 19 -12 21.5 2
4034853 19.5 -16 21.5 2
4034900 19.5 -15.5 21.5 2
4034947 19.5 -15 21.5 2
4034994 19.5 -14.5 21.5 2
4035041 19.5 -14 21.5 2
4035088 19.5 -13.5 21.5 2
4035135 19.5 -13 21.5 2
4035182 19.5 -12.5 21.5 2
4035228 19.5 -12 21 2
4035229 19.5 -12 21.5 2
4050410 20 -16 21.5 2
4050457 20 -15.5 21.5 2
4050504 20 -15 21.5 2
4050551 20 -14.5 21.5 2
4050598 20 -14 21.5 2
4050645 20 -13.5 21.5 2
4050692 20 -13 21.5 2
4050739 20 -12.5 21.5 2
4050785 20 -12 21 2
4050786 20 -12 21.5 2
4065967 20.5 -16 21.5 2
4066014 20.5 -15.5 21.5 2
4066061 20.5 -15 21.5 2
4066108 20.5 -14.5 21.5 2
4066155 20.5 -14 21.5 2
4066202 20.5 -13.5 21.5 2
4066249 20.5 -13 21.5 2
4066296 20.5 -12.5 21.5 2
4066342 20.5 -12 21 2
4066343 20.5 -12 21.5 2
4081524 21 -16 21.5 2
4081571 21 -15.5 21.5 2
4081618 21 -15 21.5 2
4081665 21 -14.5 21.5 2
4081712 21 -14 21.5 2
4081759 21 -13.5 21.5 2
4081806 21 -13 21.5 2
4081853 21 -12.5 21.5 2
4081899 21 -12 21 2
4081900 21 -12 21.5 2
4097081 21.5 -16 21.5 2
4097128 21.5 -15.5 21.5 2
4097175 21.5 -15 21.5 2
4097222 21.5 -14.5 21.5 2
4097269 21.5 -14 21.5 2
4097316 21.5 -13.5 21.5 2
4097363 21.5 -13 21.5 2
4097410 21.5 -12.5 21.5 2
4097456 21.5 -12 21 2
4097457 21.5 -12 21.5 2
4112638 22 -16 21.5 2
4112685 22 -15.5 21.5 2
4112732 22 -15 21.5 2
4112779 22 -14.5 21.5 2
4112826 22 -14 21.5 2
4112873 22 -13.5 21.5 2
4112920 22 -13 21.5 2
4112967 22 -12.5 21.5 2
4113013 22 -12 21 2
4113014 22 -12 21.5 2
4128195 22.5 -16 21.5 2
4128242 22.5 -15.5 21.5 2
4128289 22.5 -15 21.5 2
4128336 22.5 -14.5 21.5 2
4128383 22.5 -14 21.5 2
4128430 22.5 -13.5 21.5 2
4128477 22.5 -13 21.5 2
4128524 22.5 -12.5 21.5 2
4128570 22.5 -12 21 2
4128571 22.5 -12 21.5 2
4143752 23 -16 21.5 2
4143799 23 -15.5 21.5 2
4143846 23 -15 21.5 2
4143893 23 -14.5 21.5 2
4143940 23 -14 21.5 2
4143987 23 -13.5 21.5 2
4144034 23 -13 21.5 2
4144081 23 -12.5 21.5 2
4144127 23 -12 21 2
4144128 23 -12 21.5 2
4159309 23.5 -16 21.5 2
4159356 23.5 -15.5 21.5 2
4159403 23.5 -15 21.5 2
4159450 23.5 -14.5 21.5 2
4159497 23.5 -14 21.5 2
4159544 23.5 -13.5 21.5 2
4159591 23.5 -13 21.5 2
4159638 23.5 -12.5 21.5 2
4159684 23.5 -12 21 2
4159685 23.5 -12 21.5 2
4174866 24 -16 21.5 2
4174913 24 -15.5 21.5 2
4174960 24 -15 21.5 2
4175007 24 -14.5 21.5 2
4175054 24 -14 21.5 2
4175101 24 -13.5 21.5 2
4175148 24 -13 21.5 2
4175195 24 -12.5 21.5 2
4175241 24 -12 21 2
4175242 24 -12 21.5 2
4190423 24.5 -16 21.5 2
4190470 24.5 -15.5 21.5 2
4190517 24.5 -15 21.5 2
4190564 24.5 -14.5 21.5 2
4190611 24.5 -14 21.5 2
4190658 24.5 -13.5 21.5 2
4190705 24.5 -13 21.5 2
4190752 24.5 -12.5 21.5 2
4190798 24.5 -12 21 2
4190799 24.5 -12 21.5 2
4205980 25 -16 21.5 2
4206027 25 -15.5 21.5 2
4206074 25 -15 21.5 2
4206121 25 -14.5 21.5 2
4206168 25 -14 21.5 2
4206215 25 -13.5 21.5 2
4206262 25 -13 21.5 2
4206309 25 -12.5 21.5 2
4206355 25 -12 21 2
4206356 25 -12 21.5 2
4221537 25.5 -16 21.5 2
4221584 25.5 -15.5 21.5 2
4221631 25.5 -15 21.5 2
4221678 25.5 -14.5 21.5 2
4221725 25.5 -14 21.5 2
4221772 25.5 -13.5 21.5 2
4221819 25.5 -13 21.5 2
4221866 25.5 -12.5 21.5 2
4221912 25.5 -12 21 2
4221913 25.5 -12 21.5 2
4237094 26 -16 21.5 2
4237141 26 -15.5 21.5 2
4237188 26 -15 21.5 2
4237235 26 -14.5 21.5 2
4237282 26 -14 21.5 2
4237329 26 -13.5 21.5 2
4237376 26 -13 21.5 2
4237423 26 -12.5 21.5 2
4237469 26 -12 21 2
4237470 26 -12 21.5 2
4252651 26.5 -16 21.5 2
4252698 26.5 -15.5 21.5 2
4252745 26.5 -15 21.5 2
4252792 26.5 -14.5 21.5 2
4252839 26.5 -14 21.5 2
4252886 26.5 -13.5 21.5 2
4252933 26.5 -13 21.5 2
4252980 26.5 -12.5 21.5 2
4253026 26.5 -12 21 2
4253027 26.5 -12 21.5 2
4268208 27 -16 21.5 2
4268255 27 -15.5 21.5 2
4268302 27 -15 21.5 2
4268349 27 -14.5 21.5 2
4268396 27 -14 21.5 2
4268443 27 -13.5 21.5 2
4268490 27 -13 21.5 2
4268537 27 -12.5 21.5 2
4268583 27 -12 21 2
4268584 27 -12 21.5 2
4283765 27.5 -16 21.5 2
4283812 27.5 -15.5 21.5 2
4283859 27.5 -15 21.5 2
4283906 27.5 -14.5 21.5 2
4283953 27.5 -14 21.5 2
4284000 27.5 -13.5 21.5 2
4284047 27.5 -13 21.5 2
4284094 27.5 -12.5 21.5 2
4284140 27.5 -12 21 2
4284141 27.5 -12 21.5 2
4299322 28 -16 21.5 2
4299369 28 -15.5 21.5 2
4299416 28 -15 21.5 2
4299463 28 -14.5 21.5 2
4299510 28 -14 21.5 2
4299557 28 -13.5 21.5 2
4299604 28 -13 21.5 2
4299651 28 -12.5 21.5 2
4299697 28 -12 21 2
4299698 28 -12 21.5 2
4314879 28.5 -16 21.5 2
4314926 28.5 -15.5 21.5 2
4314973 28.5 -15 21.5 2
4315020 28.5 -14.5 21.5 2
4315067 28.5 -14 21.5 2
4315114 28.5 -13.5 21.5 2
4315161 28.5 -13 21.5 2
4315208 28.5 -12.5 21.5 2
4315254 28.5 -12 21 2
4315255 28.5 -12 21.5 2
4330436 29 -16 21.5 2
4330483 29 -15.5 21.5 2
4330530 29 -15 21.5 2
4330577 29 -14.5 21.5 2
4330624 29 -14 21.5 2
4330671 29 -13.5 21.5 2
4330718 29 -13 21.5 2
4330765 29 -12.5 21.5 2
4330811 29 -12 21 2
4330812 29 -12 21.5 2
4345993 29.5 -16 21.5 2
4346040 29.5 -15.5 21.5 2
4346087 29.5 -15 21.5 2
4346134 29.5 -14.5 21.5 2
4346181 29.5 -14 21.5 2
4346228 29.5 -13.5 21.5 2
4346275 29.5 -13 21.5 2
4346322 29.5 -12.5 21.5 2
4346368 29.5 -12 21 2
4346369 29.5 -12 21.5 2
4361550 30 -16 21.5 2
4361597 30 -15.5 21.5 2
4361644 30 -15 21.5 2
4361691 30 -14.5 21.5 2
4361738 30 -14 21.5 2
4361785 30 -13.5 21.5 2
4361832 30 -13 21.5 2
4361879 30 -12.5 21.5 2
4361925 30 -12 21 2
4361926 30 -12 21.5 2
4377107 30.5 -16 21.5 2
4377154 30.5 -15.5 21.5 2
4377201 30.5 -15 21.5 2
4377248 30.5 -14.5 21.5 2
4377295 30.5 -14 21.5 2
4377342 30.5 -13.5 21.5 2
4377389 30.5 -13 21.5 2
4377436 30.5 -12.5 21.5 2
4377482 30.5 -12 21 2
4377483 30.5 -12 21.5 2
4392664 31 -16 21.5 2
4392711 31 -15.5 21.5 2
4392758 31 -15 21.5 2
4392805 31 -14.5 21.5 2
4392852 31 -14 21.5 2
4392899 31 -13.5 21.5 2
4392946 31 -13 21.5 2
4392993 31 -12.5 21.5 2
4393039 31 -12 21 2
4393040 31 -12 21.5 2
4408221 31.5 -16 21.5 2
4408268 31.5 -15.5 21.5 2
4408315 31.5 -15 21.5 2
4408362 31.5 -14.5 21.5 2
4408409 31.5 -14 21.5 2
4408456 31.5 -13.5 21.5 2
4408503 31.5 -13 21.5 2
4408550 31.5 -12.5 21.5 2
4408596 31.5 -12 21 2
4408597 31.5 -12 21.5 2
4423778 32 -16 21.5 2
4423825 32 -15.5 21.5 2
4423872 32 -15 21.5 2
4423919 32 -14.5 21.5 2
4423966 32 -14 21.5 2
4424013 32 -13.5 21.5 2
4424060 32 -13 21.5 2
4424107 32 -12.5 21.5 2
4424153 32 -12 21 2
4424154 32 -12 21.5 2
4439335 32.5 -16 21.5 2
4439382 32.5 -15.5 21.5 2
4439429 32.5 -15 21.5 2
4439476 32.5 -14.5 21.5 2
4439523 32.5 -14 21.5 2
4439570 32.5 -13.5 21.5 2
4439617 32.5 -13 21.5 2
4439664 32.5 -12.5 21.5 2
4439710 32.5 -12 21 2
4439711 32.5 -12 21.5 2
4454892 33 -16 21.5 2
4454939 33 -15.5 21.5 2
4454986 33 -15 21.5 2
4455033 33 -14.5 21.5 2
4455080 33 -14 21.5 2
4455127 33 -13.5 21.5 2
4455174 33 -13 21.5 2
4455221 33 -12.5 21.5 2
4455267 33 -12 21 2
4455268 33 -12 21.5 2
4470449 33.5 -16 21.5 2
4470496 33.5 -15.5 21.5 2
4470543 33.5 -15 21.5 2
4470590 33.5 -14.5 21.5 2
4470637 33.5 -14 21.5 2
4470684 33.5 -13.5 21.5 2
4470731 33.5 -13 21.5 2
4470778 33.5 -12.5 21.5 2
4470824 33.5 -12 21 2
4470825 33.5 -12 21.5 2
4486006 34 -16 21.5 2
4486053 34 -15.5 21.5 2
4486100 34 -15 21.5 2
4486147 34 -14.5 21.5 2
4486194 34 -14 21.5 2
4486241 34 -13.5 21.5 2
4486288 34 -13 21.5 2
4486335 34 -12.5 21.5 2
4486381 34 -12 21 2
4486382 34 -12 21.5 2
4501563 34.5 -16 21.5 2
4501610 34.5 -15.5 21.5 2
4501657 34.5 -15 21.5 2
4501704 34.5 -14.5 21.5 2
4501751 34.5 -14 21.5 2
4501798 34.5 -13.5 21.5 2
4501845 34.5 -13 21.5 2
4501892 34.5 -12.5 21.5 2
4501938 34.5 -12 21 2
4501939 34.5 -12 21.5 2
4517120 35 -16 21.5 2
4517167 35 -15.5 21.5 2
4517214 35 -15 21.5 2
4517261 35 -14.5 21.5 2
4517308 35 -14 21.5 2
4517355 35 -13.5 21.5 2
4517402 35 -13 21.5 2
4517449 35 -12.5 21.5 2
4517495 35 -12 21 2
4517496 35 -12 21.5 2
4532677 35.5 -16 21.5 2
4532724 35.5 -15.5 21.5 2
4532771 35.5 -15 21.5 2
4532818 35.5 -14.5 21.5 2
4532865 35.5 -14 21.5 2
4532912 35.5 -13.5 21.5 2
4532959 35.5 -13 21.5 2
4533006 35.5 -12.5 21.5 2
4533052 35.5 -12 21 2
4533053 35.5 -12 21.5 2
4548234 36 -16 21.5 2
4548281 36 -15.5 21.5 2
4548328 36 -15 21.5 2
4548375 36 -14.5 21.5 2
4548422 36 -14 21.5 2
4548469 36 -13.5 21.5 2
4548516 36 -13 21.5 2
4548563 36 -12.5 21.5 2
4548609 36 -12 21 2
4548610 36 -12 21.5 2
4563791 36.5 -16 21.5 2
4563838 36.5 -15.5 21.5 2
4563885 36.5 -15 21.5 2
4563932 36.5 -14.5 21.5 2
4563979 36.5 -14 21.5 2
4564026 36.5 -13.5 21.5 2
4564073 36.5 -13 21.5 2
4564120 36.5 -12.5 21.5 2
4564166 36.5 -12 21 2
4564167 36.5 -12 21.5 2
4579348 37 -16 21.5 2
4579395 37 -15.5 21.5 2
4579442 37 -15 21.5 2
4579489 37 -14.5 21.5 2
4579536 37 -14 21.5 2
4579583 37 -13.5 21.5 2
4579630 37 -13 21.5 2
4579677 37 -12.5 21.5 2
4579723 37 -12 21 2
4579724 37 -12 21.5 2
4594905 37.5 -16 21.5 2
4594952 37.5 -15.5 21.5 2
4594999 37.5 -15 21.5 2
4595046 37.5 -14.5 21.5 2
4595093 37.5 -14 21.5 2
4595140 37.5 -13.5 21.5 2
4595187 37.5 -13 21.5 2
4595234 37.5 -12.5 21.5 2
4595280 37.5 -12 21 2
4595281 37.5 -12 21.5 2
4610462 38 -16 21.5 2
4610509 38 -15.5 21.5 2
4610556 38 -15 21.5 2
4610603 38 -14.5 21.5 2
4610650 38 -14 21.5 2
4610697 38 -13.5 21.5 2
4610744 38 -13 21.5 2
4610791 38 -12.5 21.5 2
4610837 38 -12 21 2
4610838 38 -12 21.5 2
4626019 38.5 -16 21.5 2
4626066 38.5 -15.5 21.5 2
4626113 38.5 -15 21.5 2
4626160 38.5 -14.5 21.5 2
4626207 38.5 -14 21.5 2
4626254 38.5 -13.5 21.5 2
4626301 38.5 -13 21.5 2
4626348 38.5 -12.5 21.5 2
4626394 38.5 -12 21 2
4626395 38.5 -12 21.5 2
4641576 39 -16 21.5 2
4641623 39 -15.5 21.5 2
4641670 39 -15 21.5 2
4641717 39 -14.5 21.5 2
4641764 39 -14 21.5 2
4641811 39 -13.5 21.5 2
4641858 39 -13 21.5 2
4641905 39 -12.5 21.5 2
4641951 39 -12 21 2
4641952 39 -12 21.5 2
4657133 39.5 -16 21.5 2
4657180 39.5 -15.5 21.5 2
4657227 39.5 -15 21.5 2
4657274 39.5 -14.5 21.5 2
4657321 39.5 -14 21.5 2
4657368 39.5 -13.5 21.5 2
4657415 39.5 -13 21.5 2
4657462 39.5 -12.5 21.5 2
4657508 39.5 -12 21 2
4657509 39.5 -12 21.5 2
4672690 40 -16 21.5 2
4672737 40 -15.5 21.5 2
4672784 40 -15 21.5 2
4672831 40 -14.5 21.5 2
4672878 40 -14 21.5 2
4672925 40 -13.5 21.5 2
4672972 40 -13 21.5 2
4673019 40 -12.5 21.5 2
4673065 40 -12 21 2
4673066 40 -12 21.5 2
4688247 40.5 -16 21.5 2
4688294 40.5 -15.5 21.5 2
4688341 40.5 -15 21.5 2
4688388 40.5 -14.5 21.5 2
4688435 40.5 -14 21.5 2
4688482 40.5 -13.5 21.5 2
4688529 40.5 -13 21.5 2
4688576 40.5 -12.5 21.5 2
4688622 40.5 -12 21 2
4688623 40.5 -12 21.5 2
4703804 41 -16 21.5 2
4703851 41 -15.5 21.5 2
4703898 41 -15 21.5 2
4703945 41 -14.5 21.5 2
4703992 41 -14 21.5 2
4704039 41 -13.5 21.5 2
4704086 41 -13 21.5 2
4704133 41 -12.5 21.5 2
4704179 41 -12 21 2
4704180 41 -12 21.5 2
4719361 41.5 -16 21.5 2
4719408 41.5 -15.5 21.5 2
4719455 41.5 -15 21.5 2
4719502 41.5 -14.5 21.5 2
4719549 41.5 -14 21.5 2
4719596 41.5 -13.5 21.5 2
4719643 41.5 -13 21.5 2
4719690 41.5 -12.5 21.5 2
4719736 41.5 -12 21 2
4719737 41.5 -12 21.5 2
4734918 42 -16 21.5 2
4734965 42 -15.5 21.5 2
4735012 42 -15 21.5 2
4735059 42 -14.5 21.5 2
4735106 42 -14 21.5 2
4735153 42 -13.5 21.5 2
4735200 42 -13 21.5 2
4735247 42 -12.5 21.5 2
4735293 42 -12 21 2
4735294 42 -12 21.5 2
4750475 42.5 -16 21.5 2
4750522 42.5 -15.5 21.5 2
4750569 42.5 -15 21.5 2
4750616 42.5 -14.5 21.5 2
4750663 42.5 -14 21.5 2
4750710 42.5 -13.5 21.5 2
4750757 42.5 -13 21.5 2
4750804 42.5 -12.5 21.5 2
4750850 42.5 -12 21 2
4750851 42.5 -12 21.5 2
4766032 43 -16 21.5 2
4766079 43 -15.5 21.5 2
4766126 43 -15 21.5 2
4766173 43 -14.5 21.5 2
4766220 43 -14 21.5 2
4766267 43 -13.5 21.5 2
4766314 43 -13 21.5 2
4766361 43 -12.5 21.5 2
4766407 43 -12 21 2
4766408 43 -12 21.5 2
4781589 43.5 -16 21.5 2
4781636 43.5 -15.5 21.5 2
4781683 43.5 -15 21.5 2
4781730 43.5 -14.5 21.5 2
4781777 43.5 -14 21.5 2
4781824 43.5 -13.5 21.5 2
4781871 43.5 -13 21.5 2
4781918 43.5 -12.5 21.5 2
4781964 43.5 -12 21 2
4781965 43.5 -12 21.5 2
4797146 44 -16 21.5 2
4797193 44 -15.5 21.5 2
4797240 44 -15 21.5 2
4797287 44 -14.5 21.5 2
4797334 44 -14 21.5 2
4797381 44 -13.5 21.5 2
4797428 44 -13 21.5 2
4797475 44 -12.5 21.5 2
4797521 44 -12 21 2
4797522 44 -12 21.5 2
4812703 44.5 -16 21.5 2
4812750 44.5 -15.5 21.5 2
4812797 44.5 -15 21.5 2
4812844 44.5 -14.5 21.5 2
4812891 44.5 -14 21.5 2
4812938 44.5 -13.5 21.5 2
4812985 44.5 -13 21.5 2
4813032 44.5 -12.5 21.5 2
4813078 44.5 -12 21 2
4813079 44.5 -12 21.5 2
4828260 45 -16 21.5 2
4828307 45 -15.5 21.5 2
4828354 45 -15 21.5 2
4828401 45 -14.5 21.5 2
4828448 45 -14 21.5 2
4828495 45 -13.5 21.5 2
4828542 45 -13 21.5 2
4828589 45 -12.5 21.5 2
4828635 45 -12 21 2
4828636 45 -12 21.5 2
4843817 45.5 -16 21.5 2
4843864 45.5 -15.5 21.5 2
4843911 45.5 -15 21.5 2
4843958 45.5 -14.5 21.5 2
4844005 45.5 -14 21.5 2
4844052 45.5 -13.5 21.5 2
4844099 45.5 -13 21.5 2
4844146 45.5 -12.5 21.5 2
4844192 45.5 -12 21 2
4844193 45.5 -12 21.5 2
4859374 46 -16 21.5 2
4859421 46 -15.5 21.5 2
4859468 46 -15 21.5 2
4859515 46 -14.5 21.5 2
4859562 46 -14 21.5 2
4859609 46 -13.5 21.5 2
4859656 46 -13 21.5 2
4859703 46 -12.5 21.5 2
4859749 46 -12 21 2
4859750 46 -12 21.5 2
4874931 46.5 -16 21.5 2
4874978 46.5 -15.5 21.5 2
4875025 46.5 -15 21.5 2
4875072 46.5 -14.5 21.5 2
4875119 46.5 -14 21.5 2
4875166 46.5 -13.5 21.5 2
4875213 46.5 -13 21.5 2
4875260 46.5 -12.5 21.5 2
4875306 46.5 -12 21 2
4875307 46.5 -12 21.5 2
4890488 47 -16 21.5 2
4890535 47 -15.5 21.5 2
4890582 47 -15 21.5 2
4890629 47 -14.5 21.5 2
4890676 47 -14 21.5 2
4890723 47 -13.5 21.5 2
4890770 47 -13 21.5 2
4890817 47 -12.5 21.5 2
4890863 47 -12 21 2
4890864 47 -12 21.5 2
4906045 47.5 -16 21.5 2
4906092 47.5 -15.5 21.5 2
4906139 47.5 -15 21.5 2
4906186 47.5 -14.5 21.5 2
4906233 47.5 -14 21.5 2
4906280 47.5 -13.5 21.5 2
4906327 47.5 -13 21.5 2
4906374 47.5 -12.5 21.5 2
4906420 47.5 -12 21 2
4906421 47.5 -12 21.5 2
4921602 48 -16 21.5 2
4921649 48 -15.5 21.5 2
4921696 48 -15 21.5 2
4921743 48 -14.5 21.5 2
4921790 48 -14 21.5 2
4921837 48 -13.5 21.5 2
4921884 48 -13 21.5 2
4921931 48 -12.5 21.5 2
4921977 48 -12 21 2
4921978 48 -12 21.5 2
4937159 48.5 -16 21.5 2
4937206 48.5 -15.5 21.5 2
4937253 48.5 -15 21.5 2
4937300 48.5 -14.5 21.5 2
4937347 48.5 -14 21.5 2
4937394 48.5 -13.5 21.5 2
4937441 48.5 -13 21.5 2
4937488 48.5 -12.5 21.5 2
4937534 48.5 -12 21 2
4937535 48.5 -12 21.5 2
4952716 49 -16 21.5 2
4952763 49 -15.5 21.5 2
4952810 49 -15 21.5 2
4952857 49 -14.5 21.5 2
4952904 49 -14 21.5 2
4952951 49 -13.5 21.5 2
4952998 49 -13 21.5 2
4953045 49 -12.5 21.5 2
4953091 49 -12 21 2
4953092 49 -12 21.5 2
4968273 49.5 -16 21.5 2
4968320 49.5 -15.5 21.5 2
4968367 49.5 -15 21.5 2
4968414 49.5 -14.5 21.5 2
4968461 49.5 -14 21.5 2
4968508 49.5 -13.5 21.5 2
4968555 49.5 -13 21.5 2
4968602 49.5 -12.5 21.5 2
4968648 49.5 -12 21 2
4968649 49.5 -12 21.5 2
4983830 50 -16 21.5 2
4983877 50 -15.5 21.5 2
4983924 50 -15 21.5 2
4983971 50 -14.5 21.5 2
4984018 50 -14 21.5 2
4984065 50 -13.5 21.5 2
4984112 50 -13 21.5 2
4984159 50 -12.5 21.5 2
4984205 50 -12 21 2
4984206 50 -12 21.5 2
4999387 50.5 -16 21.5 2
4999434 50.5 -15.5 21.5 2
4999481 50.5 -15 21.5 2
4999528 50.5 -14.5 21.5 2
4999575 50.5 -14 21.5 2
4999622 50.5 -13.5 21.5 2
4999669 50.5 -13 21.5 2
4999716 50.5 -12.5 21.5 2
4999762 50.5 -12 21 2
4999763 50.5 -12 21.5 2
5014944 51 -16 21.5 2
5014991 51 -15.5 21.5 2
5015038 51 -15 21.5 2
5015085 51 -14.5 21.5 2
5015132 51 -14 21.5 2
5015179 51 -13.5 21.5 2
5015226 51 -13 21.5 2
5015273 51 -12.5 21.5 2
5015319 51 -12 21 2
5015320 51 -12 21.5 2
5030501 51.5 -16 21.5 2
5030548 51.5 -15.5 21.5 2
5030595 51.5 -15 21.5 2
5030642 51.5 -14.5 21.5 2
5030689 51.5 -14 21.5 2
5030736 51.5 -13.5 21.5 2
5030783 51.5 -13 21.5 2
5030830 51.5 -12.5 21.5 2
5030876 51.5 -12 21 2
5030877 51.5 -12 21.5 2
5046058 52 -16 21.5 2
5046105 52 -15.5 21.5 2
5046152 52 -15 21.5 2
5046199 52 -14.5 21.5 2
5046246 52 -14 21.5 2
5046293 52 -13.5 21.5 2
5046340 52 -13 21.5 2
5046387 52 -12.5 21.5 2
5046433 52 -12 21 2
5046434 52 -12 21.5 2
5061615 52.5 -16 21.5 2
5061662 52.5 -15.5 21.5 2
5061709 52.5 -15 21.5 2
5061756 52.5 -14.5 21.5 2
5061803 52.5 -14 21.5 2
5061850 52.5 -13.5 21.5 2
5061897 52.5 -13 21.5 2
5061944 52.5 -12.5 21.5 2
5061990 52.5 -12 21 2
5061991 52.5 -12 21.5 2
5077172 53 -16 21.5 2
5077219 53 -15.5 21.5 2
5077266 53 -15 21.5 2
5077313 53 -14.5 21.5 2
5077360 53 -14 21.5 2
5077407 53 -13.5 21.5 2
5077454 53 -13 21.5 2
5077501 53 -12.5 21.5 2
5077547 53 -12 21 2
5077548 53 -12 21.5 2
5092729 53.5 -16 21.5 2
5092776 53.5 -15.5 21.5 2
5092823 53.5 -15 21.5 2
5092870 53.5 -14.5 21.5 2
5092917 53.5 -14 21.5 2
5092964 53.5 -13.5 21.5 2
5093011 53.5 -13 21.5 2
5093058 53.5 -12.5 21.5 2
5093104 53.5 -12 21 2
5093105 53.5 -12 21.5 2
5108286 54 -16 21.5 2
5108333 54 -15.5 21.5 2
5108380 54 -15 21.5 2
5108427 54 -14.5 21.5 2
5108474 54 -14 21.5 2
5108521 54 -13.5 21.5 2
5108568 54 -13 21.5 2
5108615 54 -12.5 21.5 2
5108661 54 -12 21 2
5108662 54 -12 21.5 2
5123843 54.5 -16 21.5 2
5123890 54.5 -15.5 21.5 2
5123937 54.5 -15 21.5 2
5123984 54.5 -14.5 21.5 2
5124031 54.5 -14 21.5 2
5124078 54.5 -13.5 21.5 2
5124125 54.5 -13 21.5 2
5124172 54.5 -12.5 21.5 2
5124218 54.5 -12 21 2
5124219 54.5 -12 21.5 2
5139400 55 -16 21.5 2
5139447 55 -15.5 21.5 2
5139494 55 -15 21.5 2
5139541 55 -14.5 21.5 2
5139588 55 -14 21.5 2
5139635 55 -13.5 21.5 2
5139682 55 -13 21.5 2
5139729 55 -12.5 21.5 2
5154957 55.5 -16 21.5 2
5155004 55.5 -15.5 21.5 2
5155051 55.5 -15 21.5 2
5155098 55.5 -14.5 21.5 2
5155145 55.5 -14 21.5 2
5155192 55.5 -13.5 21.5 2
5170514 56 -16 21.5 2
5170561 56 -15.5 21.5 2
5170608 56 -15 21.5 2
5170655 56 -14.5 21.5 2
5170702 56 -14 21.5 2
5186071 56.5 -16 21.5 2
5186118 56.5 -15.5 21.5 2
5186165 56.5 -15 21.5 2
5201628 57 -16 21.5 2
5201675 57 -15.5 21.5 2
