9200152 185.5 -12 21 2
9215662 186 -12.5 21 2
9215709 186 -12 21 2
9231125 186.5 -13.5 21 2
9231172 186.5 -13 21 2
9231219 186.5 -12.5 21 2
9231266 186.5 -12 21 2
9246635 187 -14 21 2
9246682 187 -13.5 21 2
9246729 187 -13 21 2
9246776 187 -12.5 21 2
9246823 187 -12 21 2
9262098 187.5 -15 21 2
9262145 187.5 -14.5 21 2
9262192 187.5 -14 21 2
9262239 187.5 -13.5 21 2
9262286 187.5 -13 21 2
9262333 187.5 -12.5 21 2
9262380 187.5 -12 21 2
9277608 188 -15.5 21 2
9277655 188 -15 21 2
9277702 188 -14.5 21 2
9277749 188 -14 21 2
9277796 188 -13.5 21 2
9277843 188 -13 21 2
9277890 188 -12.5 21 2
9277937 188 -12 21 2
9293118 188.5 -16 21 2
9293165 188.5 -15.5 21 2
9293212 188.5 -15 21 2
9293259 188.5 -14.5 21 2
9293306 188.5 -14 21 2
9293353 188.5 -13.5 21 2
9293400 188.5 -13 21 2
9293447 188.5 -12.5 21 2
9293494 188.5 -12 21 2
9308675 189 -16 21 2
9308722 189 -15.5 21 2
9308769 189 -15 21 2
9308816 189 -14.5 21 2
9308863 189 -14 21 2
9308910 189 -13.5 21 2
9308957 189 -13 21 2
9309004 189 -12.5 21 2
9309051 189 -12 21 2
9324232 189.5 -16 21 2
9324279 189.5 -15.5 21 2
9324326 189.5 -15 21 2
9324373 189.5 -14.5 21 2
9324420 189.5 -14 21 2
9324467 189.5 -13.5 21 2
9324514 189.5 -13 21 2
9324561 189.5 -12.5 21 2
9324608 189.5 -12 21 2
9339789 190 -16 21 2
9339836 190 -15.5 21 2
9339883 190 -15 21 2
9339930 190 -14.5 21 2
9339977 190 -14 21 2
9340024 190 -13.5 21 2
9340071 190 -13 21 2
9340118 190 -12.5 21 2
9340165 190 -12 21 2
9355346 190.5 -16 21 2
9355393 190.5 -15.5 21 2
9355440 190.5 -15 21 2
9355487 190.5 -14.5 21 2
9355534 190.5 -14 21 2
9355581 190.5 -13.5 21 2
9355628 190.5 -13 21 2
9355675 190.5 -12.5 21 2
9355722 190.5 -12 21 2
9370903 191 -16 21 2
9370950 191 -15.5 21 2
9370997 191 -15 21 2
9371044 191 -14.5 21 2
9371091 191 -14 21 2
9371138 191 -13.5 21 2
9371185 191 -13 21 2
9371232 191 -12.5 21 2
9371279 191 -12 21 2
9386460 191.5 -16 21 2
9386507 191.5 -15.5 21 2
9386554 191.5 -15 21 2
9386601 191.5 -14.5 21 2
9386648 191.5 -14 21 2
9386695 191.5 -13.5 21 2
9386742 191.5 -13 21 2
9386789 191.5 -12.5 21 2
9386836 191.5 -12 21 2
9402017 192 -16 21 2
9402064 192 -15.5 21 2
9402111 192 -15 21 2
9402158 192 -14.5 21 2
9402205 192 -14 21 2
9402252 192 -13.5 21 2
9402299 192 -13 21 2
9402346 192 -12.5 21 2
9402393 192 -12 21 2
9417574 192.5 -16 21 2
9417621 192.5 -15.5 21 2
9417668 192.5 -15 21 2
9417715 192.5 -14.5 21 2
9417762 192.5 -14 21 2
9417809 192.5 -13.5 21 2
9417856 192.5 -13 21 2
9417903 192.5 -12.5 21 2
9417950 192.5 -12 21 2
9433131 193 -16 21 2
9433178 193 -15.5 21 2
9433225 193 -15 21 2
9433272 193 -14.5 21 2
9433319 193 -14 21 2
9433366 193 -13.5 21 2
9433413 193 -13 21 2
9433460 193 -12.5 21 2
9433507 193 -12 21 2
9448688 193.5 -16 21 2
9448735 193.5 -15.5 21 2
9448782 193.5 -15 21 2
9448829 193.5 -14.5 21 2
9448876 193.5 -14 21 2
9448923 193.5 -13.5 21 2
9448970 193.5 -13 21 2
9449017 193.5 -12.5 21 2
9449064 193.5 -12 21 2
9464245 194 -16 21 2
9464292 194 -15.5 21 2
9464339 194 -15 21 2
9464386 194 -14.5 21 2
9464433 194 -14 21 2
9464480 194 -13.5 21 2
9464527 194 -13 21 2
9464574 194 -12.5 21 2
9464621 194 -12 21 2
9479802 194.5 -16 21 2
9479849 194.5 -15.5 21 2
9479896 194.5 -15 21 2
9479943 194.5 -14.5 21 2
9479990 194.5 -14 21 2
9480037 194.5 -13.5 21 2
9480084 194.5 -13 21 2
9480131 194.5 -12.5 21 2
9480178 194.5 -12 21 2
9495359 195 -16 21 2
9495406 195 -15.5 21 2
9495453 195 -15 21 2
9495500 195 -14.5 21 2
9495547 195 -14 21 2
9495594 195 -13.5 21 2
9495641 195 -13 21 2
9495688 195 -12.5 21 2
9495735 195 -12 21 2
9510916 195.5 -16 21 2
9510963 195.5 -15.5 21 2
9511010 195.5 -15 21 2
9511057 195.5 -14.5 21 2
9511104 195.5 -14 21 2
9511151 195.5 -13.5 21 2
9511198 195.5 -13 21 2
9511245 195.5 -12.5 21 2
9511292 195.5 -12 21 2
9526473 196 -16 21 2
9526520 196 -15.5 21 2
9526567 196 -15 21 2
9526614 196 -14.5 21 2
9526661 196 -14 21 2
9526708 196 -13.5 21 2
9526755 196 -13 21 2
9526802 196 -12.5 21 2
9526849 196 -12 21 2
9542030 196.5 -16 21 2
9542077 196.5 -15.5 21 2
9542124 196.5 -15 21 2
9542171 196.5 -14.5 21 2
9542218 196.5 -14 21 2
9542265 196.5 -13.5 21 2
9542312 196.5 -13 21 2
9542359 196.5 -12.5 21 2
9542406 196.5 -12 21 2
9557587 197 -16 21 2
9557634 197 -15.5 21 2
9557681 197 -15 21 2
9557728 197 -14.5 21 2
9557775 197 -14 21 2
9557822 197 -13.5 21 2
9557869 197 -13 21 2
9557916 197 -12.5 21 2
9557963 197 -12 21 2
9573144 197.5 -16 21 2
9573191 197.5 -15.5 21 2
9573238 197.5 -15 21 2
9573285 197.5 -14.5 21 2
9573332 197.5 -14 21 2
9573379 197.5 -13.5 21 2
9573426 197.5 -13 21 2
9573473 197.5 -12.5 21 2
9573520 197.5 -12 21 2
9588701 198 -16 21 2
9588748 198 -15.5 21 2
9588795 198 -15 21 2
9588842 198 -14.5 21 2
9588889 198 -14 21 2
9588936 198 -13.5 21 2
9588983 198 -13 21 2
9589030 198 -12.5 21 2
9589077 198 -12 21 2
9604258 198.5 -16 21 2
9604305 198.5 -15.5 21 2
9604352 198.5 -15 21 2
9604399 198.5 -14.5 21 2
9604446 198.5 -14 21 2
9604493 198.5 -13.5 21 2
9604540 198.5 -13 21 2
9604587 198.5 -12.5 21 2
9604634 198.5 -12 21 2
9619815 199 -16 21 2
9619862 199 -15.5 21 2
9619909 199 -15 21 2
9619956 199 -14.5 21 2
9620003 199 -14 21 2
9620050 199 -13.5 21 2
9620097 199 -13 21 2
9620144 199 -12.5 21 2
9620191 199 -12 21 2
9635372 199.5 -16 21 2
9635419 199.5 -15.5 21 2
9635466 199.5 -15 21 2
9635513 199.5 -14.5 21 2
9635560 199.5 -14 21 2
9635607 199.5 -13.5 21 2
9635654 199.5 -13 21 2
9635701 199.5 -12.5 21 2
9635748 199.5 -12 21 2
9650929 200 -16 21 2
9650976 200 -15.5 21 2
9651023 200 -15 21 2
9651070 200 -14.5 21 2
9651117 200 -14 21 2
9651164 200 -13.5 21 2
9651211 200 -13 21 2
9651258 200 -12.5 21 2
9651305 200 -12 21 2
9666486 200.5 -16 21 2
9666533 200.5 -15.5 21 2
9666580 200.5 -15 21 2
9666627 200.5 -14.5 21 2
9666674 200.5 -14 21 2
9666721 200.5 -13.5 21 2
9666768 200.5 -13 21 2
9666815 200.5 -12.5 21 2
9666862 200.5 -12 21 2
9682043 201 -16 21 2
9682090 201 -15.5 21 2
9682137 201 -15 21 2
9682184 201 -14.5 21 2
9682231 201 -14 21 2
9682278 201 -13.5 21 2
9682325 201 -13 21 2
9682372 201 -12.5 21 2
9682419 201 -12 21 2
9697600 201.5 -16 21 2
9697647 201.5 -15.5 21 2
9697694 201.5 -15 21 2
9697741 201.5 -14.5 21 2
9697788 201.5 -14 21 2
9697835 201.5 -13.5 21 2
9697882 201.5 -13 21 2
9697929 201.5 -12.5 21 2
9697976 201.5 -12 21 2
9713157 202 -16 21 2
9713204 202 -15.5 21 2
9713251 202 -15 21 2
9713298 202 -14.5 21 2
9713345 202 -14 21 2
9713392 202 -13.5 21 2
9713439 202 -13 21 2
9713486 202 -12.5 21 2
9713533 202 -12 21 2
9728714 202.5 -16 21 2
9728761 202.5 -15.5 21 2
9728808 202.5 -15 21 2
9728855 202.5 -14.5 21 2
9728902 202.5 -14 21 2
9728949 202.5 -13.5 21 2
9728996 202.5 -13 21 2
9729043 202.5 -12.5 21 2
9729090 202.5 -12 21 2
9744271 203 -16 21 2
9744318 203 -15.5 21 2
9744365 203 -15 21 2
9744412 203 -14.5 21 2
9744459 203 -14 21 2
9744506 203 -13.5 21 2
9744553 203 -13 21 2
9744600 203 -12.5 21 2
9744647 203 -12 21 2
9759828 203.5 -16 21 2
9759875 203.5 -15.5 21 2
9759922 203.5 -15 21 2
9759969 203.5 -14.5 21 2
9760016 203.5 -14 21 2
9760063 203.5 -13.5 21 2
9760110 203.5 -13 21 2
9760157 203.5 -12.5 21 2
9760204 203.5 -12 21 2
9775385 204 -16 21 2
9775432 204 -15.5 21 2
9775479 204 -15 21 2
9775526 204 -14.5 21 2
9775573 204 -14 21 2
9775620 204 -13.5 21 2
9775667 204 -13 21 2
9775714 204 -12.5 21 2
9775761 204 -12 21 2
9790942 204.5 -16 21 2
9790989 204.5 -15.5 21 2
9791036 204.5 -15 21 2
9791083 204.5 -14.5 21 2
9791130 204.5 -14 21 2
9791177 204.5 -13.5 21 2
9791224 204.5 -13 21 2
9791271 204.5 -12.5 21 2
9791318 204.5 -12 21 2
9806499 205 -16 21 2
9806546 205 -15.5 21 2
9806593 205 -15 21 2
9806640 205 -14.5 21 2
9806687 205 -14 21 2
9806734 205 -13.5 21 2
9806781 205 -13 21 2
9806828 205 -12.5 21 2
9806875 205 -12 21 2
9822056 205.5 -16 21 2
9822103 205.5 -15.5 21 2
9822150 205.5 -15 21 2
9822197 205.5 -14.5 21 2
9822244 205.5 -14 21 2
9822291 205.5 -13.5 21 2
9822338 205.5 -13 21 2
9822385 205.5 -12.5 21 2
9822432 205.5 -12 21 2
9837613 206 -16 21 2
9837660 206 -15.5 21 2
9837707 206 -15 21 2
9837754 206 -14.5 21 2
9837801 206 -14 21 2
9837848 206 -13.5 21 2
9837895 206 -13 21 2
9837942 206 -12.5 21 2
9837989 206 -12 21 2
9853170 206.5 -16 21 2
9853217 206.5 -15.5 21 2
9853264 206.5 -15 21 2
9853311 206.5 -14.5 21 2
9853358 206.5 -14 21 2
9853405 206.5 -13.5 21 2
9853452 206.5 -13 21 2
9853499 206.5 -12.5 21 2
9853546 206.5 -12 21 2
9868727 207 -16 21 2
9868774 207 -15.5 21 2
9868821 207 -15 21 2
9868868 207 -14.5 21 2
9868915 207 -14 21 2
9868962 207 -13.5 21 2
9869009 207 -13 21 2
9869056 207 -12.5 21 2
9869103 207 -12 21 2
9884284 207.5 -16 21 2
9884331 207.5 -15.5 21 2
9884378 207.5 -15 21 2
9884425 207.5 -14.5 21 2
9884472 207.5 -14 21 2
9884519 207.5 -13.5 21 2
9884566 207.5 -13 21 2
9884613 207.5 -12.5 21 2
9884660 207.5 -12 21 2
9899841 208 -16 21 2
9899888 208 -15.5 21 2
9899935 208 -15 21 2
9899982 208 -14.5 21 2
9900029 208 -14 21 2
9900076 208 -13.5 21 2
9900123 208 -13 21 2
9900170 208 -12.5 21 2
9900217 208 -12 21 2
9915398 208.5 -16 21 2
9915445 208.5 -15.5 21 2
9915492 208.5 -15 21 2
9915539 208.5 -14.5 21 2
9915586 208.5 -14 21 2
9915633 208.5 -13.5 21 2
9915680 208.5 -13 21 2
9915727 208.5 -12.5 21 2
9915774 208.5 -12 21 2
9930955 209 -16 21 2
9931002 209 -15.5 21 2
9931049 209 -15 21 2
9931096 209 -14.5 21 2
9931143 209 -14 21 2
9931190 209 -13.5 21 2
9931237 209 -13 21 2
9931284 209 -12.5 21 2
9931331 209 -12 21 2
9946512 209.5 -16 21 2
9946559 209.5 -15.5 21 2
9946606 209.5 -15 21 2
9946653 209.5 -14.5 21 2
9946700 209.5 -14 21 2
9946747 209.5 -13.5 21 2
9946794 209.5 -13 21 2
9946841 209.5 -12.5 21 2
9946888 209.5 -12 21 2
9962069 210 -16 21 2
9962116 210 -15.5 21 2
9962163 210 -15 21 2
9962210 210 -14.5 21 2
9962257 210 -14 21 2
9962304 210 -13.5 21 2
9962351 210 -13 21 2
9962398 210 -12.5 21 2
9962445 210 -12 21 2
9977626 210.5 -16 21 2
9977673 210.5 -15.5 21 2
9977720 210.5 -15 21 2
9977767 210.5 -14.5 21 2
9977814 210.5 -14 21 2
9977861 210.5 -13.5 21 2
9977908 210.5 -13 21 2
9977955 210.5 -12.5 21 2
9978002 210.5 -12 21 2
9993183 211 -16 21 2
9993230 211 -15.5 21 2
9993277 211 -15 21 2
9993324 211 -14.5 21 2
9993371 211 -14 21 2
9993418 211 -13.5 21 2
9993465 211 -13 21 2
9993512 211 -12.5 21 2
9993559 211 -12 21 2
10008740 211.5 -16 21 2
10008787 211.5 -15.5 21 2
10008834 211.5 -15 21 2
10008881 211.5 -14.5 21 2
10008928 211.5 -14 21 2
10008975 211.5 -13.5 21 2
10009022 211.5 -13 21 2
10009069 211.5 -12.5 21 2
10009116 211.5 -12 21 2
10024297 212 -16 21 2
10024344 212 -15.5 21 2
10024391 212 -15 21 2
10024438 212 -14.5 21 2
10024485 212 -14 21 2
10024532 212 -13.5 21 2
10024579 212 -13 21 2
10024626 212 -12.5 21 2
10024673 212 -12 21 2
10039854 212.5 -16 21 2
10039901 212.5 -15.5 21 2
10039948 212.5 -15 21 2
10039995 212.5 -14.5 21 2
10040042 212.5 -14 21 2
10040089 212.5 -13.5 21 2
10040136 212.5 -13 21 2
10040183 212.5 -12.5 21 2
10040230 212.5 -12 21 2
10055411 213 -16 21 2
10055458 213 -15.5 21 2
10055505 213 -15 21 2
10055552 213 -14.5 21 2
10055599 213 -14 21 2
10055646 213 -13.5 21 2
10055693 213 -13 21 2
10055740 213 -12.5 21 2
10055787 213 -12 21 2
10070968 213.5 -16 21 2
10071015 213.5 -15.5 21 2
10071062 213.5 -15 21 2
10071109 213.5 -14.5 21 2
10071156 213.5 -14 21 2
10071203 213.5 -13.5 21 2
10071250 213.5 -13 21 2
10071297 213.5 -12.5 21 2
10071344 213.5 -12 21 2
10086525 214 -16 21 2
10086572 214 -15.5 21 2
10086619 214 -15 21 2
10086666 214 -14.5 21 2
10086713 214 -14 21 2
10086760 214 -13.5 21 2
10086807 214 -13 21 2
10086854 214 -12.5 21 2
10086901 214 -12 21 2
10102082 214.5 -16 21 2
10102129 214.5 -15.5 21 2
10102176 214.5 -15 21 2
10102223 214.5 -14.5 21 2
10102270 214.5 -14 21 2
10102317 214.5 -13.5 21 2
10102364 214.5 -13 21 2
10102411 214.5 -12.5 21 2
10102458 214.5 -12 21 2
10117639 215 -16 21 2
10117686 215 -15.5 21 2
10117733 215 -15 21 2
10117780 215 -14.5 21 2
10117827 215 -14 21 2
10117874 215 -13.5 21 2
10117921 215 -13 21 2
10117968 215 -12.5 21 2
10118015 215 -12 21 2
10133196 215.5 -16 21 2
10133243 215.5 -15.5 21 2
10133290 215.5 -15 21 2
10133337 215.5 -14.5 21 2
10133384 215.5 -14 21 2
10133431 215.5 -13.5 21 2
10133478 215.5 -13 21 2
10133525 215.5 -12.5 21 2
10133572 215.5 -12 21 2
10148753 216 -16 21 2
10148800 216 -15.5 21 2
10148847 216 -15 21 2
10148894 216 -14.5 21 2
10148941 216 -14 21 2
10148988 216 -13.5 21 2
10149035 216 -13 21 2
10149082 216 -12.5 21 2
10149129 216 -12 21 2
10164310 216.5 -16 21 2
10164357 216.5 -15.5 21 2
10164404 216.5 -15 21 2
10164451 216.5 -14.5 21 2
10164498 216.5 -14 21 2
10164545 216.5 -13.5 21 2
10164592 216.5 -13 21 2
10164639 216.5 -12.5 21 2
10164686 216.5 -12 21 2
10179867 217 -16 21 2
10179914 217 -15.5 21 2
10179961 217 -15 21 2
10180008 217 -14.5 21 2
10180055 217 -14 21 2
10180102 217 -13.5 21 2
10180149 217 -13 21 2
10180196 217 -12.5 21 2
10180243 217 -12 21 2
10195424 217.5 -16 21 2
10195471 217.5 -15.5 21 2
10195518 217.5 -15 21 2
10195565 217.5 -14.5 21 2
10195612 217.5 -14 21 2
10195659 217.5 -13.5 21 2
10195706 217.5 -13 21 2
10195753 217.5 -12.5 21 2
10195800 217.5 -12 21 2
10210981 218 -16 21 2
10211028 218 -15.5 21 2
10211075 218 -15 21 2
10211122 218 -14.5 21 2
10211169 218 -14 21 2
10211216 218 -13.5 21 2
10211263 218 -13 21 2
10211310 218 -12.5 21 2
10211357 218 -12 21 2
10226538 218.5 -16 21 2
10226585 218.5 -15.5 21 2
10226632 218.5 -15 21 2
10226679 218.5 -14.5 21 2
10226726 218.5 -14 21 2
10226773 218.5 -13.5 21 2
10226820 218.5 -13 21 2
10226867 218.5 -12.5 21 2
10226914 218.5 -12 21 2
10242095 219 -16 21 2
10242142 219 -15.5 21 2
10242189 219 -15 21 2
10242236 219 -14.5 21 2
10242283 219 -14 21 2
10242330 219 -13.5 21 2
10242377 219 -13 21 2
10242424 219 -12.5 21 2
10242471 219 -12 21 2
10257652 219.5 -16 21 2
10257699 219.5 -15.5 21 2
10257746 219.5 -15 21 2
10257793 219.5 -14.5 21 2
10257840 219.5 -14 21 2
10257887 219.5 -13.5 21 2
10257934 219.5 -13 21 2
10257981 219.5 -12.5 21 2
10258028 219.5 -12 21 2
10273209 220 -16 21 2
10273256 220 -15.5 21 2
10273303 220 -15 21 2
10273350 220 -14.5 21 2
10273397 220 -14 21 2
10273444 220 -13.5 21 2
10273491 220 -13 21 2
10273538 220 -12.5 21 2
10273585 220 -12 21 2
10288766 220.5 -16 21 2
10288813 220.5 -15.5 21 2
10288860 220.5 -15 21 2
10288907 220.5 -14.5 21 2
10288954 220.5 -14 21 2
10289001 220.5 -13.5 21 2
10289048 220.5 -13 21 2
10289095 220.5 -12.5 21 2
10289142 220.5 -12 21 2
10304323 221 -16 21 2
10304370 221 -15.5 21 2
10304417 221 -15 21 2
10304464 221 -14.5 21 2
10304511 221 -14 21 2
10304558 221 -13.5 21 2
10304605 221 -13 21 2
10304652 221 -12.5 21 2
10304699 221 -12 21 2
10319880 221.5 -16 21 2
10319927 221.5 -15.5 21 2
10319974 221.5 -15 21 2
10320021 221.5 -14.5 21 2
10320068 221.5 -14 21 2
10320115 221.5 -13.5 21 2
10320162 221.5 -13 21 2
10320209 221.5 -12.5 21 2
10320256 221.5 -12 21 2
10335437 222 -16 21 2
10335484 222 -15.5 21 2
10335531 222 -15 21 2
10335578 222 -14.5 21 2
10335625 222 -14 21 2
10335672 222 -13.5 21 2
10335719 222 -13 21 2
10335766 222 -12.5 21 2
10335813 222 -12 21 2
10350994 222.5 -16 21 2
10351041 222.5 -15.5 21 2
10351088 222.5 -15 21 2
10351135 222.5 -14.5 21 2
10351182 222.5 -14 21 2
10351229 222.5 -13.5 21 2
10351276 222.5 -13 21 2
10351323 222.5 -12.5 21 2
10351370 222.5 -12 21 2
10366551 223 -16 21 2
10366598 223 -15.5 21 2
10366645 223 -15 21 2
10366692 223 -14.5 21 2
10366739 223 -14 21 2
10366786 223 -13.5 21 2
10366833 223 -13 21 2
10366880 223 -12.5 21 2
10366927 223 -12 21 2
10382108 223.5 -16 21 2
10382155 223.5 -15.5 21 2
10382202 223.5 -15 21 2
10382249 223.5 -14.5 21 2
10382296 223.5 -14 21 2
10382343 223.5 -13.5 21 2
10382390 223.5 -13 21 2
10382437 223.5 -12.5 21 2
10382484 223.5 -12 21 2
10397665 224 -16 21 2
10397712 224 -15.5 21 2
10397759 224 -15 21 2
10397806 224 -14.5 21 2
10397853 224 -14 21 2
10397900 224 -13.5 21 2
10397947 224 -13 21 2
10397994 224 -12.5 21 2
10398041 224 -12 21 2
10413222 224.5 -16 21 2
10413269 224.5 -15.5 21 2
10413316 224.5 -15 21 2
10413363 224.5 -14.5 21 2
10413410 224.5 -14 21 2
10413457 224.5 -13.5 21 2
10413504 224.5 -13 21 2
10413551 224.5 -12.5 21 2
10413598 224.5 -12 21 2
10428779 225 -16 21 2
10428826 225 -15.5 21 2
10428873 225 -15 21 2
10428920 225 -14.5 21 2
10428967 225 -14 21 2
10429014 225 -13.5 21 2
10429061 225 -13 21 2
10429108 225 -12.5 21 2
10429155 225 -12 21 2
10444336 225.5 -16 21 2
10444383 225.5 -15.5 21 2
10444430 225.5 -15 21 2
10444477 225.5 -14.5 21 2
10444524 225.5 -14 21 2
10444571 225.5 -13.5 21 2
10444618 225.5 -13 21 2
10444665 225.5 -12.5 21 2
10444712 225.5 -12 21 2
10459893 226 -16 21 2
10459940 226 -15.5 21 2
10459987 226 -15 21 2
10460034 226 -14.5 21 2
10460081 226 -14 21 2
10460128 226 -13.5 21 2
10460175 226 -13 21 2
10460222 226 -12.5 21 2
10460269 226 -12 21 2
10475450 226.5 -16 21 2
10475497 226.5 -15.5 21 2
10475544 226.5 -15 21 2
10475591 226.5 -14.5 21 2
10475638 226.5 -14 21 2
10475685 226.5 -13.5 21 2
10475732 226.5 -13 21 2
10475779 226.5 -12.5 21 2
10475826 226.5 -12 21 2
10491007 227 -16 21 2
10491054 227 -15.5 21 2
10491101 227 -15 21 2
10491148 227 -14.5 21 2
10491195 227 -14 21 2
10491242 227 -13.5 21 2
10491289 227 -13 21 2
10491336 227 -12.5 21 2
10491383 227 -12 21 2
10506564 227.5 -16 21 2
10506611 227.5 -15.5 21 2
10506658 227.5 -15 21 2
10506705 227.5 -14.5 21 2
10506752 227.5 -14 21 2
10506799 227.5 -13.5 21 2
10506846 227.5 -13 21 2
10506893 227.5 -12.5 21 2
10506940 227.5 -12 21 2
10522121 228 -16 21 2
10522168 228 -15.5 21 2
10522215 228 -15 21 2
10522262 228 -14.5 21 2
10522309 228 -14 21 2
10522356 228 -13.5 21 2
10522403 228 -13 21 2
10522450 228 -12.5 21 2
10522497 228 -12 21 2
10537678 228.5 -16 21 2
10537725 228.5 -15.5 21 2
10537772 228.5 -15 21 2
10537819 228.5 -14.5 21 2
10537866 228.5 -14 21 2
10537913 228.5 -13.5 21 2
10537960 228.5 -13 21 2
10538007 228.5 -12.5 21 2
10538054 228.5 -12 21 2
10553235 229 -16 21 2
10553282 229 -15.5 21 2
10553329 229 -15 21 2
10553376 229 -14.5 21 2
10553423 229 -14 21 2
10553470 229 -13.5 21 2
10553517 229 -13 21 2
10553564 229 -12.5 21 2
10553611 229 -12 21 2
10568792 229.5 -16 21 2
10568839 229.5 -15.5 21 2
10568886 229.5 -15 21 2
10568933 229.5 -14.5 21 2
10568980 229.5 -14 21 2
10569027 229.5 -13.5 21 2
10569074 229.5 -13 21 2
10569121 229.5 -12.5 21 2
10569168 229.5 -12 21 2
10584349 230 -16 21 2
10584396 230 -15.5 21 2
10584443 230 -15 21 2
10584490 230 -14.5 21 2
10584537 230 -14 21 2
10584584 230 -13.5 21 2
10584631 230 -13 21 2
10584678 230 -12.5 21 2
10584725 230 -12 21 2
10599906 230.5 -16 21 2
10599953 230.5 -15.5 21 2
10600000 230.5 -15 21 2
10600047 230.5 -14.5 21 2
10600094 230.5 -14 21 2
10600141 230.5 -13.5 21 2
10600188 230.5 -13 21 2
10600235 230.5 -12.5 21 2
10615463 231 -16 21 2
10615510 231 -15.5 21 2
10615557 231 -15 21 2
10615604 231 -14.5 21 2
10615651 231 -14 21 2
10615698 231 -13.5 21 2
10615745 231 -13 21 2
10631020 231.5 -16 21 2
10631067 231.5 -15.5 21 2
10631114 231.5 -15 21 2
10631161 231.5 -14.5 21 2
10631208 231.5 -14 21 2
10646577 232 -16 21 2
10646624 232 -15.5 21 2
10646671 232 -15 21 2
10646718 232 -14.5 21 2
10662134 232.5 -16 21 2
10662181 232.5 -15.5 21 2
10677691 233 -16 21 2
