8 11.48 -17.75 0.0  ;
1486 11.48 -17.25 -0.35  ;
1541 11.48 -17.75 -0.35  ;
1596 11.48 -18.25 -0.35  ;
2751 11.48 -18.25 -4.9  ;
3820 11.48 -17.75 -0.77  ;
3875 11.48 -17.75 -3.39  ;
3934 11.48 -17.75 -4.48  ;
7001 8.81 -13.625 0.0  ;
7004 11.735 -18.145 0.0  ;
9660 11.48 -18.0 -4.9  ;
11373 11.48 -17.5 -0.35  ;
11547 11.48 -18.0 -0.35  ;
13944 11.48 -17.75 -0.56  ;
14223 11.48 -17.75 -3.935  ;
14299 11.48 -17.75 -4.69  ;
16269 11.48 -17.25 -0.77  ;
16270 11.48 -17.5 -0.77  ;
16271 11.48 -17.25 -0.56  ;
16332 11.48 -18.25 -0.77  ;
16333 11.48 -18.25 -0.56  ;
16334 11.48 -18.0 -0.77  ;
16362 11.48 -17.25 -3.39  ;
16363 11.48 -17.5 -3.39  ;
16364 11.48 -17.25 -2.08  ;
16425 11.48 -18.25 -3.39  ;
16426 11.48 -18.25 -2.08  ;
16427 11.48 -18.0 -3.39  ;
16456 11.48 -17.5 -4.48  ;
16457 11.48 -17.25 -3.935  ;
16519 11.48 -18.25 -3.935  ;
16520 11.48 -18.0 -4.48  ;
9 11.99 -18.54 0.0  ;
16569 11.48 -18.25 -4.69  ;
14061 11.48 -17.75 -2.08  ;
16518 11.48 -18.25 -4.48  ;
