8 11.48 -17.75 0.0  ;
16 12.0 -9.5 0.0  ;
1377 12.0 -9.5 -0.35  ;
1432 12.0 -10.0 -0.35  ;
1486 11.48 -17.25 -0.35  ;
1541 11.48 -17.75 -0.35  ;
1596 11.48 -18.25 -0.35  ;
2477 12.0 -9.0 -4.9  ;
2532 12.0 -9.5 -4.9  ;
2587 12.0 -10.0 -4.9  ;
2696 11.48 -17.75 -4.9  ;
2751 11.48 -18.25 -4.9  ;
3652 12.0 -9.5 -0.77  ;
3707 12.0 -9.5 -3.39  ;
3766 12.0 -9.5 -4.48  ;
3820 11.48 -17.75 -0.77  ;
3875 11.48 -17.75 -3.39  ;
3934 11.48 -17.75 -4.48  ;
6999 9.07 -9.5 0.0  ;
7001 8.81 -13.625 0.0  ;
7002 14.41 -17.75 0.0  ;
7003 14.67 -13.625 0.0  ;
7004 11.735 -18.145 0.0  ;
7005 14.92 -18.54 0.0  ;
9221 9.07 -9.5 -4.9  ;
9222 12.0 -9.25 -4.9  ;
9223 9.07 -9.0 -4.9  ;
9380 9.07 -10.0 -4.9  ;
9486 11.48 -17.5 -4.9  ;
9487 14.41 -17.75 -4.9  ;
9660 11.48 -18.0 -4.9  ;
9661 14.41 -18.25 -4.9  ;
11108 9.07 -9.5 -0.35  ;
11109 12.0 -9.25 -0.35  ;
11110 9.07 -9.0 -0.35  ;
11267 9.07 -10.0 -0.35  ;
11268 12.0 -9.75 -0.35  ;
11373 11.48 -17.5 -0.35  ;
11374 14.41 -17.75 -0.35  ;
11376 14.41 -17.25 -0.35  ;
11547 11.48 -18.0 -0.35  ;
13565 9.07 -9.5 -0.77  ;
13566 12.0 -9.5 -0.56  ;
13672 9.07 -9.5 -3.39  ;
13673 12.0 -9.5 -2.08  ;
13819 12.0 -9.5 -3.935  ;
13820 9.07 -9.5 -4.48  ;
13890 12.0 -9.5 -4.69  ;
13944 11.48 -17.75 -0.56  ;
13945 14.41 -17.75 -0.77  ;
14062 14.41 -17.75 -3.39  ;
14223 11.48 -17.75 -3.935  ;
14225 14.41 -17.75 -4.48  ;
14299 11.48 -17.75 -4.69  ;
16269 11.48 -17.25 -0.77  ;
16270 11.48 -17.5 -0.77  ;
16271 11.48 -17.25 -0.56  ;
16332 11.48 -18.25 -0.77  ;
16333 11.48 -18.25 -0.56  ;
16334 11.48 -18.0 -0.77  ;
16362 11.48 -17.25 -3.39  ;
16363 11.48 -17.5 -3.39  ;
16364 11.48 -17.25 -2.08  ;
16425 11.48 -18.25 -3.39  ;
16426 11.48 -18.25 -2.08  ;
16427 11.48 -18.0 -3.39  ;
16456 11.48 -17.5 -4.48  ;
16457 11.48 -17.25 -3.935  ;
16519 11.48 -18.25 -3.935  ;
16520 11.48 -18.0 -4.48  ;
16548 11.48 -17.25 -4.69  ;
9 11.99 -18.54 0.0  ;
16569 11.48 -18.25 -4.69  ;
1322 12.0 -9.0 -0.35  ;
2641 11.48 -17.25 -4.9  ;
9381 12.0 -9.75 -4.9  ;
9489 14.41 -17.25 -4.9  ;
11548 14.41 -18.25 -0.35  ;
14061 11.48 -17.75 -2.08  ;
16455 11.48 -17.25 -4.48  ;
16518 11.48 -18.25 -4.48  ;
