45 24 0.5
44 48 1.0
43 48 1.0
42 52 1.0
41 48 1.0
40 48 1.0
38 24 0.5
37 52 1.0
36 48 1.0
35 48 1.0
34 48 1.0
33 48 1.0
31 2237 0.8334575260804769
30 1341 1.0
29 894 1.0
28 1341 1.0
27 895 1.0
26 2686 1.0
62 255 1.0
61 78 0.2867647058823529
60 267 0.9816176470588235
59 289 1.0
58 306 1.0
57 80 0.29411764705882354
56 234 0.9831932773109243
55 238 1.0
54 4100 0.7735849056603774
53 4100 0.7735849056603774
52 17892 0.8374836173001311
51 7613 0.3560471424562716
50 17921 0.8376647658221932
49 7616 0.3559710212666511
48 2808 0.7819548872180451
47 4786 0.7784645413142486
