46 48 1.0
45 48 1.0
44 48 1.0
43 48 1.0
42 10 0.19230769230769232
40 48 1.0
39 48 1.0
38 48 1.0
37 52 1.0
36 48 1.0
35 8 0.16666666666666666
33 48 1.0
32 1343 1.0
31 2684 1.0
30 1341 1.0
29 894 1.0
26 2686 1.0
62 215 0.8431372549019608
61 272 1.0
60 272 1.0
59 126 0.4359861591695502
58 260 0.8496732026143791
57 272 1.0
56 238 1.0
55 103 0.4327731092436975
54 4666 0.8803773584905661
53 4666 0.8803773584905661
52 5187 0.2427916120576671
51 18394 0.8602562903376672
50 5190 0.242591380760961
49 18402 0.860107501752746
48 2777 0.773322194374826
47 4756 0.7735849056603774
