13805
13805
13805
13806
13803
13803
13806
13805
13806
13806
13806
13805
13807
13807
13805
13808
13807
13807
13805
13807
13807
13807
13808
13806
13807
13807
13807
13807
13809
13806
13806
13807
13807
13808
13809
13807
13808
13807
13807
13809
13809
13808
13809
13810
13811
13809
13808
13808
13808
13809
13813
13809
13810
13809
13809
13812
13808
13809
13809
13810
13810
13810
13813
13811
13812
13811
13811
13807
13809
13809
13812
13813
13813
13812
13812
13811
13811
13813
13810
13813
13811
13813
13812
13811
13813
13812
13812
13811
13813
13813
13815
13813
13814
13814
13813
13814
13815
13812
13811
13814
13815
13813
13815
13813
13814
13815
13815
13814
13815
13816
13815
13815
13815
13815
13815
13815
13815
13815
13815
13815
13815
13815
13815
13815
13815
13815
13816
13815
13818
13815
13816
13817
13815
13817
13815
13817
13815
13815
13817
13819
13815
13817
13820
13817
13817
13818
13817
13819
13817
13819
13817
13819
13815
13815
13818
13819
13819
13819
13819
13819
13818
13819
13818
13819
13819
13819
13819
13819
13818
13820
13819
13821
13821
13820
13821
13821
13821
13821
13819
13819
13821
13821
13818
13821
13819
13821
13820
13821
13821
13821
13820
13822
13823
13822
13823
13821
13823
13823
13821
13821
13823
13821
13823
13824
13823
13823
13822
13823
13823
13823
13823
13823
13823
13823
13823
13823
13821
13823
13823
13823
13823
13823
13824
13823
13822
13823
13823
13823
13823
13823
13825
13824
13825
13823
13825
13825
13823
13825
13825
13824
13826
13827
13826
13824
13825
13823
13825
13825
13826
13825
13827
13826
13826
13824
13827
13826
13826
13827
13826
13827
13828
13827
13827
13828
13827
13827
13827
13828
13827
13827
13827
13828
13827
13829
13828
13829
13827
13827
13829
13829
13829
13827
13830
13830
13829
13829
13829
13830
13830
13828
13831
13829
13829
13829
13828
13830
13829
13830
13829
13831
13831
13831
13829
13829
13829
13831
13831
13830
13831
13831
13831
13831
13831
13831
13833
13831
13833
13831
13831
13831
13831
13833
13833
13833
13832
13831
13833
13831
13832
13831
13831
13831
13833
13833
13833
13831
13832
13833
13831
13833
13833
13831
13833
13833
13835
13833
13833
13835
13831
13833
13833
13834
13835
13834
13834
13835
13834
13834
13835
13835
13835
13837
13835
13834
13836
13835
13837
13837
13837
13837
13835
13835
13837
13837
13836
13836
13837
13837
13837
13837
13835
13837
13839
13838
13839
13838
13838
13838
13838
13838
13839
13836
13838
13839
13838
13837
13838
13839
13839
13839
13839
13837
13839
13839
13839
13839
13840
13839
13839
13839
13839
13839
13841
13841
13841
13839
13840
13840
13841
13840
13839
13839
13840
13841
13839
13841
13840
13841
13841
13839
13839
13842
13840
13841
13841
13843
13841
13842
13841
13841
13842
13841
13842
13842
13843
13843
13841
13843
13841
13845
13843
13843
13845
13845
13843
13843
13842
13843
13845
13843
13845
13845
13844
13843
13845
13844
13844
13845
13845
13844
13844
13846
13845
13844
13845
13847
13844
13845
13845
13845
13845
13846
13847
13847
13846
13846
13847
13846
13845
13846
13847
13845
13847
13847
13847
13847
13847
13847
13847
13847
13847
13847
13847
13847
13847
13848
13847
13847
13849
13847
13848
13848
13847
13849
13849
13848
13847
13847
13849
13849
13849
13849
13851
13849
13849
13851
13850
13848
13851
13849
13852
13849
13851
13848
13850
13849
13850
13851
13850
13851
13851
13849
13851
13850
13851
13851
13850
13854
13851
13850
13850
13852
13851
13852
13854
13851
13852
13851
13851
13851
13853
13854
13852
13852
13852
13852
13852
13853
13852
13853
13851
13853
13853
13853
13853
13854
13854
13853
13854
13855
13855
13856
13853
13853
13855
13853
13855
13854
13855
13853
13854
13855
13855
13854
13854
13854
13855
13855
13856
13856
13857
13855
13855
13855
13855
13857
13855
13855
13857
13855
13858
13857
13857
13858
13855
13857
13857
13856
13857
13857
13857
13858
13858
13857
13859
13859
13857
13857
13859
13857
13860
13857
13857
13859
13859
13859
13859
13862
13860
13859
13859
13860
13858
13861
13859
13861
13859
13858
13859
13861
13860
13861
13861
13861
13860
13862
13862
13860
13861
13861
13862
13860
13860
13861
13861
13863
13861
13861
13863
13861
13861
13863
13861
13861
13862
13862
13863
13865
13863
13863
13863
13863
13862
13863
13863
13863
13863
13863
13863
13863
13863
13863
13863
13864
13863
13865
13865
13863
13865
13863
13863
13864
13867
13865
13865
13863
13865
13865
13863
13865
13866
13867
13866
13866
13865
13867
13865
13865
13866
13865
13867
13867
13867
13865
13867
13865
13867
13867
13866
13866
13868
13868
13869
13867
13867
13867
13867
13867
13867
13867
13868
13868
13868
13868
13867
13867
13867
13867
13867
13869
13869
13869
13869
13868
13869
13870
13869
13871
13869
13868
13870
13871
13869
13871
13871
13870
13871
13870
13871
13871
13869
13871
13871
13869
13871
13871
13871
13871
13872
13872
13873
13871
13873
13870
13873
13871
13871
13871
13873
13872
13871
13871
13871
13873
13872
13873
13871
13872
13873
13873
13871
13872
13873
13873
13873
13874
13872
13873
13873
13874
13873
13874
13874
13874
13873
13874
13874
13873
13873
13875
13877
13876
13875
13873
13876
13875
13875
13875
13875
13876
13875
13876
13875
13878
13875
13875
13876
13877
13878
13877
13879
13877
13877
13877
13878
13878
13878
13879
13876
13877
13877
13877
13878
13879
13878
13877
13879
13878
13879
13878
13879
13878
13878
13879
13879
13879
13879
13877
13879
13879
13879
13879
13880
13879
13881
13879
13879
13879
13879
13880
13879
13879
13880
13879
13879
13879
13879
13881
13879
13879
13879
13879
13881
13879
13881
13879
13881
13881
13881
13881
13882
13881
13881
13883
13881
13883
13881
13882
13881
13881
13883
13881
13882
13881
13883
13882
13883
13884
13883
13883
13883
13881
13883
13883
13885
13884
13884
13884
13884
13884
13885
13884
13885
13883
13883
13885
13885
13885
13885
13884
13884
13886
13883
13886
13886
13886
13885
13885
13885
13885
13887
13885
13887
13886
13885
13886
13885
13887
13887
13887
13886
13887
13887
13887
13887
13887
13887
13887
13887
13886
13887
13886
13887
13889
13887
13887
13887
13889
13887
13887
13890
13889
13889
13891
13890
13887
13889
13887
13887
13889
13890
13888
13891
13889
13888
13890
13889
13889
13889
13891
13888
13890
13891
13889
13889
13891
13893
13891
13891
13891
13891
13891
13893
13892
13891
13893
13891
13893
13891
13891
13895
13893
13893
13891
13892
13893
13893
13893
13893
13892
13891
13892
13893
13893
13893
13893
13895
13894
13894
13892
13894
13894
13894
13892
13895
13895
13895
13894
13894
13893
13895
13895
13895
13895
13895
13895
13895
13894
13893
13895
13897
13895
13895
13895
13896
13895
13896
13897
13897
13896
13895
13894
13896
13895
13896
13897
13897
13897
13896
13895
13895
13897
13897
13897
13897
13899
13897
13897
13897
13898
13898
13895
13899
13897
13897
13898
13897
13899
13898
13899
13899
13899
13899
13900
13898
13899
13897
13899
13898
13901
13899
13899
13899
13899
13898
13899
13901
13899
13900
13900
13900
13901
13902
13899
13901
13902
13901
13902
13901
13901
13901
13902
13901
13903
13901
13901
13902
13900
13902
13901
13903
13902
13901
13900
13903
13903
13901
13903
13904
13901
13902
13903
13903
13902
13903
13904
13903
13903
13903
13903
13903
13905
13904
13905
13907
13905
13905
13905
13903
13906
13904
13905
13905
13904
13904
13903
13905
13907
13905
13905
13904
13907
13906
13907
13906
13905
13905
13906
13905
13906
13907
13909
13907
13907
13907
13907
13905
13908
13906
13908
13907
13907
13906
13908
13907
13909
13910
13907
13909
13909
13907
13908
13909
13908
13909
13911
13909
13909
13910
13909
13909
13909
13909
13909
13910
13909
13910
13909
13911
13911
13909
13909
13909
13909
13911
13911
13911
13911
13911
13909
13911
13910
13911
13911
13911
13911
13911
13911
13911
13911
13911
13911
13912
13911
13911
13913
13911
13911
13912
13912
13913
13911
13915
13911
13911
13913
13913
13911
13913
13913
13914
13914
13915
13911
13913
13914
13915
13913
13912
13913
13914
13915
13914
13913
13915
13915
13915
13915
13916
13915
13915
13914
13913
13913
13915
13915
13916
13917
13916
13916
13915
13916
13915
13914
13916
13916
13917
13916
13918
13917
13919
13916
13917
13917
13917
13917
13918
13919
13915
13915
13916
13918
13919
13919
13918
13917
13918
13918
13919
13919
13918
13917
13919
13919
13919
13919
13918
13920
13918
13921
13919
13919
13919
13919
13919
13919
13921
13921
13920
13921
13920
13919
13919
13920
13919
13920
13919
13921
13919
13919
13921
13921
13923
13921
13921
13921
13923
13920
13921
13921
13923
13922
13921
13923
13921
13925
13926
13922
13921
13924
13924
13923
13921
13923
13921
13925
13925
13923
13925
13923
13923
13923
13924
13924
13925
13924
13923
13925
13925
13924
13925
13925
13925
13925
13927
13925
13924
13925
13927
13924
13925
13925
13927
13927
13925
13925
13926
13926
13927
13927
13927
13926
13927
13927
13927
13927
13927
13927
13927
13927
13927
13929
13927
13929
13927
13927
13927
13927
13929
13927
13927
13927
13929
13927
13929
13926
13929
13929
13928
13929
13928
13929
13931
13929
13927
13929
13930
13929
13927
13927
13930
13930
13929
13929
13928
13930
13931
13928
13931
13931
13933
13931
13931
13931
13933
13931
13931
13930
13931
13930
13932
13931
13930
13931
13934
13931
13931
13932
13930
13934
13932
13929
13933
13934
13933
13933
13933
13932
13931
13931
13935
13935
13933
13935
13932
13934
13934
13931
13935
13933
13935
13934
13934
13934
13933
13935
13935
13935
13933
13936
13935
13935
13935
13935
13935
13936
13935
13937
13935
13937
13935
13937
13935
13935
13938
13935
13934
13937
13935
13935
13937
13937
13939
13938
13939
13935
13935
13936
13937
13939
13937
13935
13939
13937
13939
13937
13937
13938
13938
13941
13939
13939
13938
13937
13940
13938
13939
13939
13939
13939
13939
13940
13941
13939
13939
13940
13939
13939
13942
13941
13939
13941
13939
13941
13938
13942
13940
13941
13942
13941
13941
13941
13942
13943
13941
13941
13942
13941
13943
13942
13941
13942
13943
13943
13943
13943
13942
13943
13942
13943
13943
13943
13943
13942
13943
13943
13943
13943
13944
13943
13943
13943
13943
13943
13943
13943
13943
13943
13945
13944
13943
13945
13947
13944
13943
13943
13945
13946
13945
13946
13945
13947
13946
13946
13945
13947
13945
13945
13945
13946
13945
13947
13946
13947
13947
13946
13946
13947
13948
13945
13947
13947
13947
13947
13948
13947
13947
13947
13948
13949
13949
13949
13948
13949
13947
13947
13949
13947
13950
13949
13947
13949
13947
13948
13949
13949
13950
13950
13949
13950
13949
13949
13950
13950
13950
13950
13951
13951
13951
13951
13951
13951
13951
13951
13950
13951
13951
13951
13951
13951
13951
13951
13952
13952
13952
13953
13951
13953
13951
13953
13950
13952
13951
13953
13951
13951
13952
13955
13953
13951
13953
13953
13952
13953
13953
13953
13953
13954
13955
13953
13954
13955
13955
13955
13956
13955
13955
13954
13953
13954
13954
13955
13955
13955
13955
13955
13957
13957
13956
13955
13957
13955
13955
13957
13956
13955
13956
13956
13954
13956
13956
13957
13955
13957
13957
13959
13957
13957
13959
13958
13959
13958
13957
13957
13961
13958
13957
13959
13959
13959
13960
13957
13959
13959
13959
13958
13958
13959
13959
13959
13957
13959
13959
13960
13959
13960
13959
13961
13962
13959
13960
13959
13961
13961
13962
13963
13960
13960
13961
13960
13962
13962
13961
13963
13962
13962
13961
13962
13964
13963
13961
13961
13963
13961
13963
13962
13964
13962
13962
13962
13961
13961
13961
13963
13963
13964
13965
13962
13963
13963
13965
13963
13964
13963
13965
13965
13965
13964
13964
13965
13962
13963
13965
13965
13964
13964
13965
13965
13966
13965
13967
13963
13966
13966
13965
13965
13966
13965
13967
13966
13965
13964
13967
13966
13965
13967
13967
13967
13967
13965
13967
13967
13967
13967
13967
13967
13969
13967
13968
13969
13967
13969
13969
13967
13970
13968
13968
13969
13969
13969
13968
13969
13968
13969
13970
13970
13967
13969
13970
13970
13970
13969
13969
13970
13969
13971
13969
13970
13969
13971
13971
13972
13972
13969
13973
13971
13971
13973
13972
13971
13973
13971
13971
13972
13970
13972
13971
13973
13973
13970
13971
13973
13973
13975
13973
13974
13972
13973
13973
13971
13974
13975
13971
13973
13975
13974
13974
13974
13974
13975
13975
13975
13975
13975
13975
13975
13975
13975
13975
13975
13977
13976
13975
13975
13975
13975
13975
13975
13977
13975
13976
13975
13975
13977
13977
13975
13977
13977
13975
13976
13977
13977
13978
13975
13978
13976
13979
13975
13979
13976
13977
13978
13977
13978
13978
13978
13979
13978
13976
13979
13977
13980
13979
13979
13979
13978
13980
13979
13978
13979
13981
13979
13978
13977
13980
13982
13979
13980
13980
13981
13981
13980
13981
13981
13983
13979
13981
13983
13981
13981
13981
13982
13983
13983
13983
13981
13983
13983
13984
13983
13983
13983
13983
13982
13983
13983
13983
13983
13985
13981
13984
13983
13983
13985
13983
13983
13985
13983
13985
13985
13984
13985
13983
13985
13983
13985
13985
13985
13985
13985
13983
13986
13987
13986
13985
13985
13984
13985
13985
13985
13985
13985
13986
13985
13986
13986
13987
13986
13987
13987
13987
13987
13987
13987
13989
13987
13988
13987
13987
13989
13989
13988
13989
13989
13990
13989
13987
13990
13989
13989
13989
13989
13989
13988
13989
13989
13989
13989
13990
13989
13991
13991
13991
13990
13991
13990
13989
13990
13989
13990
13988
13991
13991
13991
13990
13991
13990
13989
13990
13991
13991
13991
13991
13990
13991
13991
13991
13991
13991
13993
13992
13994
13992
13991
13992
13992
13992
13991
13992
13993
13993
13993
13994
13993
13995
13993
13995
13994
13993
13995
13993
13993
13992
13993
13993
13995
13995
13993
13995
13996
13993
13995
13995
13995
13996
13994
13995
13995
13996
13996
13995
13997
13997
13995
13997
13995
13997
13995
13997
13997
13995
13996
13997
13997
13995
13996
13997
13998
13996
13997
13999
13996
13998
13997
13999
13999
13999
13998
13999
13999
13999
13999
13999
13999
13999
13999
13997
13999
14000
13997
14000
14000
13999
14000
13999
13999
13999
14000
14001
13999
14000
13999
13999
14001
14001
14000
13999
13999
14004
14002
14000
14001
14001
14001
14000
14001
14001
14002
14001
13999
14000
14001
14002
14002
14003
14002
14002
14003
14003
14003
14004
14004
14004
14003
14005
14003
14003
14004
14003
14003
14003
14004
14006
14003
14003
14005
14006
14004
14006
14003
14007
14005
14005
14007
14005
14006
14007
14005
14005
14007
14005
14006
14006
14006
14007
14007
14007
14007
14005
14007
14007
14006
14007
14007
14007
14007
14007
14007
14006
14006
14007
14006
14007
14007
14007
14007
14007
14008
14008
14007
14007
14007
14007
14007
14007
14008
14008
14008
14009
14008
14009
14007
14009
14009
14011
14009
14010
14010
14009
14010
14010
14011
14009
14009
14010
14011
14010
14010
14010
14011
14012
14010
14012
14013
14012
14010
14011
14011
14010
14010
14011
14011
14011
14012
14011
14013
14014
14012
14013
14010
14011
14013
14011
14013
14015
14017
14013
14013
14013
14015
14013
14012
14015
14015
14015
14016
14015
14015
14014
14014
14017
14015
14015
14015
14016
14015
14016
14015
14015
14014
14015
14015
14015
14017
14015
14016
14016
14016
14017
14017
14017
14016
14015
14017
14018
14016
14017
14017
14017
14017
14017
14015
14018
14019
14016
14019
14019
14019
14019
14018
14019
14019
14018
14019
14020
14020
14020
14019
14018
14019
14021
14018
14020
14019
14021
14019
14020
14019
14019
14019
14021
14021
14019
14022
14021
14022
14023
14021
14021
14021
14020
14020
14022
14021
14022
14022
14021
14022
14021
14023
14022
14022
14022
14023
14023
14021
14023
14022
14023
14024
14022
14023
14021
14023
14023
14023
14023
14022
14023
14024
14023
14024
14023
14022
14023
14024
14023
14023
14023
14023
14023
14025
14024
14023
14023
14026
14026
14026
14023
14025
14026
14025
14025
14026
14025
14025
14027
14027
14027
14027
14024
14025
14027
14025
14025
14026
14026
14027
14027
14025
14029
14029
14029
14028
14027
14027
14028
14027
14027
14027
14028
14029
14027
14029
14027
14027
14029
14028
14028
14028
14030
14030
14030
14028
14031
14031
14030
14031
14030
14029
14031
14029
14029
14031
14033
14029
14030
14030
14031
14031
14029
14029
14033
14031
14031
14032
14033
14033
14031
14031
14032
14032
14031
14033
14032
14033
14033
14032
14031
14031
14034
14033
14033
14034
14033
14032
14033
14033
14033
14033
14032
14035
14035
14035
14034
14035
14035
14035
14034
14035
14035
14036
14032
14035
14036
14035
14033
14035
14037
14036
14036
14035
14035
14038
14036
14035
14037
14037
14035
14037
14036
14037
14039
14037
14035
14037
14038
14041
14036
14038
14039
14038
14035
14037
14039
14039
14037
14038
14039
14037
14037
14039
14039
14039
14039
14039
14039
14037
14039
14039
14039
14039
14039
14039
14039
14039
14039
14039
14041
14040
14040
14040
14039
14040
14039
14039
14041
14040
14039
14040
14039
14043
14040
14040
14041
14039
14039
14041
14043
14043
14042
14039
14042
14042
14041
14043
14043
14042
14042
14043
14041
14041
14041
14043
14044
14043
14043
14043
14042
14045
14043
14044
14043
14043
14044
14044
14043
14045
14044
14045
14043
14047
14044
14044
14045
14045
14045
14044
14045
14046
14045
14044
14046
14047
14045
14046
14045
14046
14045
14045
14045
14046
14045
14045
14047
14047
14047
14047
14047
14047
14046
14048
14047
14049
14047
14047
14047
14050
14046
14047
14048
14049
14049
14049
14047
14049
14049
14049
14049
14047
14051
14049
14050
14049
14048
14050
14050
14048
14050
14050
14051
14049
14051
14049
14051
14051
14049
14051
14050
14050
14051
14050
14051
14052
14053
14051
14052
14051
14051
14051
14051
14052
14051
14051
14051
14052
14053
14053
14053
14051
14052
14052
14053
14054
14053
14053
14052
14054
14055
14055
14052
14054
14055
14055
14054
14055
14054
14055
14054
14054
14055
14054
14055
14055
14055
14055
14055
14055
14055
14056
14058
14055
14055
14054
14055
14056
14054
14054
14056
14055
14056
14055
14057
14059
14055
14055
14057
14058
14057
14055
14055
14059
14057
14056
14057
14059
14059
14057
14059
14060
14057
14056
14059
14059
14059
14058
14058
14059
14057
14059
14061
14058
14059
14058
14061
14061
14061
14061
14060
14059
14058
14061
14061
14059
14059
14061
14060
14061
14059
14061
14061
14060
14061
14063
14062
14059
14063
14061
14063
14061
14062
14061
14061
14061
14061
14061
14063
14063
14061
14063
14061
14061
14063
14063
14063
14063
14063
14062
14063
14065
14063
14065
14064
14063
14065
14063
14063
14064
14066
14064
14065
14065
14063
14062
14065
14065
14063
14064
14065
14065
14064
14065
14066
14066
14065
14065
14065
14066
14066
14067
14066
14066
14066
14067
14065
14067
14066
14067
14066
14067
14067
14066
14067
14067
14067
14068
14068
14067
14067
14069
14068
14069
14067
14068
14067
14068
14071
14068
14071
14070
14069
14068
14069
14069
14068
14071
14071
14070
14069
14069
14071
14070
14071
14071
14070
14069
14070
14071
14071
14071
14071
14071
14073
14071
14071
14070
14071
14071
14071
14071
14071
14071
14072
14071
14073
14071
14071
14073
14071
14071
14071
14071
14073
14071
14075
14073
14074
14072
14074
14073
14075
14075
14074
14074
14075
14074
14073
14074
14074
14073
14073
14075
14075
14075
14074
14074
14074
14075
14075
14075
14073
14076
14077
14077
14076
14077
14073
14074
14076
14077
14075
14074
14078
14078
14076
14076
14078
14078
14078
14078
14075
14078
14079
14077
14078
14077
14077
14077
14079
14077
14077
14077
14079
14077
14077
14078
14078
14079
14077
14079
14079
14079
14079
14080
14080
14079
14079
14079
14077
14079
14079
14079
14079
14079
14079
14079
14080
14081
14079
14079
14080
14081
14080
14081
14082
14082
14081
14080
14082
14083
14081
14082
14084
14081
14083
14081
14079
14084
14083
14083
14083
14081
14083
14083
14082
14084
14082
14082
14083
14082
14083
14085
14084
14085
14082
14085
14083
14085
14086
14086
14085
14086
14083
14085
14086
14085
14086
14085
14087
14085
14086
14085
14086
14086
14085
14085
14088
14086
14086
14087
14085
14087
14087
14086
14087
14089
14087
14087
14087
14088
14087
14087
14086
14087
14087
14087
14087
14087
14088
14087
14089
14087
14087
14088
14088
14088
14088
14089
14091
14088
14089
14088
14088
14089
14090
14089
14089
14089
14091
14090
14089
14089
14089
14089
14090
14090
14089
14089
14091
14090
14092
14090
14090
14089
14089
14091
14093
14093
14091
14093
14092
14092
14091
14093
14091
14093
14094
14092
14093
14091
14093
14093
14093
14094
14092
14093
14093
14095
14094
14093
14094
14093
14094
14095
14093
14093
14095
14095
14093
14097
14095
14095
14095
14095
14095
14095
14095
14095
14095
14095
14097
14095
14095
14095
14095
14097
14097
14095
14095
14095
14097
14097
14098
14095
14095
14096
14097
14097
14097
14099
14098
14097
14099
14099
14097
14098
14099
14097
14097
14097
14098
14098
14099
14098
14099
14098
14097
14099
14100
14099
14100
14099
14099
14099
14099
14101
14099
14099
14099
14101
14100
14101
14101
14103
14101
14101
14101
14101
14101
14101
14102
14101
14101
14101
14102
14101
14101
14102
14102
14103
14103
14102
14103
14103
14103
14103
14103
14103
14103
14103
14101
14103
14103
14102
14103
14105
14103
14103
14105
14103
14103
14105
14105
14103
14103
14103
14103
14105
14103
14105
14104
14106
14103
14103
14106
14105
14105
14107
14103
14106
14105
14104
14103
14105
14105
14106
14105
14107
14105
14107
14107
14107
14107
14107
14107
14105
14110
14107
14108
14108
14108
14107
14107
14107
14107
14107
14109
14109
14107
14111
14110
14110
14108
14109
14111
14107
14110
14109
14109
14110
14110
14109
14110
14111
14107
14109
14111
14109
14111
14109
14111
14109
14109
14111
14111
14111
14112
14111
14109
14111
14111
14111
14111
14111
14111
14111
14111
14111
14112
14111
14112
14113
14111
14112
14114
14111
14113
14112
14111
14112
14115
14113
14113
14113
14113
14113
14114
14115
14113
14113
14115
14113
14115
14113
14113
14116
14113
14115
14115
14115
14115
14114
14117
14116
14115
14115
14116
14116
14116
14117
14116
14116
14116
14115
14118
14117
14117
14115
14118
14118
14117
14118
14118
14117
14118
14117
14117
14117
14119
14116
14118
14117
14118
14118
14118
14118
14119
14118
14121
14117
14119
14119
14119
14119
14119
14119
14119
14121
14118
14119
14119
14119
14120
14119
14119
14120
14119
14120
14120
14119
14119
14119
14121
14122
14121
14121
14119
14122
14122
14120
14122
14119
14123
14122
14121
14121
14122
14122
14123
14122
14121
14121
14121
14123
14123
14123
14123
14121
14122
14123
14124
14122
14123
14125
14123
14124
14123
14125
14123
14124
14124
14125
14124
14125
14125
14125
14125
14125
14127
14125
14127
14124
14125
14125
14126
14127
14126
14127
14126
14125
14126
14126
14127
14127
14126
14126
14127
14127
14126
14126
14126
14125
14127
14127
14127
14128
14129
14128
14128
14129
14127
14129
14127
14127
14130
14128
14129
14130
14129
14129
14130
14131
14130
14129
14131
14130
14131
14130
14128
14129
14130
14131
14131
14130
14130
14131
14131
14129
14131
14132
14131
14131
14130
14131
14131
14131
14130
14131
14132
14131
14133
14133
14132
14133
14131
14133
14132
14133
14133
14132
14133
14133
14133
14133
14135
14133
14134
14134
14133
14133
14133
14133
14133
14135
14134
14135
14133
14134
14135
14135
14135
14135
14135
14135
14135
14136
14135
14134
14134
14136
14137
14137
14135
14137
14137
14136
14137
14135
14136
14137
14136
14137
14137
14136
14135
14138
14139
14137
14137
14137
14136
14138
14138
14138
14137
14137
14138
14138
14140
14139
14136
14137
14137
14137
14139
14137
14139
14139
14139
14139
14139
14139
14140
14141
14140
14139
14138
14138
14141
14139
14139
14141
14139
14141
14143
14140
14140
14142
14140
14141
14141
14141
14142
14141
14142
14140
14141
14142
14142
14141
14143
14143
14143
14142
14141
14142
14141
14143
14143
14143
14145
14143
14143
14143
14144
14143
14143
14143
14143
14144
14143
14145
14145
14143
14145
14143
14144
14145
14148
14146
14146
14145
14147
14147
14146
14145
14145
14146
14146
14146
14145
14147
14146
14147
14146
14147
14145
14146
14147
14147
14148
14148
14148
14147
14148
14147
14148
14147
14147
14149
14149
14149
14147
14149
14148
14148
14149
14150
14149
14149
14150
14149
14150
14148
14148
14149
14151
14149
14151
14149
14149
14151
14151
14150
14151
14151
14150
14151
14151
14151
14151
14151
14152
14150
14151
14151
14151
14151
14153
14151
14151
14151
14151
14151
14151
14151
14153
14151
14151
14154
14153
14152
14153
14153
14151
14152
14153
14151
14153
14152
14155
14154
14151
14153
14154
14154
14153
14154
14155
14154
14155
14155
14155
14154
14155
14155
14154
14155
14155
14156
14154
14154
14156
14155
14154
14155
14157
14155
14156
14157
14155
14156
14155
14155
14157
14159
14158
14157
14158
14158
14155
14156
14159
14159
14157
14155
14158
14158
14158
14157
14162
14158
14155
14159
14159
14157
14157
14160
14160
14159
14161
14159
14159
14159
14160
14159
14159
14159
14159
14159
14161
14161
14159
14161
14161
14160
14161
14161
14162
14161
14161
14161
14162
14162
14161
14162
14161
14163
14161
14163
14162
14163
14161
14162
14162
14161
14162
14162
14162
14163
14163
14163
14163
14165
14162
14165
14163
14161
14163
14164
14165
14163
14164
14162
14163
14167
14167
14165
14167
14164
14166
14166
14167
14164
14166
14167
14166
14167
14165
14166
14166
14165
14164
14166
14167
14165
14167
14167
14163
14167
14167
14165
14167
14167
14166
14166
14167
14167
14167
14167
14167
14167
14168
14167
14167
14171
14169
14168
14169
14170
14169
14168
14169
14169
14169
14169
14168
14170
14169
14168
14167
14167
14169
14170
14167
14172
14170
14170
14169
14170
14169
14169
14171
14171
14171
14170
14171
14170
14171
14170
14169
14171
14173
14171
14171
14172
14171
14171
14171
14173
14173
14172
14173
14171
14174
14173
14171
14172
14173
14171
14173
14173
14173
14173
14174
14173
14174
14173
14174
14175
14175
14175
14174
14175
14175
14175
14175
14176
14175
14177
14175
14173
14177
14175
14175
14175
14174
14177
14177
14175
14177
14177
14175
14175
14175
14177
14176
14176
14177
14177
14175
14177
14177
14178
14177
14177
14178
14176
14178
14179
14177
14177
14178
14180
14181
14179
14179
14181
14181
14179
14180
14179
14180
14181
14179
14179
14179
14181
14179
14181
14180
14178
14181
14179
14180
14181
14180
14181
14179
14179
14180
14183
14181
14182
14180
14181
14181
14180
14183
14180
14182
14183
14181
14182
14179
14183
14183
14183
14183
14181
14183
14183
14183
14183
14183
14183
14183
14183
14182
14184
14185
14182
14183
14185
14183
14183
14183
14183
14185
14185
14183
14183
14183
14183
14187
14185
14184
14185
14182
14185
14185
14187
14185
14185
14184
14185
14186
14185
14185
14184
14186
14187
14186
14186
14189
14187
14183
14189
14187
14188
14187
14187
14187
14187
14185
14188
14186
14188
14188
14189
14189
14188
14189
14187
14191
14188
14189
14187
14188
14189
14189
14188
14189
14190
14190
14191
14190
14189
14190
14189
14191
14190
14191
14191
14189
14189
14191
14191
14190
14192
14191
14190
14191
14191
14189
14191
14193
14192
14193
14192
14193
14190
14191
14191
14193
14193
14191
14191
14193
14191
14192
14193
14193
14193
14193
14194
14191
14195
14193
14194
14195
14193
14196
14194
14193
14195
14194
14195
14193
14194
14194
14195
14195
14196
14193
14195
14198
14197
14195
14196
14195
14197
14195
14196
14195
14195
14197
14195
14196
14196
14199
14198
14197
14197
14199
14199
14198
14196
14198
14198
14198
14197
14196
14198
14197
14197
14199
14197
14198
14198
14199
14197
14199
14199
14198
14198
14199
14199
14199
14199
14200
14199
14199
14199
14199
14199
14199
14199
14199
14198
14200
14201
14199
14199
14201
14199
14199
14199
14201
14201
14201
14201
14201
14201
14201
14201
14202
14201
14202
14203
14201
14203
14204
14201
14201
14201
14202
14203
14203
14202
14205
14203
14204
14204
14205
14204
14203
14205
14202
14205
14205
14203
14204
14204
14205
14206
14204
14205
14204
14205
14205
14206
14207
14207
14205
14205
14206
14207
14205
14205
14207
14205
14205
14206
14205
14207
14205
14205
14207
14207
14207
14207
14207
14207
14206
14207
14207
14208
14207
14209
14209
14208
14207
14207
14210
14209
14207
14208
14210
14208
14208
14209
14209
14209
14209
14209
14209
14211
14211
14209
14210
14210
14208
14210
14209
14209
14209
14211
14211
14211
14211
14211
14210
14210
14213
14211
14213
14210
14213
14213
14213
14211
14211
14211
14212
14211
14211
14213
14214
14212
14214
14213
14211
14213
14214
14213
14215
14213
14215
14214
14214
14214
14213
14215
14214
14214
14215
14215
14214
14215
14215
14215
14215
14215
14215
14215
14214
14215
14215
14215
14217
14214
14215
14215
14215
14215
14215
14215
14215
14216
14215
14216
14217
14218
14217
14215
14215
14216
14217
14217
14217
14219
14215
14219
14220
14217
14218
14219
14219
14217
14217
14217
14218
14217
14219
14219
14218
14219
14219
14219
14219
14219
14219
14221
14218
14219
14221
14221
14219
14219
14220
14221
14220
14221
14221
14220
14220
14221
14221
14221
14223
14220
14223
14221
14223
14222
14222
14222
14223
14221
14221
14223
14222
14222
14223
14221
14223
14223
14221
14224
14223
14221
14222
14222
14223
14224
14224
14224
14223
14223
14223
14223
14223
14225
14223
14223
14225
14225
14224
14224
14224
14225
14223
14224
14226
14226
14225
14224
14226
14225
14226
14224
14225
14227
14226
14227
14226
14226
14226
14225
14228
14226
14227
14228
14229
14226
14227
14228
14229
14230
14229
14228
14228
14228
14228
14229
14229
14229
14227
14229
14229
14228
14227
14230
14228
14229
14230
14231
14230
14230
14229
14231
14230
14230
14229
14230
14231
14231
14228
14229
14231
14230
14229
14231
14231
14231
14231
14231
14231
14231
14230
14231
14231
14232
14233
14231
14231
14231
14231
14233
14233
14234
14231
14231
14233
14233
14231
14232
14233
14232
14234
14233
14233
14233
14233
14235
14233
14233
14235
14235
14232
14233
14235
14233
14234
14234
14235
14236
14233
14235
14235
14235
14234
14234
14235
14234
14236
14234
14235
14237
14237
14235
14237
14236
14235
14235
14235
14237
14237
14237
14235
14237
14237
14237
14237
14237
14238
14239
14238
14239
14238
14238
14238
14238
14238
14237
14238
14237
14238
14238
14238
14239
14239
14239
14239
14239
14239
14241
14240
14239
14240
14239
14240
14239
14240
14239
14239
14240
14240
14239
14242
14241
14239
14241
14241
14242
14239
14241
14244
14239
14242
14242
14243
14243
14243
14243
14241
14242
14244
14243
14242
14241
14243
14244
14243
14243
14243
14246
14244
14244
14242
14242
14244
14243
14244
14244
14245
14246
14244
14244
14243
14245
14246
14245
14247
14243
14245
14245
14245
14245
14246
14244
14245
14246
14246
14245
14246
14246
14247
14245
14246
14247
14247
14246
14245
14247
14247
14246
14247
14247
14247
14247
14247
14247
14247
14247
14248
14247
14247
14247
14248
14249
14249
14249
14248
14247
14249
14248
14248
14249
14249
14249
14247
14250
14250
14249
14251
14250
14250
14250
14247
14251
14249
14250
14251
14251
14250
14253
14253
14249
14251
14251
14252
14251
14251
14253
14251
14250
14251
14251
14252
14253
14253
14255
14252
14254
14253
14254
14253
14253
14254
14253
14253
14254
14253
14254
14253
14254
14253
14254
14254
14253
14255
14255
14255
14255
14255
14255
14253
14253
14255
14255
14255
14255
14257
14255
14255
14255
14255
14256
14256
14255
14257
14257
14257
14255
14255
14257
14257
14257
14256
14256
14257
14256
14257
14257
14257
14257
14257
14258
14256
14257
14258
14259
14257
14261
14259
14258
14258
14258
14258
14260
14259
14261
14259
14259
14261
14259
14260
14261
14259
14260
14261
14258
14262
14261
14260
14263
14260
14261
14261
14261
14259
14261
14261
14263
14262
14261
14261
14261
14262
14263
14262
14261
14262
14261
14262
14262
14262
14263
14263
14262
14265
14265
14263
14263
14263
14263
14263
14263
14263
14263
14263
14263
14263
14264
14264
14263
14264
14263
14265
14264
14263
14266
14265
14265
14264
14263
14265
14264
14263
14265
14263
14265
14265
14263
14265
14265
14267
14265
14266
14267
14266
14267
14268
14268
14267
14269
14267
14267
14267
14267
14267
14267
14268
14267
14270
14267
14267
14269
14268
14268
14267
14269
14267
14269
14267
14268
14268
14270
14269
14269
14267
14269
14270
14269
14270
14271
14269
14270
14270
14269
14271
14269
14271
14270
14271
14272
14271
14271
14271
14271
14271
14271
14269
14271
14273
14273
14271
14271
14272
14270
14273
14272
14272
14271
14272
14273
14274
14273
14275
14273
14273
14275
14272
14274
14275
14275
14273
14273
14274
14276
14275
14273
14274
14274
14275
14274
14273
14275
14275
14275
14275
14275
14277
14275
14275
14276
14276
14278
14277
14276
14277
14276
14276
14277
14275
14278
14275
14277
14277
14279
14277
14279
14278
14277
14277
14277
14277
14278
14278
14278
14279
14279
14279
14277
14279
14280
14279
14279
14277
14279
14278
14279
14279
14279
14279
14281
14279
14279
14279
14279
14280
14279
14281
14279
14279
14280
14279
14281
14281
14280
14281
14282
14282
14281
14281
14281
14281
14281
14282
14280
14281
14282
14282
14281
14281
14283
14283
14281
14285
14283
14283
14281
14283
14285
14282
14283
14282
14284
14284
14285
14283
14283
14281
14285
14285
14284
14285
14285
14283
14283
14285
14283
14284
14284
14285
14285
14285
14285
14285
14287
14284
14285
14287
14286
14287
14286
14285
14287
14286
14288
14286
14288
14287
14287
14287
14287
14287
14287
14287
14287
14287
14287
14288
14289
14287
14287
14287
14287
14287
14289
14287
14287
14287
14289
14288
14289
14289
14287
14289
14288
14287
14290
14291
14289
14291
14289
14292
14289
14289
14293
14290
14290
14291
14291
14291
14293
14289
14291
14290
14292
14292
14290
14291
14293
14291
14292
14293
14293
14292
14292
14293
14290
14293
14291
14291
14294
14292
14294
14295
14293
14292
14294
14295
14292
14293
14295
14295
14295
14293
14294
14295
14294
14294
14295
14295
14295
14296
14293
14294
14295
14295
14295
14295
14295
14297
14295
14297
14297
14295
14295
14295
14295
14297
14296
14295
14297
14295
14297
14296
14295
14296
14298
14300
14296
14298
14298
14298
14297
14298
14296
14296
14299
14297
14297
14295
14295
14300
14297
14299
14299
14299
14299
14297
14300
14299
14295
14300
14297
14300
14298
14298
14301
14299
14299
14300
14300
14299
14299
14302
14301
14299
14299
14299
14299
14297
14300
14298
14301
14302
14297
14301
14301
14301
14303
14299
14301
14301
14302
14300
14300
14301
14301
14299
14300
14301
14300
14302
14300
14301
14303
14298
14302
14301
14301
14302
14301
14302
14303
14300
14303
14302
14299
14300
14301
14299
14301
14301
14299
14303
14301
14303
14303
14301
14302
14301
14303
14303
14302
14303
14301
14303
14303
14301
14304
14302
14303
14303
14303
14303
14301
14303
14303
14305
14300
14303
14302
14302
14302
14302
14303
14301
14304
14303
14302
14302
14303
14303
14303
14301
14303
14303
14303
14303
14303
14305
14301
14306
14303
14303
14303
14305
14303
14303
14303
14304
14305
14304
14303
14305
14303
14304
14303
14303
14305
14303
14303
14305
14304
14304
14303
14303
14303
14305
14305
14303
14304
14303
14303
14305
14304
14304
14303
14304
14303
14304
14305
14304
14303
14303
14304
14305
14302
14306
14305
14303
14305
14307
14303
14303
14306
14305
14305
14303
14303
14303
14304
14305
14305
14305
14304
14307
14304
14306
14303
14306
14306
14306
14305
14305
14305
14306
14305
14304
14307
14306
14306
14305
14307
14307
14305
14307
14307
14307
14307
14305
14307
14306
14306
14305
14306
14307
14307
14307
14305
14306
14304
14307
14307
14305
14305
14307
14307
14305
14307
14306
14307
14305
14307
14307
14305
14307
14305
14306
14306
14308
14307
14307
14307
14303
14308
14306
14307
14307
14307
14309
14307
14308
14307
14307
14306
14309
14307
14305
14307
14306
14307
14308
14309
14307
14308
14308
14309
14307
14307
14308
14307
14308
14307
14308
14307
14308
14307
14309
14309
14307
14307
14307
14309
14306
14308
14310
14307
14309
14309
14309
14309
14308
14310
14310
14307
14309
14307
14311
14307
14308
14308
14310
14309
14310
14309
14310
14309
14307
14310
14309
14307
14307
14311
14308
14310
14311
14310
14307
14309
14309
14309
14309
14309
14311
14309
14310
14308
14311
14309
14311
14311
14309
14311
14309
14311
14311
14310
14309
14311
14309
14310
14311
14309
14311
14308
14309
14309
14311
14309
14309
14311
14311
14308
14311
14311
14311
14309
14309
14311
14309
14311
14310
14310
14311
14311
14311
14311
14310
14311
14311
14312
14309
14310
14312
14311
14311
14311
14310
14310
14311
14311
14312
14311
14310
14311
14311
14311
14311
14313
14310
14311
14311
14312
14310
14311
14311
14311
14311
14311
14313
14311
14311
14311
14311
14313
14311
14311
14311
14312
14311
14313
14311
14311
14311
14313
14311
14311
14311
14311
14311
14311
14309
14314
14312
14311
14311
14311
14311
14311
14312
14313
14312
14311
14311
14311
14312
14312
14313
14313
14313
14311
14313
14313
14312
14311
14313
14313
14311
14311
14311
14311
14313
14313
14312
14313
14311
14312
14314
14312
14311
14313
14315
14311
14313
14312
14311
14313
14313
14314
14313
14313
14313
14315
14312
14311
14315
14313
14314
14315
14313
14311
14315
14313
14311
14314
14313
14315
14315
14315
14313
14315
14315
14314
14313
14314
14314
14315
14313
14315
14315
14314
14315
14311
14317
14312
14315
14315
14316
14317
14313
14313
14316
14314
14313
14314
14314
14316
14315
14315
14315
14315
14314
14315
14316
14313
14316
14315
14315
14314
14315
14315
14315
14317
14315
14316
14315
14315
14315
14315
14317
14315
14317
14317
14315
14315
14316
14316
14314
14315
14317
14316
14317
14317
14318
14319
14316
14316
14316
14315
14318
14317
14317
14317
14317
14315
14317
14316
14316
14317
14317
14315
14317
14318
14317
14317
14316
14316
14316
14315
14316
14317
14318
14315
14317
14317
14317
14316
14317
14318
14317
14317
14317
14317
14317
14317
14318
14319
14317
14317
14317
14317
14317
14319
14319
14319
14317
14317
14317
14317
14318
14317
14319
14319
14317
14319
14319
14318
14319
14319
14318
14318
14319
14317
14317
14319
14319
14319
14319
14319
14317
14318
14317
14319
14317
14319
14318
14319
14319
14319
14318
14318
14318
14319
14320
14319
14319
14319
14318
14319
14319
14319
14319
14320
14321
14319
14319
14319
14319
14319
14319
14319
14319
14319
14319
14321
14319
14319
14321
14319
14318
14319
14319
14319
14319
14319
14320
14319
14319
14319
14318
14321
14319
14320
14319
14319
14321
14320
14322
14319
14321
14319
14320
14321
14321
14321
14321
14321
14319
14321
14323
14321
14321
14321
14319
14321
14319
14321
14321
14319
14320
14323
14320
14321
14321
14321
14321
14323
14321
14319
14322
14322
14321
14321
14321
14321
14321
14320
14321
14323
14320
14323
14321
14323
14323
14321
14324
14321
14323
14321
14323
14321
14321
14321
14323
14321
14322
14321
14321
14323
14323
14323
14321
14323
14322
14324
14321
14321
14322
14323
14325
14322
14322
14323
14324
14323
14323
14323
14322
14323
14325
14322
14321
14323
14325
14322
14323
14325
14324
14324
14322
14323
14326
14323
14325
14321
14324
14323
14325
14323
14323
14322
14325
14325
14323
14325
14323
14323
14325
14324
14325
14323
14323
14325
14325
14323
14324
14325
14324
14324
14325
14325
14325
14325
14325
14325
14325
14325
14325
14325
14325
14325
14326
14325
14323
14325
14326
14326
14324
14326
14324
14325
14325
14326
14325
14326
14323
14325
14325
14325
14326
14326
14326
14325
14326
14325
14326
14325
14325
14326
14327
14327
14326
14327
14327
14327
14326
14327
14326
14326
14327
14327
14327
14325
14325
14324
14327
14327
14325
14327
14327
14327
14327
14326
14326
14327
14327
14327
14325
14327
14327
14327
14327
14325
14327
14327
14327
14327
14327
14327
14327
14327
14328
14327
14327
14327
14327
14327
14326
14327
14327
14327
14327
14327
14327
14329
14327
14326
14329
14327
14327
14327
14327
14327
14327
14328
14327
14327
14327
14329
14328
14328
14329
14329
14328
14327
14327
14329
14327
14327
14327
14328
14327
14327
14327
14329
14329
14329
14327
14329
14329
14329
14327
14330
14327
14330
14328
14329
14327
14329
14327
14327
14328
14328
14330
14329
14329
14329
14328
14328
14329
14329
14327
14331
14329
14329
14329
14328
14329
14327
14329
14329
14330
14331
14329
14329
14328
14331
14329
14330
14328
14330
14331
14327
14330
14330
14330
14331
14329
14329
14330
14331
14329
14330
14331
14331
14331
14329
14329
14330
14329
14333
14334
14331
14331
14333
14331
14333
14330
14330
14330
14330
14331
14332
14331
14332
14331
14333
14332
14330
14330
14331
14331
14329
14331
14333
14330
14333
14332
14331
14331
14331
14331
14331
14330
14331
14333
14333
14332
14332
14331
14331
14330
14330
14333
14332
14333
14333
14333
14331
14333
14333
14331
14334
14331
14333
14333
14334
14335
14333
14332
14335
14333
14333
14333
14333
14335
14334
14332
14331
14332
14334
14332
14333
14332
14332
14332
14333
14334
14334
14335
14334
14333
14335
14332
14332
14335
14335
14334
14335
14335
14334
14332
14333
14335
14335
14333
14333
14335
14335
14334
14333
14334
14331
14334
14334
14335
14335
14334
14334
14335
14333
14335
14334
14333
14335
14334
14335
14334
14335
14334
14335
14335
14335
14335
14335
14335
14334
14336
14335
14335
14335
14335
14333
14335
14335
14335
14335
14335
14335
14335
14335
14335
14335
14335
14335
14335
14335
14334
14335
14335
14335
14335
14337
14335
14334
14335
14335
14335
14336
14338
14336
14335
14337
14335
14335
14337
14336
14335
14337
14335
14335
14336
14336
14335
14337
14337
14337
14337
14335
14337
14339
14336
14335
14338
14337
14336
14337
14336
14338
14335
14338
14335
14338
14337
14336
14335
14337
14337
14337
14335
14337
14336
14339
14337
14337
14338
14338
14339
14338
14337
14336
14335
14338
14339
14337
14337
14337
14338
14337
14340
14339
14337
14338
14339
14337
14337
14339
14339
14339
14339
14337
14337
14339
14337
14337
14339
14336
14339
14339
14341
14338
14339
14340
14340
14341
14337
14337
14341
14339
14339
14339
14338
14337
14339
14339
14340
14341
14340
14339
14340
14341
14339
14341
14339
14338
14340
14341
14338
14341
14340
14339
14339
14338
14339
14339
14341
14342
14341
14339
14340
14342
14341
14340
14339
14342
14340
14340
14340
14341
14340
14341
14341
14339
14341
14340
14338
14342
14342
14341
14340
14340
14340
14341
14342
14342
14343
14341
14341
14341
14341
14343
14340
14342
14341
14342
14343
14340
14343
14342
14343
14343
14341
14343
14341
14343
14343
14340
14343
14342
14343
14340
14343
14342
14342
14343
14342
14342
14342
14342
14342
14344
14341
14343
14342
14343
14343
14342
14343
14342
14341
14341
14343
14343
14342
14343
14342
14344
14343
14341
14344
14340
14344
14343
14343
14342
14343
14343
14342
14344
14341
14344
14343
14345
14343
14344
14343
14343
14343
14343
14345
14342
14345
14343
14345
14343
14345
14341
14344
14344
14345
14344
14345
14343
14343
14342
14345
14345
14345
14342
14347
14344
14347
14343
14344
14345
14345
14344
14344
14346
14344
14343
14346
14345
14345
14343
14345
14344
14346
14345
14345
14346
14345
14347
14343
14347
14344
14347
14346
14347
14343
14348
14343
14345
14345
14347
14345
14345
14343
14345
14345
14346
14346
14347
14347
14347
14347
14347
14345
14346
14346
14347
14348
14347
14345
14347
14347
14347
14345
14346
14347
14345
14348
14347
14347
14348
14349
14347
14346
14346
14347
14347
14347
14347
14348
14346
14349
14345
14347
14345
14347
14346
14348
14347
14347
14347
14345
14347
14347
14347
14349
14349
14349
14347
14349
14348
14348
14350
14348
14349
14347
14347
14348
14347
14349
14347
14349
14345
14349
14348
14351
14347
14350
14347
14351
14349
14349
14347
14349
14351
14347
14351
14351
14351
14348
14351
14351
14349
14349
14351
14348
14351
14348
14350
14348
14351
14350
14351
14348
14349
14351
14348
14349
14351
14351
14349
14349
14351
14351
14351
14351
14351
14351
14350
14349
14351
14351
14350
14351
14351
14351
14351
14349
14350
14349
14351
14349
14350
14349
14351
14351
14353
14352
14349
14351
14351
14351
14350
14353
14351
14351
14351
14350
14351
14351
14351
14351
14351
14351
14351
14350
14351
14351
14351
14353
14351
14351
14352
14353
14349
14351
14351
14352
14352
14353
14353
14351
14354
14353
14351
14353
14351
14350
14351
14353
14353
14353
14351
14352
14351
14351
14351
14355
14351
14352
14353
14355
14352
14353
14353
14354
14353
14353
14355
14352
14352
14353
14354
14352
14353
14353
14352
14353
14351
14351
14353
14354
14353
14353
14353
14353
14355
14356
14355
14353
14355
14355
14356
14353
14353
14353
14354
14353
14353
14355
14354
14353
14355
14355
14354
14353
14355
14355
14356
14353
14355
14355
14353
14353
14354
14355
14355
14352
14355
14353
14356
14355
14354
14356
14353
14354
14356
14355
14355
14355
14355
14355
14355
14353
14355
14355
14357
14357
14356
14355
14355
14356
14357
14356
14355
14356
14359
14356
14357
14356
14356
14357
14357
14357
14357
14356
14357
14356
14358
14358
14357
14355
14357
14357
14357
14357
14358
14358
14359
14359
14357
14359
14356
14357
14359
14359
14355
14355
14359
14359
14359
14359
14356
14359
14357
14359
14358
14357
14357
14359
14359
14358
14358
14358
14358
14357
14356
14358
14357
14355
14357
14357
14359
14359
14359
14358
14359
14359
14359
14358
14359
14359
14359
14359
14359
14359
14358
14358
14359
14359
14359
14359
14358
14358
14360
14359
14359
14359
14359
14359
14358
14359
14358
14361
14360
14359
14359
14359
14359
14361
14359
14360
14359
14359
14359
14359
14359
14360
14359
14359
14359
14360
14361
14361
14359
14358
14360
14361
14359
14360
14362
14361
14360
14361
14359
14363
14361
14359
14361
14360
14363
14359
14361
14360
14359
14360
14361
14362
14362
14359
14360
14359
14362
14362
14359
14361
14363
14362
14361
14363
14363
14360
14362
14361
14361
14363
14363
14361
14361
14361
14359
14362
14361
14365
14363
14359
14359
14362
14362
14362
14364
14361
14362
14362
14361
14363
14364
14363
14361
14364
14363
14362
14363
14364
14362
14363
14363
14361
14363
14363
14362
14363
14364
14362
14364
14363
14362
14361
14363
14364
14366
14363
14363
14363
14362
14362
14365
14364
14363
14364
14365
14365
14364
14363
14364
14364
14365
14364
14366
14365
14365
14363
14364
14363
14365
14363
14363
14366
14362
14364
14363
14365
14365
14364
14365
14364
14364
14363
14367
14365
14365
14365
14366
14365
14365
14365
14364
14365
14365
14365
14364
14365
14365
14365
14365
14367
14365
14367
14365
14364
14365
14365
14365
14366
14365
14366
14366
14367
14368
14367
14367
14367
14366
14366
14367
14367
14368
14367
14366
14365
14366
14367
14367
14367
14367
14367
14365
14366
14365
14368
14365
14367
14366
14367
14367
14366
14367
14367
14367
14367
14367
14367
14367
14366
14367
14367
14367
14369
14369
14367
14365
14367
14369
14368
14368
14369
14367
14367
14367
14367
14368
14368
14367
14367
14369
14367
14369
14366
14369
