32706
32708
32705
32708
32706
32708
32705
32706
32709
32703
32707
32706
32706
32705
32705
32707
32707
32706
32707
32707
32709
32709
32707
32707
32705
32709
32705
32706
32708
32703
32708
32707
32705
32709
32703
32707
32706
32707
32708
32703
32710
32704
32706
32706
32707
32707
32709
32709
32707
32707
32709
32708
32707
32706
32710
32707
32706
32706
32706
32707
32706
32705
32707
32707
32705
32711
32705
32708
32705
32707
32708
32709
32705
32708
32707
32710
32705
32704
32707
32710
32706
32707
32709
32709
32706
32707
32710
32709
32707
32706
32705
32707
32703
32708
32708
32706
32710
32710
32705
32709
32707
32707
32707
32709
32704
32709
32711
32706
32707
32709
32703
32709
32706
32703
32708
32709
32703
32707
32707
32703
32703
32710
32705
32707
32709
32703
32711
32709
32707
32708
32709
32706
32708
32706
32707
32706
32708
32710
32706
32709
32705
32708
32710
32704
32708
32709
32706
32707
32711
32705
32709
32705
32705
32703
32707
32707
32707
32705
32707
32708
32705
32705
32701
32710
32704
32705
32705
32707
32706
32708
32709
32711
32701
32705
32709
32705
32703
32704
32710
32708
32707
32707
32711
32709
32706
32711
32703
32705
32707
32708
32704
32707
32707
32709
32708
32708
32705
32708
32705
32706
32707
32709
32708
32708
32705
32709
32705
32708
32709
32707
32710
32705
32709
32706
32709
32706
32710
32707
32707
32706
32706
32707
32708
32711
32705
32707
32707
32708
32708
32706
32708
32708
32709
32705
32706
32709
32706
32711
32705
32704
32709
32707
32706
32708
32705
32705
32707
32706
32703
32707
32709
32707
32709
32707
32703
32709
32708
32706
32707
32708
32708
32703
32708
32703
32705
32705
32709
32703
32705
32706
32707
32706
32705
32709
32708
32706
32703
32704
32706
32706
32709
32707
32708
32707
32707
32709
32709
32708
32707
32710
32706
32705
32705
32708
32707
32705
32707
32703
32707
32705
32708
32705
32703
32708
32705
32707
32706
32707
32710
32705
32707
32707
32709
32705
32707
32705
32707
32707
32708
32712
32703
32706
32706
32707
32704
32706
32707
32707
32707
32701
32706
32709
32707
32706
32708
32708
32707
32707
32705
32702
32707
32711
32705
32706
32707
32707
32709
32708
32705
32707
32709
32709
32707
32708
32703
32707
32707
32709
32707
32705
32708
32708
32709
32702
32707
32708
32705
32703
32705
32709
32708
32706
32705
32707
32709
32708
32706
32705
32707
32707
32708
32705
32707
32705
32708
32709
32705
32705
32706
32708
32705
32705
32707
32704
32707
32705
32707
32707
32704
32707
32706
32709
32705
32708
32707
32707
32708
32705
32707
32707
32706
32703
32707
32706
32709
32708
32705
32705
32706
32710
32703
32707
32708
32709
32707
32707
32709
32703
32705
32707
32707
32706
32709
32709
32707
32705
32703
32709
32707
32705
32706
32707
32707
32705
32705
32703
32705
32708
32710
32709
32703
32706
32707
32707
32703
32706
32707
32705
32703
32706
32705
32707
32707
32706
32705
32707
32705
32709
32708
32706
32706
32707
32705
32705
32708
32705
32709
32707
32708
32701
32709
32708
32703
32705
32706
32708
32707
32708
32707
32706
32709
32708
32708
32707
32705
32705
32707
32705
32705
32708
32705
32707
32705
32706
32706
32709
32707
32705
32709
32707
32707
32703
32707
32707
32707
32707
32708
32705
32708
32709
32703
32707
32705
32705
32711
32705
32706
32707
32709
32706
32709
32708
32707
32706
32709
32708
32703
32707
32708
32708
32703
32705
32705
32706
32707
32703
32706
32707
32707
32707
32703
32706
32707
32709
32703
32706
32703
32703
32706
32705
32706
32709
32707
32706
32710
32706
32706
32709
32707
32704
32706
32709
32704
32706
32707
32703
32709
32707
32707
32708
32703
32708
32707
32705
32706
32706
32710
32707
32704
32707
32708
32707
32709
32705
32706
32709
32707
32705
32706
32707
32703
32707
32706
32706
32705
32707
32707
32706
32707
32708
32710
32708
32707
32705
32709
32709
32705
32706
32709
32705
32708
32708
32707
32707
32709
32706
32708
32705
32706
32707
32709
32706
32707
32705
32711
32705
32705
32707
32703
32707
32707
32703
32707
32706
32707
32707
32705
32705
32707
32709
32709
32705
32706
32706
32706
32708
32705
32705
32707
32706
32709
32705
32706
32709
32708
32706
32703
32705
32705
32707
32707
32705
32707
32706
32709
32707
32708
32705
32710
32703
32706
32702
32707
32710
32707
32706
32705
32707
32708
32707
32707
32709
32709
32705
32705
32706
32708
32708
32705
32707
32706
32706
32709
32709
32705
32705
32706
32709
32709
32708
32707
32709
32707
32707
32706
32702
32705
32707
32705
32707
32705
32704
32706
32704
32706
32706
32707
32709
32709
32708
32709
32709
32709
32708
32703
32707
32708
32706
32705
32707
32705
32706
32707
32710
32707
32708
32706
32707
32708
32703
32709
32709
32709
32707
32709
32707
32704
32707
32704
32705
32707
32709
32706
32705
32705
32707
32709
32704
32710
32709
32707
32706
32703
32707
32705
32708
32705
32708
32704
32707
32707
32708
32706
32705
32705
32706
32707
32707
32706
32707
32707
32708
32709
32709
32707
32707
32707
32706
32705
32707
32705
32705
32706
32707
32711
32703
32709
32707
32707
32707
32707
32709
32705
32705
32706
32707
32706
32703
32705
32706
32706
32705
32705
32705
32709
32703
32709
32705
32707
32708
32711
32706
32706
32707
32709
32705
32703
32705
32705
32711
32703
32705
32708
32703
32710
32703
32705
32701
32708
32709
32706
32707
32706
32707
32710
32705
32703
32713
32703
32707
32702
32709
32705
32704
32706
32703
32707
32705
32710
32705
32707
32704
32707
32710
32703
32705
32707
32709
32702
32711
32709
32709
32702
32703
32708
32707
32711
32703
32709
32710
32707
32709
32703
32707
32698
32707
32711
32704
32702
32711
32703
32703
32709
32702
32707
32697
32715
32705
32703
32705
32703
32703
32703
32709
32705
32705
32711
32703
32704
32701
32698
32706
32709
32703
32695
32712
32701
32703
32713
32707
32703
32699
32703
32713
32699
32705
32709
32702
32708
32703
32711
32703
32702
32711
32699
32711
32692
32709
32711
32703
32708
32701
32699
32706
32707
32702
32711
32703
32707
32709
32709
32711
32695
32706
32711
32708
32713
32704
32708
32711
32699
32704
32699
32697
32698
32703
32699
32707
32713
32695
32705
32705
32699
32696
32708
32711
32700
32717
32703
32697
32703
32703
32702
32719
32694
32710
32707
32692
32712
32705
32705
32703
32703
32706
32709
32694
32707
32697
32702
32711
32702
32711
32697
32702
32711
32705
32705
32711
32701
32713
32706
32718
32698
32694
32727
32701
32709
32701
32693
32699
32712
32703
32725
32702
32695
32705
32696
32703
32711
32708
32691
32707
32698
32708
32713
32714
32695
32714
32691
32715
32709
32703
32719
32695
32690
32695
32695
32719
32714
32718
32701
32719
32688
32714
32709
32719
32723
32720
32674
32722
32686
32711
32697
32717
32706
32700
32729
32693
32706
32709
32701
32711
32698
32702
32714
32703
32703
32703
32697
32710
32700
32711
32706
32709
32699
32718
32707
32716
32707
32707
32698
32713
32683
32730
32694
32727
32691
32717
32696
32714
32697
32729
32683
32734
32685
32723
32701
32701
32717
32686
32721
32691
32716
32695
32709
32702
32711
32718
32691
32727
32693
32713
32687
32713
32692
32709
32700
32712
32689
32713
32697
32705
32711
32706
32706
32719
32688
32723
32700
32711
32703
32709
32708
32715
32711
32710
32707
32696
32712
32703
32713
32704
32703
32710
32710
32701
32711
32710
32699
32715
32696
32711
32697
32710
32706
32703
32709
32697
32711
32699
32709
32703
32715
32699
32711
32702
32708
32707
32701
32710
32695
32715
32699
32711
32709
32708
32707
32706
32707
32696
32714
32703
32706
32709
32703
32706
32701
32722
32702
32717
32703
32717
32697
32720
32696
32716
32709
32705
32710
32703
32715
32703
32710
32698
32707
32705
32708
32709
32711
32703
32703
32712
32700
32715
32702
32712
32706
32705
32703
32707
32707
32709
32703
32708
32711
32706
32708
32708
32697
32709
32705
32700
32711
32695
32719
32696
32711
32705
32710
32710
32703
32709
32703
32709
32702
32711
32705
32708
32705
32706
32714
32704
32709
32709
32705
32708
32705
32711
32711
32701
32712
32702
32708
32706
32706
32712
32703
32702
32710
32703
32707
32708
32709
32711
32701
32705
32711
32707
32702
32713
32698
32712
32699
32709
32703
32702
32703
32711
32698
32709
32707
32709
32702
32707
32714
32699
32703
32706
32707
32706
32699
32711
32709
32705
32713
32699
32709
32713
32698
32715
32713
32699
32711
32708
32700
32707
32701
32708
32706
32693
32714
32701
32712
32711
32700
32709
32708
32695
32723
32706
32703
32717
32700
32709
32704
32705
32711
32700
32713
32709
32708
32714
32699
32703
32711
32697
32709
32705
32709
32709
32704
32710
32702
32706
32697
32713
32712
32697
32708
32705
32707
32700
32715
32699
32703
32703
32704
32711
32709
32697
32718
32699
32709
32713
32693
32725
32698
32703
32709
32697
32711
32699
32706
32706
32703
32704
32694
32705
32711
32703
32710
32711
32704
32710
32707
32711
32707
32706
32709
32703
32715
32711
32694
32709
32716
32699
32705
32711
32694
32714
32713
32703
32706
32704
32703
32704
32705
32711
32700
32716
32701
32701
32712
32693
32716
32708
32707
32703
32701
32697
32710
32708
32703
32704
32702
32717
32701
32702
32710
32705
32703
32703
32713
32709
32694
32716
32706
32701
32708
32714
32703
32713
32699
32711
32708
32697
32719
32703
32709
32707
32707
32713
32705
32700
32719
32706
32699
32703
32703
32705
32703
32706
32710
32709
32705
32709
32709
32699
32708
32701
32715
32709
32709
32705
32711
32703
32700
32710
32711
32703
32707
32709
32711
32698
32706
32708
32692
32716
32703
32700
32709
32702
32702
32709
32707
32698
32709
32703
32703
32703
32714
32697
32703
32707
32707
32702
32707
32707
32701
32713
32702
32705
32713
32696
32710
32705
32706
32711
32706
32715
32694
32717
32705
32706
32707
32705
32715
32705
32702
32708
32706
32708
32709
32705
32713
32703
32707
32710
32703
32695
32713
32706
32710
32705
32704
32710
32707
32697
32717
32699
32709
32708
32699
32712
32699
32713
32701
32711
32709
32700
32711
32711
32696
32707
32709
32703
32707
32711
32702
32702
32709
32704
32707
32704
32703
32713
32703
32705
32709
32703
32709
32703
32712
32702
32709
32710
32697
32711
32709
32705
32709
32709
32706
32699
32715
32703
32701
32717
32699
32705
32711
32703
32709
32707
32709
32707
32702
32711
32703
32711
32710
32703
32706
32705
32705
32705
32707
32705
32710
32708
32703
32709
32706
32707
32707
32707
32708
32699
32708
32705
32707
32709
32706
32703
32708
32700
32708
32705
32701
32710
32703
32707
32706
32705
32710
32705
32707
32705
32707
32709
32703
32707
32711
32703
32703
32713
32698
32709
32709
32703
32711
32702
32708
32703
32706
32705
32705
32708
32707
32705
32713
32709
32699
32714
32703
32707
32711
32705
32706
32703
32702
32707
32705
32707
32705
32707
32707
32707
32705
32711
32706
32705
32709
32707
32705
32706
32705
32709
32711
32703
32709
32706
32707
32705
32708
32702
32704
32710
32705
32709
32708
32709
32706
32709
32704
32705
32710
32704
32705
32709
32703
32707
32709
32705
32703
32708
32705
32705
32708
32704
32708
32707
32703
32706
32708
32705
32705
32707
32709
32707
32705
32711
32705
32704
32705
32706
32709
32702
32705
32709
32704
32711
32707
32707
32710
32705
32707
32709
32705
32703
32710
32711
32707
32703
32709
32703
32709
32711
32706
32709
32703
32707
32705
32707
32700
32708
32706
32706
32706
32702
32707
32705
32707
32703
32703
32705
32711
32699
32709
32707
32705
32708
32708
32703
32707
32711
32707
32703
32703
32707
32705
32716
32703
32709
32708
32707
32709
32706
32707
32703
32715
32713
32709
32725
32693
32695
32715
32727
32712
32687
32710
32707
32716
32702
32702
32703
32707
32684
32737
32661
32688
32687
32667
32671
32725
32711
32719
32703
32663
32672
32741
32700
32707
32753
32776
32735
32699
32710
32702
32698
32707
32695
32674
32671
32741
32743
32666
32843
32705
32685
32717
32764
32705
32725
32693
32705
32711
32664
32770
32631
32699
32754
32659
32695
32747
32741
32672
32679
32689
32681
32711
32770
32713
32699
32697
32664
32688
32677
32711
32706
32623
32755
32697
32705
32667
32724
32775
32688
32665
32718
32730
32738
32647
32719
32749
32690
32691
32726
32746
32697
32666
32719
32739
32653
32723
32714
32752
32723
32731
32732
32678
32731
32678
32695
32711
32763
32679
32715
32749
32687
32703
32723
32706
32676
32710
32692
32683
32699
32680
32717
32678
32701
32706
32727
32665
32717
32711
32689
32710
32703
32733
32696
32724
32664
32731
32711
32692
32711
32717
32730
32679
32733
32721
32725
32706
32714
32712
32689
32717
32702
32700
32708
32705
32700
32697
32705
32680
32708
32695
32707
32709
32725
32691
32713
32705
32703
32707
32699
32696
32715
32714
32693
32728
32691
32710
32708
32722
32695
32719
32698
32685
32715
32697
32708
32715
32729
32684
32713
32711
32706
32702
32710
32711
32703
32711
32695
32721
32708
32695
32706
32710
32689
32694
32724
32699
32699
32712
32695
32698
32721
32703
32711
32732
32701
32697
32716
32721
32688
32697
32717
32699
32708
32706
32713
32705
32711
32703
32704
32698
32697
32710
32711
32700
32712
32704
32707
32705
32709
32711
32719
32689
32704
32701
32716
32698
32699
32719
32705
32701
32706
32715
32690
32709
32708
32713
32700
32709
32703
32705
32711
32703
32712
32701
32698
32705
32715
32705
32702
32705
32710
32699
32701
32697
32718
32700
32709
32699
32715
32702
32695
32709
32709
32699
32709
32712
32711
32703
32703
32706
32702
32701
32697
32713
32715
32709
32701
32715
32713
32701
32707
32712
32701
32700
32709
32709
32709
32704
32712
32712
32710
32703
32712
32702
32706
32702
32711
32703
32709
32703
32706
32709
32702
32702
32715
32711
32691
32714
32714
32703
32701
32711
32710
32701
32711
32707
32705
32706
32708
32709
32707
32706
32703
32711
32707
32701
32705
32711
32711
32709
32701
32709
32709
32697
32710
32708
32711
32695
32720
32709
32696
32708
32717
32703
32701
32711
32697
32707
32710
32707
32707
32715
32707
32705
32709
32705
32703
32713
32708
32705
32705
32707
32709
32709
32697
32709
32712
32701
32701
32716
32703
32701
32711
32709
32703
32705
32713
32701
32711
32706
32703
32711
32711
32701
32703
32709
32705
32705
32710
32708
32706
32705
32705
32711
32705
32703
32711
32713
32697
32709
32711
32704
32703
32709
32703
32703
32709
32705
32704
32709
32708
32701
32713
32706
32701
32705
32713
32701
32709
32709
32709
32707
32704
32706
32709
32707
32701
32711
32705
32699
32711
32708
32699
32709
32709
32703
32709
32705
32703
32707
32711
32700
32706
32710
32703
32703
32710
32705
32702
32706
32708
32707
32703
32707
32709
32703
32703
32703
32713
32703
32705
32708
32706
32706
32705
32707
32706
32708
32705
32703
32707
32706
32701
32711
32707
32702
32703
32711
32706
32703
32705
32705
32703
32703
32705
32705
32707
32702
32711
32708
32706
32706
32705
32709
32703
32701
32709
32707
32711
32702
32710
32708
32703
32705
32709
32707
32703
32708
32711
32703
32705
32710
32709
32707
32709
32707
32708
32707
32706
32705
32707
32710
32701
32710
32708
32704
32703
32709
32705
32703
32705
32709
32710
32698
32709
32707
32703
32703
32707
32705
32707
32702
32710
32707
32701
32706
32709
32707
32703
32705
32703
32708
32707
32707
32708
32709
32710
32705
32709
32706
32701
32709
32708
32703
32700
32707
32706
32707
32701
32711
32705
32709
32707
32706
32705
32707
32707
32696
32709
32706
32706
32708
32707
32707
32706
32711
32711
32705
32704
32709
32703
32710
32703
32709
32709
32711
32703
32709
32710
32703
32708
32709
32711
32709
32709
32713
32709
32699
32703
32705
32707
32700
32711
32705
32710
32707
32705
32707
32707
32709
32706
32705
32698
32703
32706
32706
32697
32712
32706
32703
32703
32703
32708
32707
32713
32705
32713
32703
32699
32711
32701
32703
32711
32710
32706
32702
32709
32697
32719
32711
32709
32713
32710
32702
32707
32711
32701
32698
32708
32707
32707
32703
32713
32701
32706
32701
32705
32704
32697
32709
32711
32703
32705
32706
32713
32702
32702
32711
32710
32703
32701
32709
32707
32711
32705
32707
32711
32695
32711
32707
32695
32710
32709
32701
32701
32703
32708
32702
32711
32705
32703
32705
32701
32703
32703
32708
32703
32707
32705
32707
32705
32707
32703
32703
32707
32710
32701
32713
32703
32701
32711
32705
32703
32709
32703
32703
32709
32711
32703
32709
32709
32703
32709
32708
32701
32706
32705
32707
32711
32710
32705
32707
32709
32707
32706
32708
32702
32708
32705
32705
32703
32710
32703
32701
32707
32705
32707
32709
32706
32699
32707
32707
32707
32703
32708
32705
32707
32702
32706
32709
32708
32707
32708
32703
32705
32707
32705
32705
32705
32707
32709
32708
32707
32706
32703
32711
32703
32705
32707
32705
32707
32706
32706
32702
32707
32711
32705
32705
32708
32705
32705
32705
32706
32702
32709
32708
32707
32707
32703
32706
32709
32703
32710
32706
32705
32708
32703
32709
32705
32705
32710
32705
32705
32707
32703
32705
32703
32703
32709
32709
32707
32705
32709
32706
32705
32709
32705
32707
32711
32710
32703
32707
32703
32706
32707
32701
32711
32708
32707
32705
32706
32703
32705
32706
32707
32709
32704
32706
32706
32705
32708
32705
32709
32706
32707
32707
32707
32701
32707
32705
32709
32708
32705
32710
32704
32705
32703
32707
32710
32703
32711
32708
32706
32706
32707
32704
32704
32705
32707
32709
32705
32710
32703
32711
32703
32703
32708
32708
32707
32707
32704
32705
32706
32707
32706
32707
32705
32706
32707
32703
32706
32707
32707
32705
32707
32705
32706
32706
32708
32705
32707
32705
32709
32705
32705
32705
32703
32707
32707
32703
32707
32709
32705
32706
32703
32707
32705
32708
32705
32707
32705
32709
32704
32711
32701
32705
32706
32704
32707
32705
32705
32708
32707
32705
32707
32705
32709
32705
32708
32707
32709
32707
32706
32704
32706
32706
32710
32703
32703
32706
32705
32707
32709
32705
32709
32705
32705
32703
32707
32706
32707
32706
32707
32703
32706
32708
32706
32708
32708
32704
32705
32706
32705
32706
32706
32706
32707
32707
32705
32705
32711
32707
32702
32709
32705
32707
32707
32706
32707
32705
32708
32705
32709
32707
32703
32708
32707
32703
32705
32707
32703
32707
32703
32706
32708
32705
32705
32707
32705
32707
32705
32705
32703
32707
32709
32707
32703
32703
32705
32707
32705
32706
32707
32707
32707
32707
32707
32706
32709
32706
32705
32707
32703
32707
32705
32705
32706
32706
32706
32710
32707
32706
32703
32707
32704
32705
32706
32703
32709
32705
32705
32707
32707
32707
32709
32705
32707
32710
32707
32707
32707
32706
32707
32707
32706
32703
32705
32705
32705
32707
32702
32705
32707
32706
32707
32703
32705
32706
32707
32705
32706
32705
32704
32709
32706
32707
32706
32707
32706
32707
32703
32706
32706
32707
32705
32705
32707
32709
32706
32708
32703
32709
32706
32705
32709
32705
32707
32703
32706
32707
32703
32707
32707
32704
32706
32709
32708
32709
32705
32703
32699
32709
32707
32703
32707
32709
32706
32707
32707
32705
32707
32709
32708
32703
32706
32705
32707
32705
32706
32703
32705
32707
32711
32702
32704
32705
32709
32702
32709
32701
32705
32707
32712
32703
32705
32698
32709
32706
32702
32709
32707
32711
32701
32708
32712
32707
32695
32709
32706
32706
32701
32705
32708
32701
32697
32713
32707
32703
32703
32710
32701
32703
32703
32707
32705
32707
32706
32708
32716
32692
32712
32701
32699
32703
32706
32708
32711
32705
32699
32708
32701
32702
32719
32706
32699
32707
32709
32701
32709
32705
32713
32709
32702
32701
32702
32717
32689
32713
32703
32711
32699
32713
32711
32703
32707
32708
32702
32699
32714
32688
32711
32698
32707
32703
32708
32705
32709
32703
32697
32706
32701
32707
32708
32713
32689
32704
32709
32689
32705
32716
32699
32706
32708
32707
32701
32704
32695
32712
32704
32703
32705
32710
32706
32707
32711
32703
32705
32712
32693
32711
32702
32705
32716
32711
32709
32699
32716
32691
32698
32710
32711
32686
32715
32711
32697
32704
32705
32705
32701
32707
32701
32715
32706
32701
32699
32703
32703
32708
32717
32704
32701
32712
32688
32706
32706
32695
32713
32702
32695
32701
32717
32700
32693
32705
32710
32694
32718
32710
32705
32707
32701
32704
32710
32700
32708
32706
32711
32698
32711
32703
32709
32707
32713
32705
32707
32718
32690
32714
32695
32709
32710
32709
32696
32712
32710
32700
32709
32702
32710
32701
32713
32709
32701
32703
32706
32702
32703
32707
32709
32703
32700
32703
32709
32700
32713
32699
32711
32705
32701
32710
32702
32706
32699
32708
32706
32710
32699
32709
32703
32708
32704
32708
32705
32707
32707
32703
32701
32706
32707
32703
32710
32707
32705
32705
32711
32699
32707
32703
32711
32707
32707
32707
32705
32705
32707
32705
32707
32701
32714
32705
32708
32706
32702
32710
32703
32708
32706
32711
32703
32711
32698
32707
32706
32702
32706
32712
32703
32699
32711
32700
32699
32710
32711
32707
32706
32707
32703
32703
32706
32707
32709
32701
32708
32705
32711
32701
32704
32711
32708
32705
32703
32707
32705
32703
32701
32711
32701
32703
32711
32715
32700
32703
32712
32707
32704
32708
32705
32703
32706
32706
32702
32707
32703
32704
32715
32703
32712
32702
32711
32697
32703
32709
32707
32709
32711
32701
32709
32710
32701
32715
32703
32705
32713
32709
32705
32711
32709
32709
32702
32711
32705
32705
32706
32708
32699
32705
32705
32709
32707
32705
32712
32705
32705
32707
32709
32705
32709
32708
32702
32705
32711
32703
32709
32710
32703
32707
32708
32701
32705
32703
32703
32709
32707
32705
32705
32707
32709
32708
32709
32702
32703
32712
32700
32707
32709
32701
32703
32711
32703
32705
32711
32703
32707
32705
32706
32709
32708
32703
32705
32705
32710
32703
32707
32709
32705
32707
32708
32701
32702
32710
32703
32705
32709
32705
32708
32709
32697
32707
32709
32703
32710
32709
32705
32708
32709
32708
32703
32708
32705
32707
32708
32707
32701
32707
32706
32703
32711
32703
32709
32708
32707
32707
32707
32707
32710
32708
32703
32707
32703
32707
32705
32708
32705
32704
32705
32710
32701
32708
32705
32707
32707
32709
32703
32706
32711
32710
32701
32711
32703
32702
32711
32703
32703
32709
32705
32705
32707
32702
32709
32705
32705
32703
32710
32705
32702
32709
32705
32706
32707
32707
32703
32707
32707
32706
32707
32703
32703
32707
32707
32708
32708
32709
32703
32708
32709
32704
32707
32707
32706
32709
32707
32703
32706
32707
32703
32703
32709
32706
32707
32706
32707
32703
32708
32703
32707
32703
32703
32712
32707
32703
32708
32706
32703
32707
32708
32705
32705
32709
32707
32703
32708
32704
32707
32710
32699
32709
32710
32703
32704
32707
32707
32706
32707
32706
32703
32705
32709
32706
32707
32707
32702
32711
32706
32705
32710
32703
32705
32707
32708
32703
32708
32707
32705
32703
32707
32707
32708
32707
32703
32708
32707
32706
32706
32709
32702
32705
32705
32707
32707
32705
32704
32705
32707
32705
32709
32710
32705
32703
32708
32704
32706
32709
32703
32705
32705
32706
32709
32704
32705
32706
32708
32705
32706
32703
32705
32709
32705
32706
32707
32708
32707
32703
32707
32707
32705
32707
32705
32707
32703
32705
32706
32707
32706
32703
32706
32707
32705
32708
32703
32705
32709
32703
32706
32703
32703
32707
32705
32709
32706
32706
32710
32705
32708
32706
32706
32709
32705
32705
32705
32705
32708
32708
32703
32708
32703
32709
32703
32703
32706
32707
32706
32708
32704
32705
32709
32705
32710
32705
32704
32706
32707
32706
32706
32707
32707
32703
32709
32702
32704
32709
32706
32705
32703
32704
32705
32705
32703
32707
32703
32707
32706
32706
32706
32703
32709
32707
32703
32707
32707
32707
32707
32703
32705
32710
32705
32705
32711
32705
32705
32705
32709
32704
32707
32707
32707
32706
32707
32705
32707
32706
32705
32707
32705
32707
32706
32706
32703
32707
32707
32707
32705
32707
32703
32705
32709
32703
32706
32709
32707
32705
32706
32705
32707
32706
32709
32703
32705
32707
32706
32706
32705
32706
32707
32706
32707
32705
32706
32705
32706
32706
32707
32703
32707
32706
32706
32706
32705
32707
32707
32707
32705
32707
32705
32706
32705
32705
32706
32705
32703
32705
32705
32704
32706
32707
32706
32705
32705
32706
32705
32705
32703
32705
32709
32705
32705
32706
32706
32706
32705
32705
32705
32706
32707
32706
32709
32706
32703
32707
32706
32706
32705
32707
32708
32707
32704
32707
32705
32706
32706
32703
32703
32707
32708
32707
32704
32707
32707
32705
32707
32705
32705
32709
32706
32705
32705
32704
32706
32707
32706
32704
32705
32706
32706
32706
32707
32703
32707
32708
32706
32707
32703
32709
32706
32707
32706
32707
32706
32707
32705
32707
32703
32708
32709
32703
32703
32706
32705
32708
32703
32705
32707
32706
32708
32705
32707
32703
32708
32705
32705
32705
32708
32705
32706
32708
32704
32707
32707
32706
32707
32707
32708
32707
32706
32705
32703
32709
32705
32706
32706
32709
32705
32708
32705
32705
32708
32705
32707
32707
32705
32706
32706
32707
32706
32705
32707
32707
32706
32708
32704
32705
32708
32707
32707
32707
32707
32707
32707
32706
32705
32707
32707
32706
32706
32705
32705
32709
32708
32708
32706
32705
32704
32708
32706
32706
32705
32703
32708
32709
32703
32705
32706
32702
32705
32705
32707
32707
32708
32708
32705
32706
32710
32708
32706
32705
32707
32707
32706
32707
32706
32708
32707
32707
32707
32705
32706
32708
32706
32707
32703
32706
32707
32709
32707
32705
32706
32703
32706
32707
32706
32707
32708
32705
32707
32707
32707
32708
32705
32704
32703
32708
32706
32703
32705
32706
32705
32708
32705
32705
32705
32706
32706
32707
32704
32706
32708
32706
32705
32706
32707
32707
32706
32706
32705
32704
32707
32706
32705
32705
32705
32706
32708
32706
32705
32705
32706
32705
32705
32703
32705
32708
32707
32705
32708
32705
32705
32707
32702
32703
32707
32705
32706
32705
32703
32705
32707
32708
32706
32707
32706
32705
32705
32707
32705
32709
32707
32709
32703
32704
32708
32707
32707
32703
32706
32708
32707
32705
32703
32706
32706
32703
32706
32706
32706
32709
32707
32706
32707
32705
32707
32709
32703
32703
32706
32703
32707
32707
32703
32709
32707
32705
32702
32705
32707
32709
32703
32702
32719
32692
32688
32708
32699
32708
32705
32679
32681
32701
32697
32698
32714
32706
32699
32693
32721
32681
32717
32709
32667
32687
32747
32675
32697
32679
32756
32735
32764
32697
32642
32627
32785
32730
32647
32783
32678
32717
32663
32695
32639
32797
32636
32679
32604
32703
32665
32612
32748
32623
32681
32709
32699
32695
32645
32686
32750
32677
32697
32720
32709
32675
32683
32666
32714
32697
32651
32677
32688
32676
32641
32714
32645
32688
32673
32682
32647
32658
32687
32660
32733
32762
32692
32725
32760
32649
32793
32709
32736
32655
32822
32691
32730
32734
32707
32747
32805
32726
32711
32681
32679
32668
32713
32667
32760
32627
32727
32663
32753
32751
32627
32679
32702
32758
32791
32620
32625
32685
32723
32701
32702
32767
32721
32677
32728
32727
32653
32703
32686
32734
32663
32759
32709
32659
32705
32706
32710
32669
32679
32672
32698
32649
32749
32731
32747
32665
32744
32733
32687
32707
32697
32677
32739
32715
32623
32749
32679
32669
32717
32700
32660
32727
32692
32668
32671
32726
32679
32693
32727
32695
32699
32706
32679
32688
32708
32702
32711
32721
32721
32693
32712
32703
32695
32721
32689
32697
32720
32675
32697
32707
32707
32725
32692
32711
32685
32699
32692
32719
32689
32708
32714
32701
32694
32705
32709
32696
32713
32700
32728
32729
32723
32703
32735
32700
32717
32697
32708
32700
32706
32714
32701
32730
32675
32724
32718
32697
32685
32724
32680
32707
32715
32697
32703
32721
32699
32702
32714
32688
32714
32707
32715
32696
32713
32713
32699
32696
32712
32697
32704
32706
32703
32729
32688
32708
32721
32694
32711
32710
32709
32705
32705
32702
32704
32714
32707
32709
32711
32694
32717
32709
32705
32704
32709
32710
32711
32717
32707
32711
32722
32695
32698
32713
32698
32704
32725
32713
32697
32710
32705
32703
32704
32711
32697
32710
32706
32703
32703
32698
32715
32701
32702
32699
32706
32703
32704
32701
32705
32700
32716
32703
32699
32700
32707
32700
32705
32709
32699
32717
32697
32717
32702
32711
32700
32716
32701
32716
32696
32711
32715
32701
32713
32700
32722
32706
32713
32698
32719
32687
32717
32703
32705
32703
32707
32715
32699
32709
32707
32711
32703
32709
32706
32709
32703
32719
32695
32708
32706
32695
32711
32710
32708
32703
32711
32702
32698
32699
32717
32697
32714
32703
32703
32703
32705
32710
32706
32705
32706
32709
32706
32705
32711
32708
32706
32707
32699
32711
32702
32705
32709
32702
32707
32704
32706
32716
32706
32706
32710
32711
32699
32700
32711
32702
32708
32705
32711
32701
32709
32711
32707
32703
32707
32706
32700
32712
32700
32704
32704
32707
32703
32702
32708
32702
32703
32706
32704
32706
32705
32705
32710
32697
32711
32703
32706
32706
32705
32702
32706
32710
32703
32706
32707
32709
32705
32711
32703
32713
32707
32707
32707
32704
32707
32711
32706
32707
32710
32708
32707
32702
32709
32697
32710
32705
32710
32706
32703
32704
32705
32708
32705
32709
32703
32705
32708
32702
32703
32710
32703
32709
32706
32703
32703
32703
32711
32703
32704
32711
32701
32703
32708
32706
32703
32705
32708
32700
32708
32708
32707
32711
32706
32696
32711
32703
32707
32705
32707
32706
32699
32707
32703
32708
32705
32706
32708
32711
32698
32707
32707
32705
32703
32709
32703
32706
32708
32705
32707
32705
32705
32705
32705
32707
32709
32702
32708
32705
32703
32715
32709
32710
32691
32715
32703
32687
32707
32704
32699
32707
32701
32711
32723
32711
32700
32704
32697
32708
32686
32694
32694
32724
32703
32773
32727
32708
32689
32665
32750
32720
32685
32701
32744
32739
32707
32729
32749
32766
32723
32669
32726
32745
32699
32763
32747
32688
32662
32710
32670
32739
32647
32712
32757
32723
32690
32730
32779
32711
32726
32705
32679
32737
32697
32727
32709
32723
32737
32732
32719
32623
32709
32669
32732
32655
32665
32715
32753
32646
32722
32690
32731
32715
32681
32712
32677
32695
32690
32698
32711
32676
32670
32693
32689
32695
32714
32727
32676
32701
32711
32730
32717
32681
32745
32647
32685
32709
32695
32636
32679
32722
32715
32727
32688
32759
32689
32787
32707
32702
32763
32671
32689
32683
32715
32699
32633
32701
32760
32716
32720
32699
32743
32695
32640
32679
32732
32733
32733
32706
32718
32705
32741
32687
32719
32703
32681
32709
32708
32710
32707
32723
32705
32696
32729
32727
32676
32722
32705
32726
32685
32703
32738
32693
32688
32701
32733
32715
32719
32685
32738
32712
32709
32711
32706
32722
32689
32717
32708
32703
32693
32735
32701
32723
32703
32695
32715
32685
32697
32719
32713
32716
32717
32701
32711
32673
32713
32697
32697
32709
32679
32725
32705
32707
32699
32713
32706
32709
32703
32713
32699
32701
32703
32703
32704
32698
32718
32705
32701
32694
32707
32701
32705
32702
32697
32720
32695
32709
32708
32707
32708
32709
32695
32709
32690
32711
32711
32702
32702
32700
32722
32698
32702
32711
32702
32707
32705
32701
32713
32693
32703
32719
32713
32691
32715
32709
32711
32701
32705
32703
32703
32697
32708
32702
32707
32687
32711
32700
32693
32711
32710
32711
32703
32697
32713
32711
32695
32727
32693
32707
32692
32706
32711
32705
32702
32707
32706
32698
32704
32701
32711
32703
32709
32699
32714
32707
32709
32711
32701
32709
32711
32713
32703
32711
32705
32719
32707
32709
32702
32709
32704
32707
32709
32700
32706
32699
32709
32707
32697
32703
32703
32707
32703
32698
32709
32703
32705
32703
32701
32709
32706
32703
32711
32706
32707
32705
32705
32705
32707
32706
32714
32706
32701
32709
32705
32705
32701
32707
32706
32706
32699
32709
32698
32703
32702
32709
32710
32697
32707
32711
32708
32707
32703
32705
32712
32699
32711
32709
32705
32703
32703
32719
32695
32707
32701
32707
32704
32699
32711
32705
32707
32705
32712
32701
32712
32696
32717
32701
32707
32709
32704
32708
32700
32715
32706
32714
32701
32709
32710
32704
32707
32711
32700
32708
32703
32709
32709
32697
32707
32709
32707
32705
32703
32709
32709
32696
32715
32702
32708
32711
32703
32711
32697
32706
32711
32702
32709
32704
32707
32712
32692
32712
32701
32711
32705
32706
32709
32709
32703
32709
32707
32708
32705
32705
32711
32703
32709
32705
32703
32710
32703
32705
32712
32701
32707
32703
32707
32703
32711
32709
32706
32709
32699
32707
32706
32703
32704
32711
32705
32703
32699
32713
32703
32709
32713
32703
32701
32699
32706
32702
32706
32700
32705
32703
32711
32702
32704
32700
32695
32708
32710
32703
32708
32712
32707
32711
32699
32708
32705
32711
32711
32713
32711
32703
32701
32715
32703
32709
32705
32699
32713
32687
32711
32713
32706
32697
32705
32707
32707
32705
32709
32707
32708
32717
32694
32709
32708
32705
32711
32711
32698
32713
32707
32705
32705
32701
32713
32701
32705
32713
32710
32705
32711
32709
32717
32689
32709
32705
32711
32708
32695
32710
32716
32700
32713
32721
32695
32702
32718
32691
32705
32720
32703
32717
32698
32679
32722
32692
32715
32711
32697
32720
32678
32713
32712
32713
32679
32723
32701
32719
32688
32701
32706
32697
32678
32679
32670
32730
32704
32705
32678
32749
32665
32734
32675
32722
32679
32723
32708
32755
32701
32675
32707
32751
32711
32662
32666
32668
32743
32712
32666
32737
32720
32679
32753
32691
32733
32743
32647
32703
32735
32717
32680
32696
32713
32735
32675
32714
32700
32717
32670
32731
32710
32689
32665
32751
32705
32759
32715
32724
32703
32735
32671
32696
32711
32674
32651
32743
32775
32695
32783
32726
32728
32626
32727
32721
32686
32663
32753
32687
32706
32694
32687
32719
32735
32702
32727
32748
32711
32647
32713
32775
32652
32739
32685
32631
32722
32721
32781
32713
32648
32655
32680
32787
32706
32689
32782
32651
32775
32734
32703
32715
32663
32687
32714
32671
32682
32756
32687
32708
32676
32751
32709
32697
32711
32761
32707
32702
32723
32679
32695
32680
32719
32703
32679
32734
32690
32776
32715
32703
32727
32687
32665
32720
32686
32736
32711
32631
32731
32655
32683
32696
32692
32695
32688
32736
32712
32682
32659
32779
32653
32733
32698
32697
32711
32695
32721
32668
32733
32697
32713
32702
32747
32674
32751
32736
32640
32759
32683
32722
32691
32689
32732
32727
32690
32696
32737
32722
32701
32664
32737
32705
32711
32717
32694
32723
32714
32706
32726
32693
32683
32738
32695
32712
32685
32697
32705
32687
32695
32706
32684
32721
32690
32721
32699
32671
32713
32721
32705
32717
32698
32709
32718
32687
32714
32714
32710
32699
32686
32736
32723
32691
32735
32694
32727
32702
32703
32729
32691
32702
32713
32693
32703
32701
32700
32714
32687
32715
32703
32689
32691
32703
32710
32703
32711
32691
32705
32707
32693
32711
32709
32697
32703
32698
32729
32693
32725
32687
32705
32713
32695
32715
32702
32712
32703
32709
32694
32726
32681
32725
32695
32704
32717
32695
32723
32693
32714
32719
32697
32706
32718
32699
32713
32698
32710
32722
32707
32702
32721
32683
32713
32697
32703
32713
32690
32721
32697
32714
32704
32709
32702
32717
32692
32715
32705
32697
32727
32687
32715
32701
32710
32709
32700
32698
32718
32704
32701
32708
32699
32720
32697
32709
32694
32709
32705
32701
32709
32708
32707
32699
32711
32702
32707
32688
32707
32714
32702
32714
32701
32714
32700
32701
32709
32705
32705
32709
32702
32700
32711
32695
32720
32693
32711
32707
32710
32701
32703
32706
32703
32713
32697
32712
32702
32710
32705
32712
32706
32707
32704
32702
32715
32697
32711
32703
32713
32693
32710
32704
32711
32703
32705
32717
32694
32709
32708
32706
32701
32705
32701
32709
32699
32703
32711
32706
32711
32700
32708
32711
32695
32714
32703
32706
32708
32705
32713
32703
32703
32703
32717
32695
32716
32705
32705
32711
32698
32709
32699
32709
32703
32711
32703
32709
32705
32709
32706
32697
32709
32703
32705
32706
32707
32704
32710
32701
32713
32704
32703
32708
32705
32710
32701
32702
32713
32701
32708
32701
32707
32706
32706
32703
32711
32703
32707
32713
32705
32710
32699
32714
32705
32706
32706
32710
32704
32706
32703
32709
32706
32701
32711
32703
32707
32699
32713
32705
32709
32701
32711
32705
32709
32703
32702
32711
32703
32711
32703
32705
32703
32709
32705
32708
32705
32703
32706
32710
32705
32703
32709
32708
32701
32709
32701
32709
32705
32701
32711
32697
32711
32707
32710
32705
32698
32707
32709
32709
32701
32713
32699
32708
32703
32710
32709
32703
32711
32703
32711
32701
32705
32707
32708
32709
32703
32709
32701
32709
32701
32707
32707
32701
32709
32706
32703
32705
32707
32705
32705
32703
32708
32704
32703
32706
32703
32705
32703
32707
32707
32703
32704
32707
32705
32706
32703
32710
32709
32703
32707
32705
32709
32703
32709
32706
32709
32703
32709
32710
32703
32705
32705
32709
32707
32706
32701
32711
32707
32707
32709
32701
32707
32707
32705
32707
32704
32706
32707
32705
32705
32705
32709
32707
32707
32703
32709
32702
32707
32703
32709
32705
32708
32706
32706
32705
32701
32711
32703
32709
32699
32711
32703
32707
32705
32705
32705
32701
32713
32701
32709
32702
32705
32712
32703
32705
32710
32711
32705
32707
32704
32705
32703
32708
32708
32703
32709
32699
32707
32707
32701
32710
32707
32705
32709
32703
32705
32709
32704
32707
32702
32707
32706
32706
32707
32703
32703
32707
32708
32702
32707
32705
32709
32708
32705
32705
32707
32709
32706
32709
32701
32710
32705
32707
32705
32701
32711
32707
32706
32703
32707
32706
32705
32704
32708
32706
32704
32707
32705
32705
32704
32703
32707
32707
32705
32703
32706
32705
32707
32703
32704
32708
32707
32708
32708
32705
32707
32708
32705
32706
32707
32707
32707
32704
32706
32705
32707
32703
32706
32703
32705
32707
32709
32708
32702
32707
32703
32710
32703
32706
32703
32708
32705
32701
32707
32706
32706
32705
32708
32702
32705
32707
32705
32710
32703
32708
32707
32705
32708
32703
32707
32707
32705
32703
32707
32703
32708
32703
32705
32704
32706
32705
32706
32703
32703
32706
32705
32708
32707
32707
32706
32706
32707
32707
32703
32708
32705
32708
32707
32701
32707
32708
32707
32706
32703
32707
32705
32704
32705
32705
32703
32706
32705
32707
32706
32706
32710
32705
32704
32705
32710
32703
32704
32709
32703
32707
32705
32706
32709
32703
32704
32709
32708
32706
32706
32708
32707
32703
32706
32706
32707
32710
32703
32707
32705
32707
32708
32706
32703
32704
32706
32706
32705
32705
32706
32706
32707
32707
32705
32706
32705
32707
32702
32707
32703
32708
32709
32707
32707
32706
32707
32705
32706
32705
32705
32707
32705
32705
32705
32707
32703
32708
32705
32705
32708
32705
32709
32703
32707
32707
32706
32707
32705
32703
32704
32706
32707
32707
32703
32707
32707
32705
32706
32705
32710
32708
32705
32705
32705
32707
32705
32705
32706
32705
32705
32705
32706
32705
32707
32707
32709
32706
32705
32707
32709
32707
32706
32705
32707
32705
32707
32703
32707
32703
32707
32707
32705
32705
32706
32709
32706
32705
32706
32706
32705
32709
32705
32705
32706
32705
32705
32703
32703
32707
32707
32708
32704
32705
32705
32709
32707
32705
32705
32707
32709
32707
32704
32705
32707
32707
32706
32703
32705
32706
32709
32702
32707
32705
32708
32709
32704
32705
32708
32706
32703
32707
32703
32703
32709
32709
32707
32705
32707
32707
32705
32709
32702
32708
32703
32705
32705
32701
32698
32711
32719
32688
32712
32711
32695
32720
32703
32703
32692
32695
32697
32717
32699
32733
32703
32694
32680
32721
32711
32642
32707
32690
32682
32735
32842
32674
32695
32728
32677
32661
32703
32701
32671
32735
32779
32734
32676
32806
32757
32764
32716
32721
32721
32727
32739
32767
32687
32743
32675
32805
32719
32714
32776
32635
32583
32722
32727
32729
32816
32622
32714
32765
32677
32705
32679
32705
32757
32688
32726
32775
32671
32697
32711
32707
32667
32696
32645
32707
32783
32748
32759
32703
32757
32637
32679
32719
32697
32737
32745
32651
32635
32769
32714
32599
32638
32743
32658
32707
32715
32775
32725
32639
32691
32677
32702
32636
32773
32667
32677
32672
32703
32725
32751
32684
32697
32669
32739
32675
32716
32609
32689
32755
32690
32653
32618
32693
32785
32677
32708
32695
32753
32655
32726
32821
32677
32658
32713
32703
32715
32610
32747
32745
32777
32699
32812
32719
32685
32724
32639
32676
32715
32727
32666
32807
32703
32723
32718
32775
32702
32643
32721
32704
32674
32673
32733
32679
32679
32743
32717
32646
32669
32738
32670
32703
32688
32743
32696
32703
32664
32701
32713
32724
32699
32735
32678
32673
32723
32679
32692
32747
32615
32717
32730
32725
32647
32754
32705
32684
32667
32758
32615
32692
32757
32694
32690
32738
32707
32689
32719
32711
32655
32734
32765
32663
32707
32739
32673
32693
32743
32724
32699
32683
32769
32699
32673
32709
32723
32659
32727
32698
32704
32688
32709
32719
32667
32769
32722
32723
32707
32726
32679
32713
32713
32722
32724
32698
32728
32693
32709
32702
32751
32682
32703
32710
32761
32627
32725
32731
32663
32681
32717
32707
32703
32730
32734
32685
32696
32751
32662
32705
32726
32673
32689
32731
32679
32703
32712
32723
32695
32685
32717
32715
32680
32703
32713
32718
32692
32723
32723
32684
32699
32740
32688
32711
32706
32721
32719
32709
32719
32719
32692
32715
32701
32687
32711
32707
32685
32692
32703
32693
32663
32731
32707
32670
32727
32725
32697
32693
32703
32699
32702
32723
32711
32695
32701
32720
32685
32703
32707
32703
32710
32706
32699
32698
32721
32682
32701
32701
32745
32701
32708
32704
32707
32697
32685
32727
32706
32686
32703
32711
32686
32702
32717
32690
32701
32695
32707
32699
32707
32721
32701
32711
32690
32713
32682
32722
32695
32719
32693
32723
32697
32693
32714
32697
32703
32679
32719
32695
32707
32708
32717
32691
32696
32709
32699
32703
32710
32717
32700
32720
32706
32713
32713
32705
32692
32712
32702
32689
32712
32717
32697
32715
32703
32707
32696
32703
32705
32702
32698
32703
32692
32708
32702
32703
32711
32703
32711
32693
32698
32707
32703
32708
32716
32710
32714
32695
32706
32711
32703
32705
32703
32719
32701
32714
32708
32703
32696
32714
32707
32710
32702
32718
32698
32703
32711
32696
32711
32703
32697
32695
32703
32705
32698
32705
32725
32695
32697
32708
32696
32699
32695
32712
32709
32717
32704
32704
32703
32706
32712
32703
32709
32699
32703
32711
32707
32709
32715
32705
32703
32703
32711
32720
32699
32711
32702
32707
32697
32715
32712
32703
32711
32705
32699
32709
32703
32697
32708
32701
32706
32708
32705
32706
32699
32711
32703
32697
32713
32707
32701
32696
32709
32702
32700
32699
32705
32709
32698
32701
32701
32707
32695
32709
32711
32696
32705
32710
32702
32703
32715
32705
32700
32719
32707
32698
32711
32707
32704
32711
32709
32711
32707
32706
32709
32695
32710
32703
32702
32705
32704
32701
32707
32699
32707
32706
32701
32709
32707
32707
32703
32709
32701
32714
32707
32702
32706
32707
32711
32703
32714
32701
32711
32709
32709
32705
32701
32719
32702
32705
32725
32683
32735
32714
32727
32720
32697
32666
32740
32690
32700
32684
32699
32771
32754
32728
32651
32762
32694
32589
32718
32689
32598
32802
32647
32835
32631
32615
32753
32755
32687
32767
32656
32768
32615
32766
32756
32735
32653
32720
32757
32703
32694
32713
32635
32690
32750
32753
32819
32743
32663
32700
32752
32784
32709
32668
32664
32680
32731
32697
32691
32701
32691
32732
32723
32709
32729
32663
32674
32733
32649
32761
32682
32712
32805
32724
32739
32630
32655
32857
32651
32664
32698
32816
32623
32615
32810
32723
32725
32771
32708
32732
32726
32733
32749
32706
32679
32716
32783
32730
32646
32757
32699
32718
32707
32721
32717
32703
32649
32713
32709
32693
32717
32699
32706
32700
32731
32704
32691
32697
32701
32721
32681
32725
32703
32736
32667
32727
32686
32752
32737
32642
32703
32729
32713
32670
32724
32679
32689
32667
32771
32707
32686
32689
32689
32738
32679
32716
32699
32734
32677
32729
32707
32749
32697
32691
32727
32691
32705
32689
32714
32711
32691
32705
32739
32683
32687
32711
32707
32695
32708
32703
32698
32697
32711
32714
32709
32710
32691
32717
32723
32678
32695
32707
32695
32703
32732
32706
32695
32711
32717
32711
32717
32700
32701
32722
32691
32689
32716
32707
32685
32714
32719
32695
32695
32707
32708
32708
32701
32697
32706
32708
32689
32701
32729
32689
32704
32708
32712
32710
32701
32711
32707
32699
32705
32711
32709
32699
32703
32715
32705
32693
32721
32692
32721
32702
32695
32706
32711
32710
32699
32727
32690
32703
32706
32723
32686
32715
32699
32701
32712
32699
32705
32711
32705
32689
32721
32705
32703
32697
32721
32698
32703
32709
32708
32715
32703
32703
32706
32721
32691
32714
32703
32711
32693
32715
32697
32704
32699
32713
32707
32705
32701
32712
32711
32699
32706
32708
32709
32700
32715
32702
32703
32701
32707
32709
32710
32699
32702
32711
32703
32696
32710
32705
32701
32705
32708
32700
32709
32706
32707
32707
32703
32703
32711
32709
32697
32706
32713
32703
32699
32707
32709
32703
32705
32699
32707
32701
32707
32699
32715
32699
32699
32703
32717
32699
32695
32714
32694
32709
32697
32714
32698
32712
32705
32710
32706
32705
32713
32706
32710
32691
32715
32703
32707
32703
32704
32711
32701
32708
32704
32710
32697
32709
32706
32709
32700
32711
32711
32709
32699
32705
32708
32710
32699
32705
32709
32709
32703
32706
32710
32701
32706
32711
32708
32701
32701
32709
32710
32705
32703
32711
32707
32707
32701
32713
32707
32702
32705
32711
32703
32701
32707
32708
32706
32703
32709
32711
32707
32704
32701
32709
32706
32703
32707
32709
32698
32706
32713
32698
32705
32703
32713
32703
32707
32707
32710
32706
32706
32708
32709
32704
32704
32711
32709
32707
32700
32711
32705
32706
32698
32707
32710
32697
32709
32708
32707
32703
32711
32702
32709
32705
32709
32709
32702
32706
32701
32719
32700
32705
32710
32709
32700
32712
32707
32705
32706
32707
32706
32710
32703
32708
32711
32707
32701
32707
32711
32703
32709
32707
32703
32705
32710
32703
32708
32705
32703
32711
32705
32707
32703
32711
32703
32705
32703
32705
32705
32705
32706
32703
32705
32700
32703
32708
32699
32701
32711
32709
32703
32707
32705
32711
32704
32709
32708
32708
32705
32700
32711
32705
32703
32705
32712
32702
32708
32705
32706
32707
32703
32709
32707
32711
32702
32710
32707
32707
32703
32711
32708
32701
32707
32707
32707
32701
32706
32703
32712
32701
32708
32708
32709
32703
32705
32710
32703
32705
32703
32709
32699
32706
32705
32711
32703
32703
32707
32707
32705
32704
32708
32703
32709
32704
32709
32705
32705
32705
32711
32707
32703
32706
32706
32705
32703
32705
32703
32707
32703
32710
32705
32709
32703
32710
32706
32705
32705
32709
32707
32700
32706
32707
32706
32705
32708
32705
32707
32707
32705
32708
32703
32705
32706
32709
32703
32707
32707
32709
32703
32703
32707
32705
32705
32702
32708
32705
32705
32709
32708
32703
32702
32708
32707
32707
32703
32705
32707
32704
32706
32703
32707
32703
32705
32710
32705
32703
32705
