33865
33865
33867
33864
33864
33865
33870
33864
33865
33869
33868
33869
33869
33870
33870
33867
33867
33869
33865
33866
33868
33868
33865
33865
33864
33867
33866
33865
33869
33868
33868
33867
33869
33866
33869
33868
33867
33865
33865
33864
33865
33863
33865
33867
33867
33865
33869
33867
33865
33865
33869
33867
33869
33869
33868
33865
33869
33866
33867
33863
33867
33866
33869
33863
33865
33863
33867
33868
33869
33869
33864
33871
33866
33866
33863
33868
33867
33866
33868
33867
33867
33868
33867
33865
33861
33867
33865
33867
33867
33864
33870
33870
33866
33869
33867
33867
33871
33869
33868
33871
33869
33870
33863
33864
33868
33868
33868
33865
33863
33865
33871
33867
33867
33869
33869
33865
33869
33871
33864
33871
33867
33865
33870
33868
33863
33868
33870
33864
33865
33864
33867
33864
33867
33868
33869
33871
33870
33868
33869
33867
33867
33868
33866
33865
33865
33863
33865
33863
33869
33869
33869
33865
33873
33869
33864
33869
33863
33866
33869
33865
33864
33867
33867
33867
33866
33867
33866
33866
33868
33865
33867
33867
33865
33865
33867
33871
33871
33867
33867
33867
33867
33865
33866
33867
33866
33867
33864
33867
33867
33869
33867
33867
33869
33866
33866
33867
33866
33871
33867
33868
33869
33866
33866
33866
33867
33867
33865
33865
33868
33866
33869
33870
33867
33865
33867
33871
33867
33864
33869
33868
33866
33871
33867
33867
33866
33864
33867
33867
33865
33869
33868
33867
33867
33869
33868
33871
33868
33871
33867
33863
33869
33869
33863
33867
33867
33865
33865
33865
33867
33867
33867
33866
33870
33866
33869
33871
33867
33867
33869
33867
33866
33864
33866
33863
33867
33866
33866
33866
33865
33865
33865
33867
33870
33869
33869
33868
33871
33868
33863
33868
33868
33865
33865
33866
33866
33865
33865
33867
33865
33866
33867
33869
33869
33869
33867
33871
33867
33863
33873
33869
33865
33866
33867
33865
33863
33866
33865
33865
33865
33868
33867
33867
33869
33869
33869
33867
33867
33867
33869
33865
33868
33868
33867
33866
33863
33864
33867
33865
33868
33867
33865
33868
33867
33868
33868
33868
33869
33866
33868
33870
33869
33868
33866
33867
33866
33865
33868
33866
33865
33867
33867
33869
33867
33869
33869
33867
33869
33868
33868
33869
33867
33867
33866
33865
33866
33869
33865
33865
33868
33865
33866
33867
33866
33869
33867
33867
33867
33863
33869
33869
33866
33868
33867
33869
33869
33865
33865
33865
33863
33867
33867
33867
33867
33865
33871
33868
33867
33869
33866
33865
33866
33871
33866
33865
33867
33865
33866
33867
33869
33867
33867
33867
33867
33867
33868
33869
33868
33869
33869
33869
33867
33867
33868
33869
33867
33866
33865
33865
33865
33867
33865
33869
33864
33868
33869
33867
33867
33867
33867
33867
33866
33868
33865
33866
33869
33865
33867
33871
33868
33864
33867
33866
33863
33869
33869
33870
33869
33867
33869
33868
33866
33867
33865
33867
33869
33863
33869
33867
33863
33867
33867
33865
33866
33869
33866
33864
33871
33865
33867
33866
33869
33866
33868
33870
33865
33866
33864
33865
33871
33865
33864
33869
33871
33862
33867
33869
33868
33869
33870
33869
33871
33867
33865
33865
33868
33865
33865
33868
33867
33865
33869
33864
33869
33868
33868
33866
33867
33869
33867
33868
33865
33871
33865
33869
33867
33867
33867
33866
33865
33864
33866
33864
33867
33868
33867
33868
33870
33866
33866
33870
33869
33864
33867
33867
33864
33868
33866
33863
33863
33863
33867
33867
33864
33871
33869
33865
33870
33869
33867
33868
33868
33867
33869
33865
33866
33867
33867
33863
33867
33866
33863
33866
33866
33869
33869
33867
33868
33866
33869
33870
33865
33864
33866
33867
33868
33866
33867
33867
33865
33865
33868
33865
33864
33867
33870
33867
33865
33868
33868
33867
33869
33869
33865
33865
33865
33864
33866
33867
33865
33865
33867
33866
33868
33868
33866
33869
33870
33867
33867
33867
33867
33867
33867
33870
33867
33863
33869
33866
33865
33865
33865
33868
33864
33865
33869
33868
33869
33867
33870
33869
33867
33869
33867
33867
33866
33867
33865
33867
33865
33869
33865
33865
33867
33865
33863
33869
33869
33867
33867
33865
33871
33868
33868
33870
33869
33864
33865
33868
33866
33867
33865
33867
33863
33867
33869
33869
33865
33867
33871
33867
33868
33868
33869
33865
33868
33866
33867
33865
33865
33867
33864
33868
33867
33867
33867
33866
33869
33869
33865
33867
33871
33865
33869
33869
33867
33867
33865
33865
33868
33866
33865
33867
33867
33867
33867
33867
33867
33867
33869
33867
33866
33867
33867
33865
33867
33869
33867
33866
33865
33866
33864
33867
33869
33868
33867
33868
33867
33867
33869
33869
33867
33869
33867
33864
33867
33867
33867
33865
33867
33867
33866
33867
33867
33869
33867
33869
33866
33864
33868
33869
33868
33868
33868
33869
33865
33867
33867
33865
33864
33868
33866
33865
33867
33864
33868
33866
33868
33868
33867
33866
33868
33867
33865
33871
33867
33866
33867
33869
33868
33865
33863
33867
33867
33868
33867
33867
33867
33866
33868
33869
33865
33868
33866
33866
33867
33863
33868
33868
33866
33866
33866
33867
33867
33867
33867
33866
33868
33866
33867
33865
33867
33867
33869
33867
33869
33868
33863
33867
33865
33866
33863
33867
33869
33867
33867
33869
33867
33871
33869
33869
33869
33866
33870
33868
33869
33862
33869
33868
33863
33870
33869
33861
33865
33866
33865
33867
33866
33867
33865
33871
33865
33871
33867
33865
33867
33865
33865
33869
33864
33866
33864
33870
33864
33869
33864
33870
33869
33866
33866
33869
33869
33863
33867
33865
33871
33866
33866
33871
33861
33863
33869
33878
33862
33868
33872
33861
33869
33866
33865
33868
33865
33867
33866
33861
33871
33870
33863
33869
33872
33864
33862
33870
33865
33874
33868
33870
33868
33869
33869
33864
33870
33877
33873
33871
33865
33869
33863
33866
33869
33861
33866
33861
33855
33871
33864
33877
33868
33876
33878
33864
33869
33860
33870
33865
33863
33867
33865
33869
33865
33861
33869
33873
33865
33864
33869
33878
33870
33862
33873
33879
33853
33869
33871
33855
33873
33870
33869
33863
33869
33863
33864
33869
33869
33873
33867
33871
33867
33864
33863
33866
33878
33866
33870
33868
33868
33871
33864
33869
33863
33863
33868
33863
33871
33868
33867
33863
33869
33869
33878
33861
33869
33871
33859
33867
33868
33859
33869
33867
33864
33868
33863
33874
33878
33869
33859
33856
33872
33867
33871
33879
33853
33867
33876
33869
33859
33872
33871
33870
33862
33873
33862
33869
33864
33865
33851
33867
33872
33871
33873
33868
33871
33879
33875
33855
33863
33878
33863
33879
33849
33867
33866
33868
33858
33875
33876
33871
33877
33841
33859
33861
33861
33855
33863
33881
33869
33871
33849
33871
33870
33865
33867
33890
33867
33871
33852
33875
33873
33844
33874
33863
33856
33862
33874
33863
33863
33876
33861
33869
33857
33859
33870
33875
33861
33863
33870
33853
33877
33857
33867
33869
33864
33869
33860
33885
33839
33887
33848
33868
33867
33875
33860
33867
33848
33885
33839
33883
33853
33871
33867
33875
33876
33853
33885
33859
33875
33871
33859
33867
33863
33865
33857
33867
33864
33870
33877
33864
33867
33868
33857
33875
33864
33862
33863
33872
33856
33874
33858
33874
33859
33872
33873
33856
33877
33863
33870
33863
33871
33853
33871
33859
33873
33865
33863
33863
33861
33875
33858
33874
33865
33873
33865
33867
33871
33862
33871
33860
33871
33863
33873
33863
33877
33855
33878
33859
33873
33863
33867
33869
33868
33868
33865
33869
33861
33867
33865
33867
33863
33865
33865
33865
33870
33860
33877
33864
33871
33863
33870
33861
33869
33868
33863
33879
33855
33878
33859
33875
33863
33871
33867
33865
33868
33868
33875
33864
33872
33863
33871
33862
33871
33863
33865
33864
33857
33878
33860
33870
33865
33868
33866
33870
33867
33867
33871
33859
33875
33862
33869
33861
33871
33869
33861
33863
33871
33861
33876
33863
33869
33866
33868
33869
33867
33863
33867
33867
33867
33864
33869
33863
33873
33861
33870
33861
33865
33866
33862
33871
33863
33871
33865
33868
33873
33862
33872
33868
33871
33867
33865
33867
33868
33865
33866
33868
33863
33867
33867
33866
33869
33871
33865
33874
33859
33870
33865
33867
33869
33867
33862
33867
33869
33871
33861
33867
33865
33865
33865
33863
33866
33867
33861
33871
33863
33870
33871
33861
33871
33865
33863
33868
33867
33867
33867
33869
33865
33856
33863
33871
33862
33863
33875
33860
33875
33862
33863
33874
33853
33863
33869
33855
33871
33865
33859
33868
33859
33871
33870
33860
33877
33864
33865
33870
33853
33867
33872
33867
33865
33871
33873
33863
33872
33865
33862
33868
33869
33867
33870
33861
33863
33871
33863
33865
33871
33868
33869
33867
33870
33867
33868
33871
33860
33869
33874
33847
33875
33875
33852
33877
33857
33867
33873
33855
33867
33871
33861
33874
33868
33873
33876
33871
33863
33864
33878
33866
33866
33864
33856
33867
33870
33856
33871
33873
33871
33864
33867
33869
33876
33866
33865
33863
33866
33870
33858
33865
33871
33862
33871
33868
33862
33874
33863
33876
33865
33873
33876
33863
33873
33873
33857
33871
33855
33871
33871
33863
33869
33876
33866
33860
33862
33873
33860
33864
33879
33853
33871
33879
33864
33867
33871
33868
33871
33865
33856
33877
33857
33857
33876
33867
33871
33863
33862
33869
33857
33871
33870
33862
33870
33851
33873
33873
33855
33874
33871
33857
33865
33869
33859
33869
33866
33866
33875
33863
33863
33872
33861
33863
33867
33866
33876
33867
33867
33866
33870
33861
33871
33869
33858
33871
33862
33863
33869
33863
33871
33868
33870
33863
33870
33872
33860
33869
33869
33861
33875
33863
33865
33869
33863
33866
33863
33868
33863
33870
33864
33866
33872
33864
33871
33865
33868
33869
33862
33865
33863
33871
33864
33862
33873
33863
33869
33869
33862
33869
33863
33864
33875
33865
33868
33865
33870
33866
33868
33867
33868
33857
33869
33870
33858
33871
33867
33869
33873
33858
33873
33865
33864
33873
33863
33868
33868
33863
33871
33867
33866
33869
33868
33866
33863
33869
33865
33866
33867
33869
33871
33863
33874
33866
33867
33867
33865
33871
33867
33865
33872
33864
33865
33868
33865
33863
33865
33868
33864
33867
33870
33865
33868
33863
33867
33869
33868
33866
33868
33872
33866
33865
33868
33866
33868
33868
33865
33865
33863
33867
33868
33864
33870
33867
33865
33871
33869
33865
33871
33862
33865
33867
33863
33866
33866
33864
33865
33867
33869
33865
33869
33871
33865
33865
33870
33863
33871
33863
33865
33871
33861
33867
33865
33864
33867
33869
33865
33868
33864
33867
33871
33864
33869
33869
33865
33869
33867
33871
33865
33864
33867
33863
33867
33867
33864
33869
33866
33864
33870
33866
33865
33867
33863
33866
33864
33867
33870
33863
33865
33866
33865
33869
33866
33867
33868
33866
33866
33867
33865
33865
33865
33870
33865
33865
33869
33869
33865
33869
33867
33865
33866
33865
33867
33865
33866
33866
33868
33863
33865
33869
33865
33865
33865
33865
33865
33868
33869
33867
33871
33866
33869
33869
33863
33865
33867
33865
33863
33865
33867
33863
33869
33866
33867
33867
33865
33863
33866
33868
33865
33869
33867
33865
33865
33865
33866
33866
33871
33861
33868
33870
33867
33868
33864
33870
33871
33865
33865
33864
33866
33869
33868
33867
33870
33870
33864
33865
33863
33870
33865
33865
33869
33870
33867
33865
33867
33869
33862
33867
33869
33863
33868
33869
33863
33869
33865
33866
33869
33865
33867
33869
33863
33865
33870
33869
33865
33866
33869
33869
33867
33871
33867
33865
33864
33871
33868
33865
33864
33866
33870
33858
33863
33867
33875
33872
33861
33853
33868
33875
33865
33851
33843
33883
33875
33881
33905
33868
33842
33877
33884
33859
33903
33865
33871
33907
33954
33872
33889
33889
33880
33902
33881
33885
33859
33841
33831
33883
33846
33849
33846
33854
33903
33857
33947
33907
33839
33867
33854
33831
33827
33844
33849
33841
33856
33831
33885
33820
33836
33833
33839
33881
33833
33899
33880
33883
33851
33804
33885
33833
33911
33844
33867
33867
33842
33861
33873
33848
33909
33903
33868
33883
33913
33845
33827
33857
33915
33858
33879
33903
33961
33796
33903
33825
33852
33857
33829
33806
33853
33903
33828
33858
33834
33847
33928
33834
33870
33885
33887
33887
33841
33878
33893
33888
33825
33905
33901
33817
33847
33859
33871
33874
33831
33861
33888
33839
33823
33875
33901
33845
33895
33883
33877
33863
33852
33863
33849
33870
33841
33857
33863
33858
33877
33863
33864
33873
33851
33856
33888
33864
33868
33889
33842
33860
33883
33856
33865
33872
33881
33864
33873
33852
33895
33859
33846
33887
33869
33885
33865
33874
33861
33876
33857
33855
33881
33857
33870
33872
33858
33855
33868
33882
33865
33881
33859
33861
33874
33863
33859
33874
33855
33869
33885
33860
33874
33885
33876
33863
33861
33853
33860
33864
33853
33857
33873
33868
33870
33881
33866
33861
33883
33857
33864
33863
33859
33863
33881
33873
33861
33883
33873
33869
33855
33871
33858
33859
33866
33859
33871
33863
33871
33881
33875
33863
33876
33863
33860
33863
33862
33859
33862
33863
33862
33868
33863
33875
33875
33864
33869
33862
33871
33875
33859
33854
33870
33871
33856
33874
33873
33866
33871
33871
33861
33866
33872
33868
33873
33866
33863
33868
33864
33863
33863
33868
33869
33872
33866
33865
33867
33858
33869
33876
33868
33870
33870
33865
33862
33861
33866
33871
33875
33863
33876
33871
33865
33879
33863
33857
33863
33869
33875
33875
33869
33859
33871
33865
33861
33855
33861
33863
33867
33863
33870
33875
33867
33864
33868
33866
33862
33872
33860
33857
33871
33861
33858
33868
33865
33866
33871
33864
33867
33867
33859
33864
33873
33855
33872
33871
33865
33867
33863
33863
33859
33871
33866
33859
33868
33863
33869
33868
33873
33869
33863
33867
33870
33865
33865
33869
33861
33867
33869
33865
33865
33863
33869
33870
33867
33869
33865
33867
33867
33872
33863
33867
33872
33863
33861
33864
33870
33863
33865
33867
33859
33869
33864
33862
33868
33859
33869
33870
33869
33869
33870
33867
33865
33866
33863
33864
33865
33867
33867
33863
33869
33862
33869
33871
33864
33866
33871
33863
33864
33868
33867
33867
33864
33866
33865
33867
33866
33868
33868
33867
33865
33868
33863
33860
33869
33865
33867
33869
33863
33862
33869
33867
33867
33871
33867
33866
33867
33869
33865
33863
33868
33867
33867
33865
33866
33867
33865
33868
33868
33869
33867
33867
33867
33867
33867
33871
33866
33865
33869
33864
33864
33869
33866
33863
33869
33867
33863
33868
33864
33865
33868
33869
33865
33865
33863
33871
33871
33865
33865
33867
33868
33863
33868
33867
33863
33868
33866
33869
33867
33869
33869
33867
33866
33865
33870
33868
33869
33865
33865
33865
33863
33870
33866
33865
33866
33864
33867
33868
33868
33869
33871
33868
33867
33871
33867
33869
33865
33868
33865
33866
33870
33863
33867
33864
33869
33871
33867
33868
33865
33866
33865
33865
33867
33869
33869
33869
33866
33867
33867
33863
33865
33871
33865
33863
33866
33868
33863
33866
33867
33867
33870
33866
33867
33866
33865
33866
33864
33867
33864
33870
33867
33863
33864
33867
33867
33867
33867
33869
33867
33867
33871
33867
33866
33863
33865
33869
33867
33865
33863
33865
33868
33869
33869
33863
33866
33866
33859
33863
33866
33865
33868
33861
33873
33869
33866
33868
33870
33867
33863
33863
33863
33863
33869
33873
33864
33863
33865
33867
33867
33865
33867
33869
33872
33868
33870
33863
33864
33865
33872
33859
33867
33864
33864
33867
33864
33863
33864
33863
33860
33869
33869
33866
33868
33865
33865
33866
33871
33870
33867
33867
33863
33869
33865
33855
33865
33867
33857
33867
33865
33867
33859
33867
33869
33863
33873
33867
33867
33868
33869
33865
33865
33866
33857
33866
33870
33862
33869
33869
33869
33866
33871
33868
33870
33865
33868
33857
33861
33863
33861
33860
33867
33869
33863
33867
33865
33873
33870
33863
33864
33864
33865
33871
33863
33865
33871
33868
33860
33869
33870
33863
33864
33871
33868
33871
33863
33871
33865
33863
33858
33866
33865
33855
33872
33865
33865
33873
33862
33871
33870
33857
33868
33868
33863
33865
33857
33863
33866
33866
33867
33873
33869
33865
33871
33867
33864
33871
33866
33862
33865
33869
33863
33871
33870
33860
33867
33864
33861
33867
33865
33861
33869
33872
33865
33869
33871
33865
33867
33864
33863
33863
33866
33867
33860
33863
33868
33862
33867
33867
33865
33868
33870
33864
33866
33869
33865
33866
33869
33869
33865
33867
33870
33861
33867
33868
33866
33869
33863
33869
33873
33864
33867
33872
33866
33867
33870
33867
33866
33867
33870
33865
33865
33869
33866
33866
33869
33868
33871
33869
33863
33869
33867
33866
33863
33869
33865
33867
33870
33863
33871
33866
33865
33865
33869
33864
33865
33867
33865
33865
33866
33867
33867
33869
33863
33867
33867
33864
33871
33865
33870
33865
33865
33870
33865
33866
33867
33865
33867
33868
33863
33865
33865
33867
33867
33870
33867
33866
33871
33867
33866
33869
33868
33863
33867
33869
33866
33866
33864
33867
33867
33863
33869
33870
33865
33869
33865
33867
33865
33869
33869
33866
33863
33868
33863
33864
33866
33866
33864
33865
33866
33869
33866
33866
33868
33867
33869
33865
33869
33869
33865
33866
33867
33865
33863
33867
33867
33865
33866
33868
33865
33866
33865
33867
33869
33867
33869
33870
33866
33862
33869
33867
33865
33864
33869
33865
33867
33867
33866
33868
33868
33869
33866
33866
33868
33867
33866
33871
33868
33867
33866
33867
33865
33865
33867
33864
33867
33867
33864
33867
33868
33865
33867
33871
33865
33870
33869
33863
33865
33868
33865
33866
33865
33865
33869
33867
33867
33867
33865
33866
33868
33865
33868
33863
33868
33867
33866
33866
33867
33867
33865
33867
33867
33864
33867
33867
33867
33866
33867
33865
33865
33865
33865
33867
33864
33867
33869
33865
33865
33867
33866
33867
33867
33867
33865
33867
33864
33868
33865
33863
33863
33871
33864
33869
33869
33867
33865
33865
33869
33866
33866
33867
33866
33868
33865
33865
33868
33866
33863
33866
33869
33863
33869
33869
33867
33867
33868
33867
33866
33867
33868
33865
33867
33867
33867
33864
33865
33867
33867
33864
33866
33867
33864
33865
33868
33871
33866
33868
33868
33865
33868
33866
33867
33866
33864
33866
33865
33865
33866
33866
33865
33865
33867
33868
33867
33865
33868
33867
33869
33867
33865
33868
33865
33868
33869
33864
33864
33865
33865
33866
33866
33866
33867
33865
33870
33868
33864
33867
33867
33867
33866
33867
33863
33866
33865
33869
33869
33865
33865
33867
33868
33866
33867
33866
33865
33865
33868
33867
33866
33867
33867
33866
33867
33869
33865
33865
33867
33865
33863
33865
33865
33867
33865
33865
33867
33866
33866
33865
33866
33865
33868
33864
33867
33867
33867
33867
33868
33863
33867
33866
33864
33865
33867
33865
33863
33867
33867
33866
33865
33866
33868
33865
33870
33865
33869
33865
33867
33867
33867
33863
33867
33869
33868
33867
33867
33869
33864
33868
33867
33870
33865
33869
33867
33870
33865
33868
33866
33865
33868
33863
33863
33865
33868
33869
33863
33863
33873
33869
33870
33873
33867
33866
33864
33863
33861
33865
33868
33867
33869
33866
33873
33863
33859
33863
33871
33865
33865
33863
33867
33865
33870
33867
33867
33872
33870
33867
33864
33863
33869
33869
33863
33873
33868
33866
33867
33861
33867
33867
33865
33863
33871
33865
33871
33873
33868
33863
33873
33869
33861
33863
33858
33873
33873
33870
33863
33876
33870
33864
33877
33867
33867
33860
33859
33865
33872
33861
33873
33869
33871
33861
33877
33868
33857
33859
33859
33867
33870
33867
33863
33877
33869
33874
33875
33868
33873
33858
33869
33871
33865
33867
33867
33867
33871
33861
33863
33867
33865
33871
33875
33867
33870
33863
33875
33869
33871
33863
33879
33865
33859
33862
33867
33863
33859
33871
33867
33869
33863
33865
33871
33863
33878
33871
33874
33865
33864
33865
33861
33863
33867
33877
33861
33867
33873
33867
33863
33874
33866
33859
33873
33867
33864
33875
33865
33869
33882
33863
33858
33881
33861
33860
33868
33866
33865
33867
33871
33869
33872
33866
33863
33877
33868
33865
33871
33869
33867
33863
33869
33872
33860
33870
33869
33863
33871
33865
33862
33871
33863
33867
33874
33863
33863
33872
33863
33864
33866
33865
33871
33863
33873
33873
33865
33871
33861
33869
33866
33861
33870
33871
33863
33867
33869
33867
33869
33869
33865
33866
33865
33868
33863
33867
33869
33863
33869
33867
33865
33868
33867
33865
33872
33863
33870
33869
33871
33867
33863
33871
33863
33867
33868
33863
33863
33869
33859
33870
33869
33863
33870
33872
33865
33867
33872
33867
33871
33867
33869
33867
33863
33868
33863
33867
33867
33865
33868
33866
33867
33868
33869
33865
33865
33870
33863
33865
33871
33865
33865
33869
33864
33865
33865
33864
33870
33865
33863
33866
33869
33867
33861
33870
33863
33864
33867
33870
33867
33868
33867
33863
33865
33863
33869
33868
33863
33869
33870
33863
33863
33865
33871
33867
33870
33868
33865
33867
33866
33869
33867
33868
33861
33867
33868
33865
33867
33871
33867
33867
33865
33868
33866
33864
33865
33869
33863
33869
33865
33867
33871
33861
33863
33867
33861
33868
33871
33866
33867
33868
33863
33868
33862
33863
33868
33862
33867
33866
33870
33865
33863
33868
33866
33865
33871
33863
33870
33861
33867
33865
33864
33864
33872
33863
33864
33870
33866
33863
33861
33869
33873
33868
33873
33863
33867
33864
33866
33867
33861
33863
33865
33862
33865
33867
33871
33868
33865
33871
33871
33865
33869
33868
33862
33868
33865
33864
33871
33867
33867
33872
33869
33871
33872
33865
33863
33865
33863
33867
33866
33863
33866
33863
33871
33868
33871
33864
33864
33864
33866
33864
33869
33870
33863
33863
33871
33865
33867
33868
33864
33866
33870
33863
33863
33867
33869
33863
33867
33869
33863
33869
33867
33865
33870
33865
33863
33872
33865
33864
33867
33865
33869
33867
33862
33866
33864
33863
33867
33863
33865
33866
33868
33865
33864
33868
33865
33863
33869
33867
33865
33869
33864
33867
33868
33867
33870
33865
33867
33866
33865
33865
33867
33864
33867
33869
33867
33865
33867
33866
33863
33870
33869
33863
33869
33869
33864
33867
33866
33867
33868
33863
33870
33869
33866
33869
33868
33865
33864
33867
33867
33863
33866
33867
33865
33867
33867
33867
33864
33865
33868
33865
33865
33868
33863
33866
33868
33867
33867
33865
33866
33867
33864
33869
33865
33865
33867
33871
33867
33866
33867
33867
33865
33867
33866
33867
33867
33862
33869
33866
33864
33868
33867
33863
33870
33865
33868
33867
33863
33865
33865
33866
33867
33867
33869
33867
33864
33866
33867
33865
33867
33864
33867
33864
33867
33868
33865
33864
33871
33864
33864
33866
33865
33865
33863
33867
33869
33863
33867
33867
33865
33867
33869
33865
33865
33869
33867
33867
33865
33867
33867
33868
33864
33868
33867
33864
33868
33867
33867
33865
33867
33865
33865
33867
33869
33865
33865
33866
33865
33867
33865
33865
33869
33869
33864
33868
33865
33865
33865
33868
33865
33865
33867
33866
33865
33869
33867
33865
33868
33865
33867
33866
33863
33864
33867
33864
33868
33867
33867
33865
33869
33866
33863
33865
33866
33867
33868
33866
33864
33868
33867
33865
33865
33865
33867
33865
33871
33865
33865
33867
33866
33867
33868
33863
33869
33870
33866
33868
33866
33864
33867
33867
33867
33866
33869
33865
33867
33869
33867
33864
33865
33863
33868
33868
33866
33867
33866
33863
33867
33865
33867
33868
33865
33864
33867
33867
33867
33866
33869
33867
33867
33866
33867
33864
33863
33865
33867
33863
33867
33867
33864
33869
33866
33869
33866
33865
33867
33868
33867
33868
33867
33869
33864
33868
33868
33863
33866
33869
33865
33867
33867
33866
33865
33865
33865
33867
33867
33867
33865
33868
33865
33867
33868
33863
33865
33864
33869
33866
33867
33870
33866
33866
33868
33869
33866
33867
33869
33865
33866
33866
33865
33868
33865
33865
33867
33866
33866
33867
33866
33866
33865
33869
33865
33867
33866
33867
33868
33863
33869
33866
33865
33868
33868
33867
33865
33867
33867
33865
33865
33867
33866
33865
33869
33865
33865
33866
33867
33865
33868
33866
33866
33865
33867
33865
33869
33866
33865
33868
33867
33865
33868
33866
33867
33863
33868
33865
33865
33865
33867
33866
33865
33867
33865
33866
33867
33865
33865
33865
33865
33867
33865
33865
33867
33865
33867
33866
33867
33866
33865
33866
33868
33865
33865
33867
33865
33866
33867
33868
33865
33866
33867
33865
33868
33864
33866
33867
33866
33865
33869
33865
33865
33866
33867
33867
33867
33863
33867
33866
33867
33867
33868
33863
33867
33867
33865
33865
33867
33868
33867
33866
33868
33866
33862
33867
33866
33869
33867
33864
33868
33869
33865
33867
33866
33866
33867
33867
33866
33866
33869
33867
33867
33864
33867
33866
33865
33866
33866
33868
33865
33869
33867
33863
33867
33867
33866
33869
33866
33867
33869
33868
33867
33867
33865
33867
33867
33867
33867
33867
33867
33865
33865
33867
33866
33863
33867
33864
33864
33865
33867
33866
33868
33868
33871
33867
33867
33867
33865
33866
33867
33867
33865
33865
33868
33868
33867
33868
33869
33867
33864
33867
33865
33868
33866
33867
33867
33865
33867
33865
33867
33864
33865
33869
33864
33865
33867
33868
33869
33867
33867
33867
33868
33867
33867
33865
33865
33867
33867
33866
33866
33867
33864
33864
33865
33865
33864
33867
33869
33867
33863
33864
33866
33865
33865
33865
33866
33865
33867
33866
33866
33865
33865
33869
33867
33864
33867
33863
33864
33865
33869
33867
33863
33866
33867
33866
33866
33867
33865
33865
33864
33867
33865
33864
33867
33868
33867
33866
33865
33864
33865
33867
33868
33867
33865
33865
33868
33865
33866
33865
33868
33864
33866
33865
33863
33864
33867
33865
33863
33865
33867
33867
33867
33869
33866
33867
33869
33865
33867
33867
33866
33865
33868
33866
33867
33865
33865
33867
33867
33866
33865
33867
33869
33867
33867
33867
33868
33865
33865
33867
33867
33864
33865
33868
33867
33863
33868
33864
33867
33865
33867
33869
33866
33866
33869
33864
33864
33867
33867
33864
33869
33868
33867
33864
33868
33867
33865
33863
33870
33867
33863
33866
33869
33865
33874
33878
33863
33840
33847
33887
33913
33855
33871
33895
33901
33917
33874
33864
33849
33854
33849
33902
33928
33853
33827
33865
33847
33833
33982
33939
33831
33909
33942
33871
33741
33807
33894
33871
33816
33986
33735
33741
33792
33737
33840
33983
33856
33795
33872
33832
33799
33896
33900
33857
34061
33799
33834
33918
33883
33857
33975
33849
33919
33871
33883
33891
33865
33875
33922
33846
33937
33991
33862
33904
33907
33843
33959
33942
33895
33913
33849
33832
33887
33918
33967
33895
33937
33925
33868
33909
33826
33807
33823
33927
33886
33827
33847
33804
33927
33908
33860
33919
33967
33934
33815
33824
33791
33799
33907
33851
33922
33864
33881
33875
33887
33830
33844
33801
33884
33845
33791
33835
33791
33948
33899
33865
33841
33863
33821
33859
33893
33800
33841
33845
33855
33869
33911
33851
33835
33812
33847
33829
33861
33835
33900
33890
33897
33908
33883
33924
33846
33864
33851
33843
33821
33863
33839
33907
33871
33868
33861
33868
33865
33884
33877
33841
33871
33921
33857
33874
33882
33873
33865
33871
33847
33869
33916
33858
33842
33869
33861
33882
33886
33885
33873
33851
33860
33841
33873
33863
33871
33864
33877
33871
33855
33860
33884
33879
33870
33896
33853
33894
33878
33859
33875
33863
33860
33872
33857
33867
33874
33877
33875
33866
33879
33859
33859
33847
33850
33855
33847
33869
33845
33872
33890
33872
33879
33852
33855
33865
33865
33861
33870
33871
33863
33879
33868
33871
33871
33865
33865
33868
33863
33857
33863
33871
33870
33875
33875
33858
33861
33871
33869
33873
33861
33871
33869
33847
33874
33859
33867
33879
33860
33882
33867
33867
33876
33855
33866
33865
33869
33864
33861
33863
33863
33873
33863
33881
33861
33864
33863
33859
33869
33859
33871
33865
33874
33863
33868
33872
33871
33867
33866
33872
33853
33868
33860
33863
33865
33863
33879
33862
33872
33866
33867
33870
33864
33868
33864
33861
33869
33873
33863
33870
33866
33868
33863
33865
33863
33871
33869
33869
33868
33865
33871
33871
33863
33873
33861
33868
33867
33865
33863
33863
33871
33862
33871
33865
33862
33865
33865
33868
33865
33865
33865
33867
33869
33870
33865
33870
33871
33862
33867
33863
33863
33867
33866
33859
33866
33863
33864
33871
33865
33863
33873
33871
33866
33866
33871
33864
33867
33871
33863
33867
33866
33863
33866
33864
33864
33870
33871
33863
33871
33867
33866
33871
33867
33863
33869
33864
33868
33865
33865
33868
33869
33866
33864
33863
33863
33867
33868
33868
33869
33867
33865
33868
33865
33864
33869
33867
33863
33863
33865
33869
33869
33867
33871
33861
33865
33866
33865
33865
33865
33870
33868
33872
33866
33871
33865
33866
33870
33863
33866
33863
33868
33867
33865
33868
33867
33867
33863
33865
33868
33865
33865
33869
33871
33863
33869
33864
33866
33863
33867
33871
33866
33865
33864
33867
33865
33863
33869
33864
33869
33867
33867
33869
33864
33866
33867
33865
33865
33866
33866
33867
33868
33864
33864
33865
33866
33867
33867
33865
33861
33867
33869
33867
33872
33867
33867
33872
33864
33868
33863
33869
33867
33863
33865
33866
33863
33867
33865
33866
33868
33867
33864
33860
33863
33871
33871
33867
33868
33863
33875
33869
33869
33861
33871
33871
33866
33867
33861
33865
33863
33863
33867
33867
33863
33867
33868
33863
33871
33869
33869
33868
33864
33871
33861
33871
33863
33869
33864
33863
33860
33873
33863
33851
33879
33851
33875
33910
33887
33847
33870
33855
33851
33892
33851
33855
33869
33873
33875
33845
33817
33863
33850
33827
33869
33781
33877
33847
33887
33897
33863
33895
33830
33888
33846
33866
33928
33838
33850
33847
33870
33758
33837
33806
33835
33805
33835
33856
33887
33937
33890
33888
33906
33908
33921
33862
33827
33811
33815
33821
33836
33918
33873
33917
33857
33865
33881
33817
33785
33865
33809
33893
33839
33964
33904
33836
33904
33903
33927
33817
33868
33856
33860
33891
33841
33861
33875
33868
33827
33833
33873
33887
33865
33879
33864
33831
33936
33896
33867
33878
33947
33959
33867
33943
33830
33885
33885
33821
33957
33835
33871
33934
33859
33879
33899
33862
33833
33875
33801
33839
33845
33904
33895
33879
33849
33888
33908
33849
33846
33850
33855
33834
33845
33881
33900
33922
33867
33879
33856
33863
33850
33871
33858
33851
33856
33878
33879
33871
33884
33879
33846
33869
33863
33846
33825
33849
33867
33865
33865
33867
33882
33887
33877
33845
33879
33841
33862
33867
33822
33853
33860
33853
33879
33864
33873
33871
33877
33843
33868
33875
33867
33849
33872
33853
33881
33879
33865
33870
33865
33862
33861
33865
33847
33876
33853
33869
33895
33865
33877
33864
33873
33891
33873
33845
33853
33862
33874
33859
33867
33867
33881
33868
33872
33858
33878
33871
33861
33863
33847
33871
33864
33862
33886
33863
33881
33867
33862
33863
33850
33875
33863
33879
33871
33865
33872
33869
33877
33861
33855
33863
33871
33863
33863
33868
33870
33878
33867
33874
33867
33875
33870
33865
33861
33856
33861
33858
33867
33856
33867
33869
33872
33869
33873
33871
33868
33875
33866
33865
33869
33864
33868
33874
33861
33863
33874
33865
33868
33859
33864
33876
33867
33862
33866
33863
33868
33867
33871
33867
33868
33877
33868
33859
33868
33855
33871
33868
33858
33870
33865
33864
33877
33865
33859
33870
33864
33864
33866
33859
33875
33869
33867
33867
33867
33869
33864
33872
33863
33870
33867
33866
33867
33863
33859
33878
33874
33864
33867
33863
33865
33869
33863
33869
33866
33871
33868
33870
33863
33864
33869
33868
33865
33864
33863
33869
33868
33867
33867
33869
33867
33872
33867
33863
33871
33868
33866
33869
33860
33867
33867
33863
33870
33860
33868
33869
33867
33869
33861
33866
33867
33868
33869
33861
33869
33869
33867
33869
33858
33872
33871
33867
33867
33863
33865
33873
33865
33869
33867
33868
33871
33869
33865
33863
33863
33868
33862
33863
33865
33868
33868
33868
33863
33865
33870
33864
33877
33863
33871
33868
33865
33865
33862
33865
33865
33871
33863
33865
33864
33867
33868
33864
33865
33868
33866
33869
33863
33868
33863
33867
33871
33864
33862
33869
33866
33867
33867
33861
33869
33867
33867
33867
33863
33869
33865
33870
33864
33868
33864
33871
33863
33864
33869
33869
33866
33871
33866
33862
33868
33867
33871
33863
33861
33869
33873
33865
33863
33873
33865
33870
33863
33865
33867
33861
33864
33864
33859
33866
33863
33871
33873
33865
33868
33874
33866
33861
33864
33863
33875
33873
33873
33861
33863
33863
33859
33874
33862
33864
33878
33862
33871
33867
33865
33866
33871
33860
33871
33863
33863
33868
33867
33859
33871
33874
33867
33862
33871
33863
33871
33875
33863
33865
33873
33864
33877
33879
33865
33879
33868
33865
33862
33858
33868
33873
33874
33867
33858
33865
33869
33867
33873
33867
33865
33856
33850
33866
33857
33876
33875
33872
33866
33869
33865
33873
33859
33869
33869
33872
33865
33868
33857
33875
33869
33868
33869
33862
33884
33866
33866
33850
33874
33851
33848
33896
33849
33863
33871
33857
33876
33859
33857
33857
33848
33887
33880
33835
33895
33888
33855
33870
33863
33841
33835
33885
33853
33869
33901
33839
33917
33919
33867
33823
33877
33859
33861
33921
33919
33859
33877
33893
33884
33920
33810
33879
33862
33851
33863
33865
33851
33874
33866
33887
33933
33900
33821
33862
33825
33807
33899
33853
33851
33871
33819
33877
33829
33870
33868
33801
33926
33899
33895
33855
33872
33858
33853
33862
33869
33895
33847
33846
33895
33841
33823
33833
33857
33859
33831
33902
33847
33885
33863
33883
33919
33895
33869
33841
33863
33836
33839
33855
33857
33896
33902
33941
33868
33860
33851
33819
33862
33912
33831
33815
33851
33930
33945
33865
33871
33863
33861
33870
33825
33834
33892
33861
33868
33874
33858
33902
33859
33845
33814
33871
33825
33863
33851
33877
33860
33841
33892
33820
33829
33893
33860
33910
33894
33863
33895
33875
33801
33913
33831
33866
33867
33867
33873
33914
33839
33847
33831
33853
33868
33863
33885
33837
33885
33879
33827
33869
33858
33901
33855
33817
33827
33839
33917
33887
33863
33853
33878
33827
33861
33831
33881
33859
33864
33859
33831
33901
33872
33827
33876
33876
33879
33863
33836
33825
33875
33847
33835
33893
33859
33855
33871
33841
33903
33869
33898
33862
33877
33887
33845
33853
33851
33867
33858
33872
33861
33893
33859
33867
33868
33863
33893
33863
33867
33853
33864
33867
33879
33857
33861
33871
33859
33871
33853
33857
33871
33865
33891
33863
33872
33871
33863
33877
33849
33863
33870
33852
33888
33847
33861
33861
33857
33865
33861
33865
33871
33865
33870
33867
33869
33873
33870
33880
33870
33859
33855
33882
33868
33873
33881
33870
33887
33856
33878
33881
33868
33878
33855
33855
33863
33863
33879
33858
33864
33867
33863
33871
33865
33851
33890
33855
33868
33883
33849
33874
33870
33863
33871
33857
33865
33869
33869
33866
33861
33866
33867
33863
33862
33862
33867
33881
33863
33878
33872
33868
33875
33863
33856
33874
33859
33869
33865
33852
33877
33859
33872
33863
33856
33871
33876
33861
33878
33863
33862
33867
33857
33871
33862
33861
33867
33866
33863
33866
33868
33866
33869
33866
33871
33862
33868
33863
33866
33867
33871
33869
33870
33859
33865
33871
33863
33873
33860
33871
33865
33863
33873
33862
33862
33867
33870
33867
33863
33866
33863
33873
33870
33863
33869
33869
33869
33871
33867
33868
33862
33869
33868
33869
33863
33863
33865
33869
33864
33867
33869
33865
33866
33867
33865
33867
33869
33867
33869
33863
33865
33870
33862
33865
33869
33868
33871
33861
33867
33869
33863
33873
33863
33865
33867
33868
33871
33864
33863
33863
33870
33859
33873
33863
33864
33869
33862
33871
33865
33865
33872
33863
33873
33867
33863
33873
33859
33863
33873
33858
33871
33869
33861
33869
33865
33867
33868
33861
33871
33865
33871
33873
33861
33869
33865
33864
33871
33865
33858
33868
33865
33864
33864
33865
33865
33865
33867
33867
33865
33866
33869
33869
33871
33865
33867
33870
33862
33868
33866
33867
33864
33863
33871
33865
33867
33867
33866
33863
33867
33870
33866
33871
33861
33864
33869
33865
33867
33865
33867
33865
33866
33863
33869
33863
33867
33871
33863
33866
33864
33867
33871
33867
33863
33868
33867
33865
33871
33863
33869
33867
33864
33870
33863
33864
33869
33864
33868
33863
33867
33868
33864
33866
33867
33865
33871
33863
33866
33870
33863
33871
33865
33862
33866
33868
33867
33865
33867
33866
33867
33863
33869
33866
33865
33869
33867
33866
33863
33866
33867
33867
33867
33865
33864
33866
33865
33863
33867
33863
33867
33870
33862
33873
33865
33864
33869
33867
33866
33865
33865
33867
33865
33863
33869
33865
33865
33867
33862
33869
33863
33870
33868
33866
33867
33870
33870
33866
33864
33862
33870
33863
33865
33867
33865
33867
33866
33867
33864
33869
33865
33870
33867
33867
33870
33865
33865
33869
33863
33867
33865
33866
33867
33864
33868
33864
33867
33866
33867
33866
33870
33867
33868
33869
33866
33869
33866
33865
33866
33865
33866
33867
33869
33865
33865
33867
33871
33863
33869
33869
33864
33869
33863
33865
33867
33863
33867
33869
33867
33867
33867
33865
33866
33865
33868
33867
33865
33868
33863
33870
33867
33865
33868
33865
33866
33869
33865
33865
33871
33865
33867
33867
33863
33866
33864
33867
33867
33865
33865
33867
33864
33866
33869
33867
33870
33866
33867
33869
33865
33867
33869
33863
33869
33866
33867
33863
33863
33868
33865
33865
33869
33867
33868
33869
33863
33869
33865
33867
33869
33867
33865
33866
33863
33865
33863
33867
33866
33864
33865
33872
33864
33867
33867
33866
33869
33865
33869
33867
33865
33866
33865
33865
33863
33867
33865
33867
33864
33869
33863
33867
33867
33867
33867
33865
33868
33868
33865
33865
33869
33863
33865
33866
33865
33865
33868
33867
33867
33864
33867
33868
33865
33868
33865
33866
33867
33865
33868
33868
33863
33869
33863
33864
33865
33864
33865
33865
33865
33866
33867
33867
33865
33867
33866
33867
33865
33867
33869
33867
33867
33867
33867
33866
33864
33867
33867
33867
33865
33865
33867
33866
33866
33866
33869
33865
33865
33868
33868
33865
33865
33867
33863
33866
33867
33866
33867
33866
33866
33865
33868
33868
33868
33867
33866
33865
33869
33865
33867
33867
33867
33865
33866
33867
33865
33867
33864
33865
33865
33866
33867
33865
33864
33869
33867
33867
33867
33868
33869
33866
33865
33867
33865
33865
33868
33863
33864
33865
33865
33866
33867
33867
33868
33867
33863
33866
33866
33867
33867
33867
33866
33865
33868
33865
33865
33865
33865
33865
33867
33865
33867
33864
33865
33868
33866
33866
33868
33866
33867
33867
33865
33868
33864
33867
33869
33865
33865
33866
33867
33867
33867
33867
33868
33865
33867
33866
33865
33867
33869
33866
33864
33865
33867
33865
33865
33868
33866
33867
33867
33865
33867
33864
33867
33868
33865
33863
33867
33867
33865
33868
33865
33868
33865
33867
33869
33865
33867
33867
33866
33865
33867
33868
33865
33865
33868
33863
33865
33865
33870
33864
33864
33867
33869
33867
33869
33868
33867
33865
33865
33866
33864
33863
33869
33867
33864
33867
33867
33866
33867
33867
33866
33866
33867
33866
33866
33863
33867
33868
33864
33865
33867
33864
33867
33867
33866
33866
33865
33868
33870
33867
33865
33865
33864
33863
33864
33865
33877
33877
33867
33867
33847
33899
33871
33869
33873
33901
33839
33865
33871
33855
33873
33840
33869
33857
33868
33936
33901
33832
33902
33851
33855
33900
33903
33817
33808
33830
33782
33911
33804
33838
33853
33895
33814
33921
33944
33845
33823
33818
33844
33907
33857
33907
33821
33835
33861
33929
33859
33821
33867
33823
34006
33823
33694
33883
33863
33827
33902
33839
33835
33833
33872
33921
33898
33855
33840
33975
33821
33847
33829
33853
33786
33776
33953
33923
33815
33861
33894
33908
33797
33909
33831
33892
34000
33764
33813
33869
33967
33763
33905
33808
33803
33927
33967
33923
33948
33853
33803
33849
33894
33817
33827
33820
33882
33989
33785
33785
33870
33862
33954
33855
33826
33922
33780
33844
33917
33913
33785
33857
33912
33913
33922
33939
33965
33853
33825
33869
33822
33918
33746
33827
33975
33845
33841
33930
33807
33834
33864
33847
33917
33887
33827
33857
33800
33847
33857
33939
33791
33938
33934
33905
33919
33913
33800
33865
33873
33851
33847
33867
33847
33922
33876
33820
33912
33875
33872
33872
33805
33836
33815
33879
33871
33887
33935
33814
33887
33849
33831
33839
33852
33831
33893
33837
33924
33869
33845
33865
33877
33871
33898
33843
33873
33846
33918
33846
33863
33887
33861
33899
33853
33881
33873
33870
33891
33873
33863
33865
33893
33811
33891
33890
33853
33852
33859
33929
33803
33871
33907
33873
33841
33870
33868
33820
33847
33850
33870
33851
33885
33903
33885
33897
33851
33869
33873
33927
33877
33835
33855
33863
33859
33869
33886
33885
33869
33857
33865
33821
33875
33871
33901
33843
33895
33897
33865
33890
33865
33851
33877
33865
33889
33839
33878
33889
33887
33858
33877
33846
33873
33873
33864
33845
33825
33925
33865
33868
33876
33871
33864
33889
33871
33850
33857
33861
33884
33847
33853
33853
33874
33869
33862
33864
33871
33856
33887
33880
33853
33871
33864
33840
33883
33869
33863
33863
33869
33843
33852
33853
33871
33873
33882
33900
33867
33863
33860
33875
33851
33834
33865
33849
33879
33907
33857
33869
33879
33851
33839
33870
33863
33889
33881
33864
33876
33863
33851
33872
33864
33854
33878
33884
33851
33863
33873
33862
33865
33881
33865
33865
33853
33861
33865
33871
33873
33871
33862
33867
33894
33866
33861
33871
33863
33852
33858
33861
33856
33878
33879
33879
33865
33879
33855
33858
33865
33869
33882
33867
33869
33869
33872
33863
33867
33855
33867
33874
33861
33874
33863
33869
33872
33867
33874
33850
33868
33858
33879
33857
33872
33868
33863
33873
33862
33877
33850
33855
33871
33871
33865
33869
33875
33863
33871
33861
33872
33861
33877
33870
33857
33876
33865
33857
33863
33863
33871
33859
33864
33851
33853
33869
33865
33859
33869
33873
33872
33865
33867
33869
33863
33863
33867
33871
33859
33861
33861
33854
33865
33867
33871
33861
33857
33873
33869
33871
33867
33873
33865
33867
33873
33874
33861
33863
33872
33867
33855
33867
33854
33863
33867
33855
33878
33867
33861
33872
33867
33865
33866
33871
33870
33855
33860
33867
33861
33858
33867
33867
33863
33859
33869
33868
33874
33863
33879
33860
33864
33863
33866
33862
33875
33870
33856
33871
33865
33871
33864
33864
33859
33864
33869
33869
33867
33871
33866
33871
33865
33873
33861
33869
33863
33865
33875
33861
33871
33871
33859
33865
33871
33866
33866
33873
33865
33863
33874
33863
33865
33865
33865
33867
33859
33867
33871
33858
33868
33865
33865
33868
33871
33865
33863
33866
33869
33863
33866
33874
33871
33865
33867
33876
33863
33865
33864
33860
33861
33872
33866
33860
33863
33864
33863
33879
33871
33861
33869
33867
33879
33833
33825
33885
33876
33837
33916
33878
33858
33828
33879
33807
33856
33909
33841
33851
33899
33866
33935
33831
33910
33809
33851
33719
33897
33741
34011
34088
34028
33791
33949
33717
33705
33661
33796
33915
33732
33863
33954
33934
33991
33847
33835
33945
33833
33853
33876
33913
33847
33955
33830
33917
33919
33903
33795
33800
33716
33824
33833
33815
33861
33861
33887
33826
33865
33887
33901
33903
33841
33833
33798
33763
33840
33899
33900
33911
33896
33926
33865
33956
33849
33806
33837
33815
33898
33833
33849
33875
33901
33818
33813
33870
33927
33867
33939
33894
33907
33812
33807
33887
33871
33854
33882
33936
33880
33815
33855
33823
33847
33872
33844
33832
33849
33940
33797
33842
33865
33927
33919
33893
33883
33847
33869
33875
33860
33859
33897
33839
33837
33867
33915
33856
33867
33849
33898
33887
33885
33786
33878
33891
33844
33873
33895
33875
33869
33888
33835
33876
33889
33876
33847
33856
33870
33873
33886
33858
33872
33900
33846
33846
33857
33864
33859
33874
33862
33879
33883
33869
33865
33861
33878
33859
33850
33866
33876
33881
33859
33856
33870
33885
33862
33859
33899
33861
33873
33844
33855
33861
33875
33871
33863
33881
33866
33860
33879
33855
33853
33871
33861
33854
33865
33873
33871
33871
33862
33872
33886
33859
33857
33861
33867
33865
33863
33865
33870
33855
33861
33875
33867
33863
33867
33879
33870
33871
33857
33869
33871
33863
33861
33869
33847
33868
33868
33868
33865
33858
33867
33870
33858
33867
33864
33877
33855
33866
33873
33871
33871
33865
33869
33865
33864
33864
33869
33864
33863
33873
33873
33869
33865
33863
33877
33858
33875
33864
33870
33865
33873
33871
33871
33857
33873
33871
33863
33853
33869
33862
33861
33861
33870
33862
33871
33866
33865
33867
33870
33867
33870
33867
33864
33862
33863
33863
33863
33862
33868
33867
33866
33864
33863
33865
33863
33873
33871
33869
33866
33869
33867
33869
33863
33873
33866
33865
33865
33863
33867
33864
33864
33867
33865
33864
33869
33873
33866
33870
33865
33872
33863
33868
33863
33868
33867
33865
33865
33869
33865
33861
33871
33864
33863
33869
33869
33866
33870
33870
33869
33869
33868
33867
33869
33868
33863
33864
33867
33856
33864
33863
33868
33857
33863
33867
33867
33864
33872
33866
33870
33865
33867
33869
33861
33865
33871
33864
33863
33863
33865
33862
33865
33862
33869
33864
33871
33866
33872
33865
33869
33865
33867
33868
33867
33864
33868
33869
33863
33861
33867
33865
33867
33865
33868
33863
33867
33869
33865
33870
33863
33873
33869
33864
33871
33864
33868
33863
33863
33864
33863
33861
33865
33869
33863
33868
33865
33866
33865
33869
33864
33871
33866
33871
33868
33867
33866
33863
33863
33862
33867
33866
33864
33865
33863
33867
33867
33867
33866
33866
33870
33871
33868
33866
33871
33869
33865
33867
33865
33866
33863
33860
33864
33864
33863
33869
33864
33863
33870
33867
33872
33865
33871
33870
33867
33867
33865
33861
33863
33867
33865
33863
33864
33863
33867
33863
33865
33867
33866
33870
33871
33865
33869
33871
33869
33865
33863
33871
33865
33863
33865
33864
33864
33863
33865
33866
33865
33863
33871
33869
33867
33869
33869
33865
33866
33867
33865
33867
33867
33867
33865
33866
33863
33866
33866
33863
33865
33868
33865
33867
33868
33867
33868
33866
33869
33869
33865
33866
33865
33865
33867
33863
33863
33868
33864
33863
33867
33866
33869
33870
33867
33868
33868
33868
33867
33869
33865
33865
33868
33866
33863
33864
33865
33864
33867
33867
33863
33869
33867
33868
33869
33871
33867
33869
33865
33866
33868
33863
33865
33867
33863
33863
33867
33866
33862
33863
33865
33866
33867
33868
33868
33866
33868
33867
33869
33865
33868
33866
33867
33864
33865
33865
33865
33865
33863
33865
33863
33865
33865
33865
33865
33867
33871
33869
33871
33868
33867
33869
33863
33865
33866
33863
33863
33867
33863
33866
33865
33865
33868
33866
33867
33869
33871
33870
33868
33868
33867
33865
33869
33866
33863
33866
33861
33865
33865
33865
33864
33867
33867
33867
33868
33868
33867
33865
33868
33869
33864
33866
