936 -9.86 14.75 -0.35  ;
2091 -9.86 14.75 -4.9  ;
2201 -4.53 7.0 -4.9  ;
2256 -4.53 6.5 -4.9  ;
3368 -4.53 7.0 -3.39  ;
3427 -4.53 7.0 -4.48  ;
8581 -9.86 15.0 -4.9  ;
8688 -4.53 7.25 -4.9  ;
8847 -4.53 6.75 -4.9  ;
13058 -4.53 7.0 -3.935  ;
13129 -4.53 7.0 -4.69  ;
15037 -9.86 14.75 -0.77  ;
15038 -9.86 14.75 -0.56  ;
15133 -9.86 14.75 -3.39  ;
15134 -9.86 14.75 -2.08  ;
15229 -9.86 14.75 -4.48  ;
15231 -9.86 15.0 -4.48  ;
15406 -4.53 7.25 -3.39  ;
15453 -4.53 6.5 -3.39  ;
15454 -4.53 6.5 -2.08  ;
15455 -4.53 6.75 -3.39  ;
15502 -4.53 7.25 -4.48  ;
15549 -4.53 6.5 -4.48  ;
15550 -4.53 6.5 -3.935  ;
15551 -4.53 6.75 -4.48  ;
15613 -4.53 6.5 -4.69  ;
15230 -9.86 14.75 -3.935  ;
15293 -9.86 14.75 -4.69  ;
