40 48 1.0
39 48 1.0
38 12 0.25
37 5 0.09615384615384616
36 48 1.0
35 48 1.0
34 48 1.0
33 48 1.0
32 526 0.39166046165301566
31 1201 0.4474664679582712
30 679 0.506338553318419
29 507 0.5671140939597316
28 842 0.627889634601044
27 610 0.6815642458100558
26 1833 0.6824274013402829
60 155 0.5698529411764706
59 289 1.0
58 74 0.24183006535947713
57 272 1.0
56 238 1.0
55 118 0.4957983193277311
54 1101 0.20773584905660378
53 4634 0.8743396226415094
51 11510 0.5383032457206997
50 17246 0.8061138637001029
47 5315 0.864508783344177
