4 -9.86 15.25 0.0  ;
13 -4.0 15.25 0.0  ;
22 1.87 15.25 0.0  ;
30 2.4 23.5 0.0  ;
664 2.4 24.0 -0.35  ;
718 -3.46 23.5 -0.35  ;
719 2.4 23.5 -0.35  ;
774 2.4 23.0 -0.35  ;
826 -9.86 15.75 -0.35  ;
827 -4.0 15.75 -0.35  ;
828 1.87 15.75 -0.35  ;
881 -9.86 15.25 -0.35  ;
882 -4.0 15.25 -0.35  ;
883 1.87 15.25 -0.35  ;
936 -9.86 14.75 -0.35  ;
938 1.87 14.75 -0.35  ;
1818 -3.46 24.0 -4.9  ;
1873 -3.46 23.5 -4.9  ;
1928 -3.46 23.0 -4.9  ;
1981 -9.86 15.75 -4.9  ;
1982 -4.0 15.75 -4.9  ;
1983 1.87 15.75 -4.9  ;
2037 -4.0 15.25 -4.9  ;
2038 1.87 15.25 -4.9  ;
2091 -9.86 14.75 -4.9  ;
2092 -4.0 14.75 -4.9  ;
2978 2.4 23.5 -0.77  ;
3032 -3.46 23.5 -3.39  ;
3033 2.4 23.5 -3.39  ;
3144 -9.86 15.25 -0.77  ;
3145 -4.0 15.25 -0.77  ;
3146 1.87 15.25 -0.77  ;
3199 -9.86 15.25 -3.39  ;
3200 -4.0 15.25 -3.39  ;
3201 1.87 15.25 -3.39  ;
3258 -9.86 15.25 -4.48  ;
3259 -4.0 15.25 -4.48  ;
3260 1.87 15.25 -4.48  ;
4438 2.4 27.13 -2.41  ;
4582 2.4 27.13 -2.85  ;
4798 2.4 26.604 -2.172  ;
4799 2.4 26.078 -1.934  ;
4800 2.4 25.552 -1.696  ;
5086 2.4 26.604 -3.086  ;
6990 -6.93 15.25 0.0  ;
6991 -6.665 19.375 0.0  ;
6992 -7.195 11.125 0.0  ;
7012 -1.065 15.25 0.0  ;
7027 -0.53 23.5 0.0  ;
8163 -0.53 23.5 -4.9  ;
8165 -0.53 24.0 -4.9  ;
8318 -6.395 23.0 -4.9  ;
8319 -3.46 23.25 -4.9  ;
8422 -9.86 15.5 -4.9  ;
8423 -6.93 15.25 -4.9  ;
8424 -4.0 15.5 -4.9  ;
8425 -6.93 15.75 -4.9  ;
8426 -1.065 15.25 -4.9  ;
8427 1.87 15.5 -4.9  ;
8581 -9.86 15.0 -4.9  ;
8582 -6.93 14.75 -4.9  ;
8583 -4.0 15.0 -4.9  ;
8584 -1.065 14.75 -4.9  ;
8585 1.87 15.0 -4.9  ;
10048 -3.46 23.75 -0.35  ;
10050 -0.53 23.5 -0.35  ;
10052 -0.53 24.0 -0.35  ;
10206 -3.46 23.25 -0.35  ;
10207 -0.53 23.0 -0.35  ;
10208 2.4 23.25 -0.35  ;
10309 -9.86 15.5 -0.35  ;
10311 -4.0 15.5 -0.35  ;
10312 -6.93 15.75 -0.35  ;
10313 -1.065 15.25 -0.35  ;
10314 1.87 15.5 -0.35  ;
10315 -1.065 15.75 -0.35  ;
10469 -6.93 14.75 -0.35  ;
10470 -4.0 15.0 -0.35  ;
10471 -1.065 14.75 -0.35  ;
10472 1.87 15.0 -0.35  ;
12048 -3.46 23.5 -0.56  ;
12049 -0.53 23.5 -0.77  ;
12050 2.4 23.5 -0.56  ;
12155 -3.46 23.5 -2.08  ;
12156 -0.53 23.5 -3.39  ;
12157 2.4 23.5 -2.08  ;
12301 -3.46 23.5 -3.935  ;
12304 -0.53 23.5 -4.48  ;
12371 -3.46 23.5 -4.69  ;
12424 -9.86 15.25 -0.56  ;
12425 -6.93 15.25 -0.77  ;
12427 -1.065 15.25 -0.77  ;
12428 1.87 15.25 -0.56  ;
12531 -9.86 15.25 -2.08  ;
12532 -6.93 15.25 -3.39  ;
12534 -1.065 15.25 -3.39  ;
12535 1.87 15.25 -2.08  ;
12679 -4.0 15.25 -3.935  ;
12680 -6.93 15.25 -4.48  ;
12681 1.87 15.25 -3.935  ;
12682 -1.065 15.25 -4.48  ;
12749 -9.86 15.25 -4.69  ;
12750 -4.0 15.25 -4.69  ;
12751 1.87 15.25 -4.69  ;
14672 2.4 24.0 -0.77  ;
14673 2.4 23.75 -0.77  ;
14768 2.4 24.0 -3.39  ;
14770 2.4 24.0 -2.08  ;
14989 -9.86 15.75 -0.77  ;
14991 -9.86 15.75 -0.56  ;
15037 -9.86 14.75 -0.77  ;
15038 -9.86 14.75 -0.56  ;
15039 -9.86 15.0 -0.77  ;
15086 -9.86 15.5 -3.39  ;
15087 -9.86 15.75 -2.08  ;
15133 -9.86 14.75 -3.39  ;
15134 -9.86 14.75 -2.08  ;
15181 -9.86 15.75 -4.48  ;
15182 -9.86 15.5 -4.48  ;
15183 -9.86 15.75 -3.935  ;
15229 -9.86 14.75 -4.48  ;
15231 -9.86 15.0 -4.48  ;
15277 -9.86 15.75 -4.69  ;
21 -3.46 23.5 0.0  ;
773 -3.46 23.0 -0.35  ;
937 -4.0 14.75 -0.35  ;
2036 -9.86 15.25 -4.9  ;
2093 1.87 14.75 -4.9  ;
2977 -3.46 23.5 -0.77  ;
3091 -3.46 23.5 -4.48  ;
4367 2.4 27.63 -2.63  ;
4474 2.4 24.5 -1.22  ;
4801 2.4 25.026 -1.458  ;
7013 -0.795 19.375 0.0  ;
8161 -3.46 23.75 -4.9  ;
8320 -0.53 23.0 -4.9  ;
8428 -1.065 15.75 -4.9  ;
10051 2.4 23.75 -0.35  ;
10310 -6.93 15.25 -0.35  ;
10468 -9.86 15.0 -0.35  ;
12426 -4.0 15.25 -0.56  ;
12533 -4.0 15.25 -2.08  ;
12678 -9.86 15.25 -3.935  ;
14674 2.4 24.0 -0.56  ;
14769 2.4 23.75 -3.39  ;
14990 -9.86 15.5 -0.77  ;
15085 -9.86 15.75 -3.39  ;
15135 -9.86 15.0 -3.39  ;
15230 -9.86 14.75 -3.935  ;
15293 -9.86 14.75 -4.69  ;
