7 6.14 -9.5 0.0  ;
1157 6.67 -0.75 -0.35  ;
1212 6.67 -1.25 -0.35  ;
1267 6.67 -1.75 -0.35  ;
1376 6.14 -9.5 -0.35  ;
1431 6.14 -10.0 -0.35  ;
2476 6.14 -9.0 -4.9  ;
2531 6.14 -9.5 -4.9  ;
3483 6.67 -1.25 -0.77  ;
3538 6.67 -1.25 -3.39  ;
3597 6.67 -1.25 -4.48  ;
3651 6.14 -9.5 -0.77  ;
3706 6.14 -9.5 -3.39  ;
3765 6.14 -9.5 -4.48  ;
6998 3.475 -5.375 0.0  ;
8955 3.74 -1.25 -4.9  ;
9114 3.74 -1.75 -4.9  ;
9220 6.14 -9.25 -4.9  ;
9379 6.14 -9.75 -4.9  ;
10843 6.67 -1.0 -0.35  ;
11002 6.67 -1.5 -0.35  ;
11107 6.14 -9.25 -0.35  ;
11266 6.14 -9.75 -0.35  ;
13186 6.67 -1.25 -0.56  ;
13293 6.67 -1.25 -2.08  ;
13439 6.67 -1.25 -3.935  ;
13440 3.74 -1.25 -4.48  ;
13510 6.67 -1.25 -4.69  ;
13564 6.14 -9.5 -0.56  ;
13671 6.14 -9.5 -2.08  ;
13818 6.14 -9.5 -3.935  ;
13889 6.14 -9.5 -4.69  ;
15949 6.14 -9.0 -0.77  ;
15951 6.14 -9.0 -0.56  ;
15997 6.14 -10.0 -0.77  ;
15998 6.14 -10.0 -0.56  ;
15999 6.14 -9.75 -0.77  ;
16046 6.14 -9.25 -3.39  ;
16047 6.14 -9.0 -2.08  ;
16093 6.14 -10.0 -3.39  ;
16094 6.14 -10.0 -2.08  ;
16141 6.14 -9.0 -4.48  ;
16142 6.14 -9.25 -4.48  ;
16143 6.14 -9.0 -3.935  ;
16189 6.14 -10.0 -4.48  ;
16191 6.14 -9.75 -4.48  ;
16237 6.14 -9.0 -4.69  ;
15 6.67 -1.25 0.0  ;
1321 6.14 -9.0 -0.35  ;
2586 6.14 -10.0 -4.9  ;
15950 6.14 -9.25 -0.77  ;
16045 6.14 -9.0 -3.39  ;
16095 6.14 -9.75 -3.39  ;
16190 6.14 -10.0 -3.935  ;
16253 6.14 -10.0 -4.69  ;
