5 -4.53 7.0 0.0  ;
14 1.33 7.0 0.0  ;
991 -4.53 7.5 -0.35  ;
992 1.33 7.5 -0.35  ;
1046 -4.53 7.0 -0.35  ;
1047 1.33 7.0 -0.35  ;
1102 1.33 6.5 -0.35  ;
2092 -4.0 14.75 -4.9  ;
2146 -4.53 7.5 -4.9  ;
2201 -4.53 7.0 -4.9  ;
2256 -4.53 6.5 -4.9  ;
3313 -4.53 7.0 -0.77  ;
3314 1.33 7.0 -0.77  ;
3368 -4.53 7.0 -3.39  ;
3427 -4.53 7.0 -4.48  ;
6992 -7.195 11.125 0.0  ;
6993 -1.6 7.0 0.0  ;
6995 -1.86 2.875 0.0  ;
7012 -1.065 15.25 0.0  ;
8426 -1.065 15.25 -4.9  ;
8583 -4.0 15.0 -4.9  ;
8584 -1.065 14.75 -4.9  ;
8688 -4.53 7.25 -4.9  ;
8689 -1.6 7.0 -4.9  ;
8691 -1.6 7.5 -4.9  ;
8847 -4.53 6.75 -4.9  ;
8848 -1.6 6.5 -4.9  ;
10313 -1.065 15.25 -0.35  ;
10315 -1.065 15.75 -0.35  ;
10471 -1.065 14.75 -0.35  ;
10576 -1.6 7.0 -0.35  ;
10577 1.33 7.25 -0.35  ;
10578 -1.6 7.5 -0.35  ;
10734 -4.53 6.75 -0.35  ;
10735 -1.6 6.5 -0.35  ;
10736 1.33 6.75 -0.35  ;
12427 -1.065 15.25 -0.77  ;
12534 -1.065 15.25 -3.39  ;
12682 -1.065 15.25 -4.48  ;
12804 -4.53 7.0 -0.56  ;
12806 1.33 7.0 -0.56  ;
12911 -4.53 7.0 -2.08  ;
12913 1.33 7.0 -2.08  ;
13058 -4.53 7.0 -3.935  ;
13060 -1.6 7.0 -4.48  ;
13129 -4.53 7.0 -4.69  ;
15309 -4.53 7.5 -0.77  ;
15310 -4.53 7.25 -0.77  ;
15311 -4.53 7.5 -0.56  ;
15357 -4.53 6.5 -0.77  ;
15358 -4.53 6.5 -0.56  ;
15359 -4.53 6.75 -0.77  ;
15405 -4.53 7.5 -3.39  ;
15406 -4.53 7.25 -3.39  ;
15453 -4.53 6.5 -3.39  ;
15454 -4.53 6.5 -2.08  ;
15455 -4.53 6.75 -3.39  ;
15502 -4.53 7.25 -4.48  ;
15503 -4.53 7.5 -3.935  ;
15549 -4.53 6.5 -4.48  ;
15550 -4.53 6.5 -3.935  ;
15551 -4.53 6.75 -4.48  ;
15597 -4.53 7.5 -4.69  ;
15613 -4.53 6.5 -4.69  ;
1101 -4.53 6.5 -0.35  ;
6994 -1.335 11.125 0.0  ;
8428 -1.065 15.75 -4.9  ;
10575 -4.53 7.25 -0.35  ;
12805 -1.6 7.0 -0.77  ;
12912 -1.6 7.0 -3.39  ;
15407 -4.53 7.5 -2.08  ;
15501 -4.53 7.5 -4.48  ;
