7 6.14 -9.5 0.0  ;
1376 6.14 -9.5 -0.35  ;
1431 6.14 -10.0 -0.35  ;
3651 6.14 -9.5 -0.77  ;
6998 3.475 -5.375 0.0  ;
8955 3.74 -1.25 -4.9  ;
8957 3.74 -0.75 -4.9  ;
9114 3.74 -1.75 -4.9  ;
10842 3.74 -1.25 -0.35  ;
11001 3.74 -1.75 -0.35  ;
11107 6.14 -9.25 -0.35  ;
11266 6.14 -9.75 -0.35  ;
13185 3.74 -1.25 -0.77  ;
13292 3.74 -1.25 -3.39  ;
13440 3.74 -1.25 -4.48  ;
13564 6.14 -9.5 -0.56  ;
13671 6.14 -9.5 -2.08  ;
15949 6.14 -9.0 -0.77  ;
15951 6.14 -9.0 -0.56  ;
15997 6.14 -10.0 -0.77  ;
15998 6.14 -10.0 -0.56  ;
15999 6.14 -9.75 -0.77  ;
16047 6.14 -9.0 -2.08  ;
16094 6.14 -10.0 -2.08  ;
1321 6.14 -9.0 -0.35  ;
15950 6.14 -9.25 -0.77  ;
