2366 0.81 -1.25 -4.9  ;
2531 6.14 -9.5 -4.9  ;
3537 0.81 -1.25 -3.39  ;
3765 6.14 -9.5 -4.48  ;
8954 0.81 -1.0 -4.9  ;
9113 0.81 -1.5 -4.9  ;
9379 6.14 -9.75 -4.9  ;
13438 0.81 -1.25 -3.935  ;
13509 0.81 -1.25 -4.69  ;
13889 6.14 -9.5 -4.69  ;
15726 0.81 -1.0 -3.39  ;
15774 0.81 -1.75 -2.08  ;
15775 0.81 -1.5 -3.39  ;
15822 0.81 -1.0 -4.48  ;
15869 0.81 -1.75 -4.48  ;
15870 0.81 -1.75 -3.935  ;
15871 0.81 -1.5 -4.48  ;
15933 0.81 -1.75 -4.69  ;
16093 6.14 -10.0 -3.39  ;
16189 6.14 -10.0 -4.48  ;
16191 6.14 -9.75 -4.48  ;
2421 0.81 -1.75 -4.9  ;
2586 6.14 -10.0 -4.9  ;
3596 0.81 -1.25 -4.48  ;
15773 0.81 -1.75 -3.39  ;
16095 6.14 -9.75 -3.39  ;
16190 6.14 -10.0 -3.935  ;
16253 6.14 -10.0 -4.69  ;
